0.000000000000000000e+00 0.000000000000000000e+00 -6.698719970833031670e-20 -5.642381690301686018e-20 3.035954118370339308e-02 1.689649507904342554e-02 1.689649507904343248e-02 5.171750700729369626e-02
4.761904761904761640e-02 0.000000000000000000e+00 -5.191958711940812733e-18 -4.927278276765911382e-20 1.048134009981145469e-02 8.524720088319535233e-03 8.524720088319568193e-03 2.009089791435681935e-02
9.523809523809523281e-02 0.000000000000000000e+00 -4.117399366494746661e-20 -2.784654664239607407e-20 1.001509714830165799e-02 6.447361013540753132e-03 6.447361013540750529e-03 1.886853010710915629e-02
1.428571428571428492e-01 0.000000000000000000e+00 -3.997202373785266244e-20 -3.312722439892990348e-20 9.911363328656736665e-03 5.347951977428926952e-03 5.347951977428931289e-03 1.834194637954188536e-02
1.904761904761904656e-01 0.000000000000000000e+00 -2.741116354215411679e-20 -2.420530286637645002e-20 9.983258245315691434e-03 4.527265374679151355e-03 4.527265374679150488e-03 1.854258810389327120e-02
2.380952380952380820e-01 0.000000000000000000e+00 -2.743266290665656003e-20 -3.268469075921321641e-20 1.011691474672866096e-02 3.753244640731890919e-03 3.753244640731891787e-03 1.878399294535227151e-02
2.857142857142856984e-01 0.000000000000000000e+00 -1.886939627381476821e-20 -2.450880533520662245e-20 1.026884243013242645e-02 3.034113177750925698e-03 3.034113177750926132e-03 1.907125478773639971e-02
3.333333333333333148e-01 0.000000000000000000e+00 -1.819554000731340889e-20 -2.455523763537298973e-20 1.040166932807180637e-02 2.328042879466196268e-03 2.328042879466196268e-03 1.934922262581818472e-02
3.809523809523809312e-01 0.000000000000000000e+00 -1.144640908676690023e-20 -2.509827511347296705e-20 1.052055538524183410e-02 1.650483089393714334e-03 1.650483089393714334e-03 1.954112842652485152e-02
4.285714285714285476e-01 0.000000000000000000e+00 -6.149034584168382003e-21 -3.956699328461325021e-20 1.058924395138674361e-02 9.811627321185847732e-04 9.811627321185847732e-04 1.970808110681852160e-02
4.761904761904761640e-01 0.000000000000000000e+00 -4.524677672818984432e-21 -2.547229417869453162e-20 1.063753274286775852e-02 3.243532540571460784e-04 3.243532540571461326e-04 1.975904122426357101e-02
5.238095238095238360e-01 0.000000000000000000e+00 -3.949030528961586650e-21 -2.547864103449713022e-20 1.062828057354701233e-02 -3.307493845672187008e-04 -3.307493845672187008e-04 1.978201617422175457e-02
5.714285714285713969e-01 0.000000000000000000e+00 2.209609692262434843e-21 -2.553672087684263259e-20 1.059798405671174421e-02 -9.904565022028162437e-04 -9.904565022028164606e-04 1.968540170708749440e-02
6.190476190476190688e-01 0.000000000000000000e+00 2.773145648372985827e-21 -2.551433778097205912e-20 1.051219935258292451e-02 -1.655673378228954100e-03 -1.655673378228954100e-03 1.956164366424108930e-02
6.666666666666666297e-01 0.000000000000000000e+00 1.207504724166582705e-20 -2.504975164524064385e-20 1.040801609520587180e-02 -2.342303267175964085e-03 -2.342303267175963651e-03 1.933124072786191264e-02
7.142857142857143016e-01 0.000000000000000000e+00 1.974630772232999023e-20 -3.320859297844352146e-20 1.026422605987930073e-02 -3.039996501479833024e-03 -3.039996501479833024e-03 1.908117826769070019e-02
7.619047619047618625e-01 0.000000000000000000e+00 1.633698298154051348e-20 -2.476522069846500124e-20 1.011692515269986201e-02 -3.777302217074501780e-03 -3.777302217074501780e-03 1.878777326803926853e-02
8.095238095238095344e-01 0.000000000000000000e+00 3.034501415295650369e-20 -3.255993071862542103e-20 9.984975475617111768e-03 -4.529031049218274624e-03 -4.529031049218274624e-03 1.850809804088783886e-02
8.571428571428570953e-01 0.000000000000000000e+00 2.454744634501958990e-20 -2.432528599955424269e-20 9.915857637694003648e-03 -5.379354233899291682e-03 -5.379354233899291682e-03 1.845646533693761845e-02
9.047619047619047672e-01 0.000000000000000000e+00 4.428023310581469222e-20 -3.388575367927046261e-20 9.869882499048887245e-03 -6.195997762916564087e-03 -6.195997762916564087e-03 1.851385624767717258e-02
9.523809523809523281e-01 0.000000000000000000e+00 3.474035144310848097e-20 -2.631842206564459604e-20 1.042231891476433706e-02 -8.302783047010337675e-03 -8.302783047010337675e-03 2.296208128975844864e-02
1.000000000000000000e+00 0.000000000000000000e+00 3.197351490230209351e-20 -2.114894543631907860e-20 1.381587618930482826e-02 -1.237057229987862349e-02 -1.237057229987862349e-02 4.173918234306741443e-02
0.000000000000000000e+00 4.761904761904761640e-02 1.519735022833333671e-03 1.336074295887573586e-03 -2.514840667549579807e-03 7.274925901232606349e-04 7.274925901232625865e-04 2.415583068346795551e-02
4.761904761904761640e-02 4.761904761904761640e-02 1.065864901679301670e-03 7.507706966492880577e-04 4.098914255515194449e-03 6.521557833915142544e-03 6.521557833915143411e-03 2.177132100912099535e-02
9.523809523809523281e-02 4.761904761904761640e-02 8.291954022620147326e-04 6.259117735998755020e-04 6.552422495039588769e-03 6.217808223312410246e-03 6.217808223312411980e-03 2.000040480255737760e-02
1.428571428571428492e-01 4.761904761904761640e-02 6.831825905868187674e-04 5.953948381574598447e-04 7.381602167272039230e-03 5.174813974749024013e-03 5.174813974748962431e-03 1.945887159919412746e-02
1.904761904761904656e-01 4.761904761904761640e-02 5.676691151187535350e-04 5.903405703927661844e-04 7.879065710167450221e-03 4.326825904473232710e-03 4.326825904473230976e-03 1.933894031830288643e-02
2.380952380952380820e-01 4.761904761904761640e-02 4.670948579159730552e-04 5.944461662703619470e-04 8.223146253435537067e-03 3.549836067843451133e-03 3.549836067843446796e-03 1.953958025150781888e-02
2.857142857142856984e-01 4.761904761904761640e-02 3.743090199167292058e-04 6.008383531534588649e-04 8.485646381188779661e-03 2.843307235724845238e-03 2.843307235724846973e-03 1.978581815879406486e-02
3.333333333333333148e-01 4.761904761904761640e-02 2.866107068995109005e-04 6.071790217744224430e-04 8.730984845036843245e-03 2.172379119156803238e-03 2.172379119156803238e-03 2.000982910200319043e-02
3.809523809523809312e-01 4.761904761904761640e-02 2.022960139443727044e-04 6.124513239467842957e-04 8.871597486825246945e-03 1.532825378535981669e-03 1.532825378535981452e-03 2.021383854289453968e-02
4.285714285714285476e-01 4.761904761904761640e-02 1.203180707123430946e-04 6.160519958871084030e-04 9.016261066843426000e-03 9.104290602921113985e-04 9.104290602921113985e-04 2.032996111841901821e-02
4.761904761904761640e-01 4.761904761904761640e-02 3.966865045565261743e-05 6.179576472971631687e-04 9.041099829907389696e-03 3.003179787879597853e-04 3.003179787879597853e-04 2.041335199664249395e-02
5.238095238095238360e-01 4.761904761904761640e-02 -4.054478335245349796e-05 6.179180815616105082e-04 9.073145625162299874e-03 -3.065683334423014491e-04 -3.065683334423129958e-04 2.039693056821609632e-02
5.714285714285713969e-01 4.761904761904761640e-02 -1.212311273856986880e-04 6.161209492452847554e-04 8.982774153974564663e-03 -9.177774248144174134e-04 -9.177774248144182807e-04 2.034648500926701173e-02
6.190476190476190688e-01 4.761904761904761640e-02 -2.033401269488230236e-04 6.124545557589581831e-04 8.898708337555051584e-03 -1.539332277918704353e-03 -1.539332277918704570e-03 2.019951443412819000e-02
6.666666666666666297e-01 4.761904761904761640e-02 -2.877988649334107260e-04 6.072866352189523753e-04 8.699702001264984774e-03 -2.182524300342192011e-03 -2.182524300342192011e-03 2.002377781763083758e-02
7.142857142857143016e-01 4.761904761904761640e-02 -3.758356076481847896e-04 6.009535664160314729e-04 8.498163237981554152e-03 -2.851484213536118091e-03 -2.851484213536118091e-03 1.978086186912390507e-02
7.619047619047618625e-01 4.761904761904761640e-02 -4.689818381472901122e-04 5.945888290757850823e-04 8.202988012186222117e-03 -3.566657931603595035e-03 -3.566657931603595903e-03 1.953884918013290561e-02
8.095238095238095344e-01 4.761904761904761640e-02 -5.704351585568221816e-04 5.908407158503904948e-04 7.853578922321673844e-03 -4.334734039137869838e-03 -4.334734039137870705e-03 1.937714158724255717e-02
8.571428571428570953e-01 4.761904761904761640e-02 -6.862350400919510181e-04 5.951450245376894207e-04 7.394023680029023979e-03 -5.207762854366916952e-03 -5.207762854366916952e-03 1.938720307286429315e-02
9.047619047619047672e-01 4.761904761904761640e-02 -8.384187110407792694e-04 6.277600734429229605e-04 6.385990458252476139e-03 -6.154693221230115099e-03 -6.154693221230115099e-03 2.042897582408154805e-02
9.523809523809523281e-01 4.761904761904761640e-02 -1.083969862408635772e-03 7.572786521180715743e-04 3.503633149242531015e-03 -6.400906026384550404e-03 -6.400906026384550404e-03 2.237156022067335326e-02
1.000000000000000000e+00 4.761904761904761640e-02 -1.517271592146468085e-03 1.333551519747575584e-03 1.203586279520892820e-04 6.140335150241106469e-04 6.140335150241128153e-04 1.873729436244559593e-02
0.000000000000000000e+00 9.523809523809523281e-02 2.358359992399023611e-03 2.115978009519744497e-03 -4.894860974157528959e-04 -1.999909433743411161e-04 -1.999909433743396795e-04 1.657120913274136298e-02
4.761904761904761640e-02 9.523809523809523281e-02 1.951688065844816179e-03 1.589201930233249743e-03 1.005541428985781346e-03 3.173163855517670707e-03 3.173163855517676778e-03 2.073773022542660383e-02
9.523809523809523281e-02 9.523809523809523281e-02 1.593579499271058006e-03 1.364198464335658525e-03 3.524058186715048422e-03 4.386670458091632835e-03 4.386670458091625029e-03 2.024732621386383935e-02
1.428571428571428492e-01 9.523809523809523281e-02 1.316000528507501113e-03 1.284211161169707734e-03 4.782389652232424924e-03 4.260866294640666338e-03 4.260866294640663736e-03 2.004365266978191257e-02
1.904761904761904656e-01 9.523809523809523281e-02 1.089188476073300839e-03 1.261390389099506775e-03 5.794339026349286381e-03 3.748508511990161860e-03 3.748508511990161860e-03 2.007337999197999351e-02
2.380952380952380820e-01 9.523809523809523281e-02 8.913873884850291888e-04 1.261151839875370275e-03 6.369946587160449196e-03 3.137071512720209128e-03 3.137071512720217368e-03 2.022149132647955289e-02
2.857142857142856984e-01 9.523809523809523281e-02 7.115211875727165888e-04 1.268713948492920796e-03 6.861555267339827444e-03 2.525743124150412605e-03 2.525743124150417809e-03 2.042785446080987513e-02
3.333333333333333148e-01 9.523809523809523281e-02 5.431725444859092367e-04 1.277891291975974831e-03 7.161178269874584300e-03 1.932925219373754239e-03 1.932925219373754673e-03 2.064374229498473420e-02
3.809523809523809312e-01 9.523809523809523281e-02 3.826643620035092078e-04 1.285942750779853205e-03 7.439945348178109499e-03 1.362580132115767065e-03 1.362580132115763379e-03 2.079617063132562643e-02
4.285714285714285476e-01 9.523809523809523281e-02 2.273067505109222712e-04 1.291708654866023957e-03 7.562468002213576686e-03 8.091792255005726816e-04 8.091792255005724648e-04 2.092953133563035112e-02
4.761904761904761640e-01 9.523809523809523281e-02 7.490648139955713013e-05 1.294684187817118567e-03 7.676962144675389572e-03 2.669017393139209537e-04 2.669017393139209537e-04 2.097174598247790803e-02
5.238095238095238360e-01 9.523809523809523281e-02 -7.655231222747328149e-05 1.294719950068848411e-03 7.639779639029317497e-03 -2.718311807929158961e-04 -2.718311807929158961e-04 2.098949990765177145e-02
5.714285714285713969e-01 9.523809523809523281e-02 -2.290399573534959037e-04 1.291802055468839472e-03 7.595885381094208411e-03 -8.144276664308538072e-04 -8.144276664308532651e-04 2.091310351076294816e-02
6.190476190476190688e-01 9.523809523809523281e-02 -3.845815023392882182e-04 1.286129991285340493e-03 7.398701845846403918e-03 -1.367747979394025619e-03 -1.367747979394025619e-03 2.081380386413847483e-02
6.666666666666666297e-01 9.523809523809523281e-02 -5.454092252723982378e-04 1.278186639363754380e-03 7.189306701546627557e-03 -1.939034245367553819e-03 -1.939034245367553169e-03 2.063205180550803375e-02
7.142857142857143016e-01 9.523809523809523281e-02 -7.142090730065630807e-04 1.269193220908074876e-03 6.812062339466801696e-03 -2.531342071425006762e-03 -2.531342071425006762e-03 2.044071127674999475e-02
7.619047619047618625e-01 9.523809523809523281e-02 -8.948963795065582915e-04 1.261891648494183277e-03 6.392746073952135580e-03 -3.144495339800473972e-03 -3.144495339800473972e-03 2.022798152032832808e-02
8.095238095238095344e-01 9.523809523809523281e-02 -1.093627482436462968e-03 1.262661019238371521e-03 5.705193751998596970e-03 -3.749097095592238398e-03 -3.749097095592238398e-03 2.006501234220787327e-02
8.571428571428570953e-01 9.523809523809523281e-02 -1.322843373025537738e-03 1.286151368472906184e-03 4.845598093640754445e-03 -4.263496993565577334e-03 -4.263496993565579936e-03 2.008654139286467424e-02
9.047619047619047672e-01 9.523809523809523281e-02 -1.604151884183389106e-03 1.369181040046849431e-03 3.114641235414062834e-03 -4.319301004206207648e-03 -4.319301004206207648e-03 2.025072307255010653e-02
9.523809523809523281e-01 9.523809523809523281e-02 -1.962398008179178435e-03 1.597452067684082154e-03 1.478960179115828373e-03 -3.129722987494396296e-03 -3.129722987494396730e-03 1.988535357831418965e-02
1.000000000000000000e+00 9.523809523809523281e-02 -2.378724701250941025e-03 2.128026340408044077e-03 -9.228523490643989607e-04 5.451327264279794398e-04 5.451327264279963534e-04 1.656767131744304664e-02
0.000000000000000000e+00 1.428571428571428492e-01 2.942051026148639458e-03 2.771137026377758390e-03 -2.381680303267996659e-04 -8.963828798281440536e-05 -8.963828798281306366e-05 1.515866105715376645e-02
4.761904761904761640e-02 1.428571428571428492e-01 2.569153303837840539e-03 2.372541969763702647e-03 4.530488530434009483e-04 1.506280938294025842e-03 1.506280938294079401e-03 1.815415273161545551e-02
9.523809523809523281e-02 1.428571428571428492e-01 2.185505824021057465e-03 2.143328844848675294e-03 1.631093882538047109e-03 2.704015651910765539e-03 2.704015651910763370e-03 1.978185268915897896e-02
1.428571428571428492e-01 1.428571428571428492e-01 1.837026491248670282e-03 2.038460890744474893e-03 3.084024910491936500e-03 3.058654158768554353e-03 3.058654158768552619e-03 2.017197499781840306e-02
1.904761904761904656e-01 1.428571428571428492e-01 1.528879666170444027e-03 1.999406914570591148e-03 4.009643836270801974e-03 2.899279580101595932e-03 2.899279580101595932e-03 2.050686773555520162e-02
2.380952380952380820e-01 1.428571428571428492e-01 1.252281787155486246e-03 1.991357155852378769e-03 4.868791282202011676e-03 2.527787794207309383e-03 2.527787794207309383e-03 2.073613589355373724e-02
2.857142857142856984e-01 1.428571428571428492e-01 9.985721795598744358e-04 1.996134326072045769e-03 5.399263361168149707e-03 2.072945909048767767e-03 2.072945909048768635e-03 2.097807814702241577e-02
3.333333333333333148e-01 1.428571428571428492e-01 7.613876188856887701e-04 2.004832283194370960e-03 5.886361972528023935e-03 1.601852400493375839e-03 1.601852400493375839e-03 2.115694307889544323e-02
3.809523809523809312e-01 1.428571428571428492e-01 5.358089182918509023e-04 2.013295005164269635e-03 6.154588780002561571e-03 1.133563275854632948e-03 1.133563275854632948e-03 2.132708065134781075e-02
4.285714285714285476e-01 1.428571428571428492e-01 3.180527105227972653e-04 2.019591237965921975e-03 6.399964800135263775e-03 6.747586453801349875e-04 6.747586453801349875e-04 2.141471351890029268e-02
4.761904761904761640e-01 1.428571428571428492e-01 1.047866719597073687e-04 2.022927648956888112e-03 6.457653083666913506e-03 2.230310546693834405e-04 2.230310546693832778e-04 2.148530367368622906e-02
5.238095238095238360e-01 1.428571428571428492e-01 -1.070356692272262283e-04 2.022985694039269346e-03 6.497853849456792716e-03 -2.259563951229822689e-04 -2.259563951229823773e-04 2.146812890052289882e-02
5.714285714285713969e-01 1.428571428571428492e-01 -3.204019975114538060e-04 2.019799503116137367e-03 6.354527179994678455e-03 -6.774877290361734986e-04 -6.774877290361733901e-04 2.143285798594923158e-02
6.190476190476190688e-01 1.428571428571428492e-01 -5.383916658988126963e-04 2.013658130896183417e-03 6.192013239287770705e-03 -1.136332746381986478e-03 -1.136332746381986262e-03 2.131133009224333089e-02
6.666666666666666297e-01 1.428571428571428492e-01 -7.643052038449653840e-04 2.005432257887406877e-03 5.830366040504395865e-03 -1.603483247212418019e-03 -1.603483247212418019e-03 2.117567222572023719e-02
7.142857142857143016e-01 1.428571428571428492e-01 -1.002066167573173027e-03 1.997041596234650374e-03 5.437956610768610900e-03 -2.074749546366481002e-03 -2.074749546366480568e-03 2.096523554135281894e-02
7.619047619047618625e-01 1.428571428571428492e-01 -1.256464273978380453e-03 1.992766584452932213e-03 4.784824363462849249e-03 -2.523983832361598525e-03 -2.523983832361598525e-03 2.075566485855226406e-02
8.095238095238095344e-01 1.428571428571428492e-01 -1.534199077737606696e-03 2.001574206516607089e-03 4.070372116287767662e-03 -2.895827057471844681e-03 -2.895827057471844247e-03 2.048686650144802487e-02
8.571428571428570953e-01 1.428571428571428492e-01 -1.843823170800039119e-03 2.041871993510063071e-03 2.914261936405108857e-03 -3.031325922418566955e-03 -3.031325922418561317e-03 2.022056460295860655e-02
9.047619047619047672e-01 1.428571428571428492e-01 -2.192689601012653977e-03 2.149151931472536442e-03 1.783230222282301304e-03 -2.671060703298694296e-03 -2.671060703298693429e-03 1.955338635553888552e-02
9.523809523809523281e-01 1.428571428571428492e-01 -2.575627588930644741e-03 2.378700656294927343e-03 3.314465898059510383e-04 -1.503311610703206335e-03 -1.503311610703206118e-03 1.839520552567072004e-02
1.000000000000000000e+00 1.428571428571428492e-01 -2.945698304995730127e-03 2.775879565711820898e-03 -8.829388908027813881e-05 1.146432258532862752e-04 1.146432258536800709e-04 1.478916090829850843e-02
0.000000000000000000e+00 1.904761904761904656e-01 3.331533085385654947e-03 3.373475234397623618e-03 -2.301975325169763683e-05 -4.396650393760038810e-05 -4.396650393759128758e-05 1.401165790433196896e-02
4.761904761904761640e-02 1.904761904761904656e-01 2.983154467885375857e-03 3.100269594608177047e-03 1.705931833745902499e-04 7.844618264897136595e-04 7.844618264897101900e-04 1.718246917718013397e-02
9.523809523809523281e-02 1.904761904761904656e-01 2.600063767832882025e-03 2.920642485180615072e-03 9.974116320502119954e-04 1.560076147445728020e-03 1.560076147445727804e-03 1.892005175469474443e-02
1.428571428571428492e-01 1.904761904761904656e-01 2.221018452148319604e-03 2.824242198764209764e-03 1.875501755869615284e-03 1.957368363069545043e-03 1.957368363069542441e-03 2.010477702943651648e-02
1.904761904761904656e-01 1.904761904761904656e-01 1.863807875457822649e-03 2.782331620773573905e-03 2.914460717293167798e-03 1.995363174164709562e-03 1.995363174164709562e-03 2.065160541252020893e-02
2.380952380952380820e-01 1.904761904761904656e-01 1.532180491630896974e-03 2.769816806869047302e-03 3.645480568274224974e-03 1.812399142233014123e-03 1.812399142233014340e-03 2.109220781533666794e-02
2.857142857142856984e-01 1.904761904761904656e-01 1.223356475240947819e-03 2.771211885458409272e-03 4.363671227542677798e-03 1.527018023700485580e-03 1.527018023700485796e-03 2.134838485606895681e-02
3.333333333333333148e-01 1.904761904761904656e-01 9.329473205039343162e-04 2.777754648702397688e-03 4.807720703534422262e-03 1.196566614748024657e-03 1.196566614748024657e-03 2.158126858691740771e-02
3.809523809523809312e-01 1.904761904761904656e-01 6.564594900357478445e-04 2.784933133309108830e-03 5.223134085423178884e-03 8.544239991595690888e-04 8.544239991595689804e-04 2.171380153678109659e-02
4.285714285714285476e-01 1.904761904761904656e-01 3.895922195573511609e-04 2.790553653133253081e-03 5.411217923234904609e-03 5.108819565135047170e-04 5.108819565135047170e-04 2.183214498836723305e-02
4.761904761904761640e-01 1.904761904761904656e-01 1.283776401674298839e-04 2.793594204105845878e-03 5.573657123508132631e-03 1.697409905365495774e-04 1.697409905365496045e-04 2.186382000335339651e-02
5.238095238095238360e-01 1.904761904761904656e-01 -1.310118906002393586e-04 2.793697800582902423e-03 5.526619892175865280e-03 -1.703000184538613427e-04 -1.703000184538612885e-04 2.188174946221855058e-02
5.714285714285713969e-01 1.904761904761904656e-01 -3.923357432023729654e-04 2.790856500668406452e-03 5.454782009570011483e-03 -5.113172537808065472e-04 -5.113172537808065472e-04 2.181451605989591369e-02
6.190476190476190688e-01 1.904761904761904656e-01 -6.594033445745936051e-04 2.785490824919340577e-03 5.167438940763687330e-03 -8.538799099463339820e-04 -8.538799099463338736e-04 2.173350459339744647e-02
6.666666666666666297e-01 1.904761904761904656e-01 -9.362395858211613889e-04 2.778618020069534202e-03 4.852810563754889929e-03 -1.195657130869795613e-03 -1.195657130869795396e-03 2.156157526025122978e-02
7.142857142857143016e-01 1.904761904761904656e-01 -1.227085247667276816e-03 2.772496995456502980e-03 4.290432569023619296e-03 -1.522623624352353530e-03 -1.522623624352353097e-03 2.137334135592174056e-02
7.619047619047618625e-01 1.904761904761904656e-01 -1.536504644974628344e-03 2.771696240362584145e-03 3.701549323244841209e-03 -1.807464409735195588e-03 -1.807464409735195371e-03 2.105930906638388625e-02
8.095238095238095344e-01 1.904761904761904656e-01 -1.868839278628392671e-03 2.784941178645967789e-03 2.810593185057486815e-03 -1.981145721827603894e-03 -1.981145721827603026e-03 2.069795511155056444e-02
8.571428571428570953e-01 1.904761904761904656e-01 -2.226422680457111267e-03 2.828044934447967833e-03 1.958884727792150910e-03 -1.941328361794206767e-03 -1.941328361794207417e-03 2.000192097726954249e-02
9.047619047619047672e-01 1.904761904761904656e-01 -2.605718617340478140e-03 2.925035761742265060e-03 8.930843357257371848e-04 -1.547168050352937989e-03 -1.547168050352936905e-03 1.904784625831877631e-02
9.523809523809523281e-01 1.904761904761904656e-01 -2.988662650245554019e-03 3.104532718997375651e-03 2.061100710815555893e-04 -7.634813665325102796e-04 -7.634813665325145080e-04 1.697891340370723604e-02
1.000000000000000000e+00 1.904761904761904656e-01 -3.337752894745438150e-03 3.376582358636971183e-03 -8.889940320897567888e-05 4.692804404429529896e-05 4.692804404430151279e-05 1.413551051585282270e-02
0.000000000000000000e+00 2.380952380952380820e-01 3.575870317861086067e-03 3.949591714192780996e-03 -5.483376790274735907e-05 -2.011046780016844020e-05 -2.011046780016837582e-05 1.367054149142154021e-02
4.761904761904761640e-02 2.380952380952380820e-01 3.238351266601771031e-03 3.793750481016744478e-03 1.257624189647253731e-04 3.809584195688005270e-04 3.809584195688003644e-04 1.638456469378276117e-02
9.523809523809523281e-02 2.380952380952380820e-01 2.859130091858733385e-03 3.684892743339306716e-03 5.773753532480693394e-04 8.004661319007305752e-04 8.004661319007371888e-04 1.858024052060914741e-02
1.428571428571428492e-01 2.380952380952380820e-01 2.467934905095298375e-03 3.621134108554474682e-03 1.390875939332552680e-03 1.062075153208845565e-03 1.062075153208838626e-03 1.982334413272535123e-02
1.904761904761904656e-01 2.380952380952380820e-01 2.085587045270483834e-03 3.590373205291077976e-03 2.138326139285247687e-03 1.140577213191449777e-03 1.140577213191449777e-03 2.074644463410008771e-02
2.380952380952380820e-01 2.380952380952380820e-01 1.721413666154856950e-03 3.579855593042836470e-03 2.986318516347268720e-03 1.081350447262531501e-03 1.081350447262531501e-03 2.122776661403606713e-02
2.857142857142856984e-01 2.380952380952380820e-01 1.377452225264553685e-03 3.579818369424861164e-03 3.579123767117128527e-03 9.369172782804843780e-04 9.369172782804843780e-04 2.161597088098810363e-02
3.333333333333333148e-01 2.380952380952380820e-01 1.051632557804875901e-03 3.584202609239073561e-03 4.165603822868495926e-03 7.499278070210982274e-04 7.499278070211023474e-04 2.182768038424362164e-02
3.809523809523809312e-01 2.380952380952380820e-01 7.403573735065773105e-04 3.589469145887553420e-03 4.498329645136195029e-03 5.422481949733875357e-04 5.422481949733879694e-04 2.201173539707065516e-02
4.285714285714285476e-01 2.380952380952380820e-01 4.395193080795336497e-04 3.593751130049430056e-03 4.804799232694705741e-03 3.272269020489625038e-04 3.272269020489625038e-04 2.209353585619471677e-02
4.761904761904761640e-01 2.380952380952380820e-01 1.448943199541839278e-04 3.596136839566003735e-03 4.880756450260808656e-03 1.096972856438018282e-04 1.096972856438018282e-04 2.216121375517192058e-02
5.238095238095238360e-01 2.380952380952380820e-01 -1.476906410008569303e-04 3.596262266307649787e-03 4.928642465991608587e-03 -1.080979835147725178e-04 -1.080979835147725720e-04 2.214312207396132784e-02
5.714285714285713969e-01 2.380952380952380820e-01 -4.423977594206008669e-04 3.594144775296796886e-03 4.751340544435268300e-03 -3.251637381042635851e-04 -3.251637381042635309e-04 2.211237404459977934e-02
6.190476190476190688e-01 2.380952380952380820e-01 -7.434171039545591679e-04 3.590162643679321256e-03 4.546304588525919982e-03 -5.396974137394229369e-04 -5.396974137394227201e-04 2.199093578887187719e-02
6.666666666666666297e-01 2.380952380952380820e-01 -1.054938960477273075e-03 3.585256273066522292e-03 4.100419962916733441e-03 -7.455797552898070545e-04 -7.455797552898064040e-04 2.185113827179545679e-02
7.142857142857143016e-01 2.380952380952380820e-01 -1.381082407634615355e-03 3.581331833487794939e-03 3.633844574541148387e-03 -9.315822212609458980e-04 -9.315822212609451390e-04 2.158358491493419379e-02
7.619047619047618625e-01 2.380952380952380820e-01 -1.725429809503537231e-03 3.581899705667628431e-03 2.904459093277528790e-03 -1.072093468262628416e-03 -1.072093468262627766e-03 2.126653703379354290e-02
8.095238095238095344e-01 2.380952380952380820e-01 -2.089840969553185927e-03 3.593124515120056477e-03 2.204886018909727168e-03 -1.130090560586225054e-03 -1.130090560586225054e-03 2.067513444529817113e-02
8.571428571428570953e-01 2.380952380952380820e-01 -2.472459001704460993e-03 3.624440190188764083e-03 1.307040264469220810e-03 -1.049806142435536589e-03 -1.049806142435536372e-03 1.990308933001579475e-02
9.047619047619047672e-01 2.380952380952380820e-01 -2.863473518619925277e-03 3.688623853722937211e-03 6.313214806226706858e-04 -7.876823751924556067e-04 -7.876823751924556067e-04 1.843520329626307380e-02
9.523809523809523281e-01 2.380952380952380820e-01 -3.242253513738442474e-03 3.797396671318618942e-03 9.898067776007583635e-05 -3.787641704310144289e-04 -3.787641704310144289e-04 1.647644977578498204e-02
1.000000000000000000e+00 2.380952380952380820e-01 -3.578593539039294676e-03 3.952396001384766815e-03 -8.323827551073874323e-06 1.898901636560833882e-05 1.898901636560868780e-05 1.356048979994608529e-02
0.000000000000000000e+00 2.857142857142856984e-01 3.686996870478311504e-03 4.512911998955098855e-03 -6.340547306267607331e-06 -4.460322642030074184e-07 -4.460322642033576136e-07 1.337532255517788655e-02
4.761904761904761640e-02 2.857142857142856984e-01 3.355313064027000674e-03 4.470280786535441898e-03 7.268172204147649892e-05 1.155121173916125724e-04 1.155121173916121116e-04 1.621725557933482650e-02
9.523809523809523281e-02 2.857142857142856984e-01 2.978876649622473095e-03 4.439583372150990130e-03 5.190775168014095595e-04 2.173506881229084783e-04 2.173506881229049005e-04 1.823634673706490614e-02
1.428571428571428492e-01 2.857142857142856984e-01 2.584895608254182079e-03 4.419807674673063499e-03 1.111981509727630497e-03 3.033534647178419744e-04 3.033534647178415949e-04 1.979398975423404122e-02
1.904761904761904656e-01 2.857142857142856984e-01 2.193785471626060433e-03 4.409496644074928536e-03 1.935030625088727000e-03 3.573278238042763171e-04 3.573278238042765882e-04 2.066120069660861217e-02
2.380952380952380820e-01 2.857142857142856984e-01 1.816642722820119987e-03 4.406310155888552155e-03 2.593923646576074948e-03 3.708757925286074132e-04 3.708757925286073048e-04 2.132655963897389650e-02
2.857142857142856984e-01 2.857142857142856984e-01 1.456913678287247767e-03 4.407524869369069259e-03 3.300998052420401653e-03 3.454542656076254963e-04 3.454542656076253879e-04 2.168745417586757929e-02
3.333333333333333148e-01 2.857142857142856984e-01 1.113987457374056690e-03 4.410760332221089729e-03 3.758381402285612682e-03 2.914190719291730766e-04 2.914190719291730766e-04 2.198258432885085573e-02
3.809523809523809312e-01 2.857142857142856984e-01 7.850335303018192521e-04 4.414355482673119370e-03 4.203140057661830346e-03 2.186796960758268318e-04 2.186796960758267776e-04 2.213518680145133005e-02
4.285714285714285476e-01 2.857142857142856984e-01 4.663355830309464517e-04 4.417252247705795096e-03 4.406734402464335121e-03 1.353041148192232117e-04 1.353041148192229948e-04 2.226251782837346954e-02
4.761904761904761640e-01 2.857142857142856984e-01 1.538495135107701849e-04 4.418892565930533124e-03 4.584811977929146784e-03 4.674864959835005297e-05 4.674864959835010718e-05 2.229590883270067547e-02
5.238095238095238360e-01 2.857142857142856984e-01 -1.565842382799932067e-04 4.419037099214694411e-03 4.533713518906653736e-03 -4.321903974763804978e-05 -4.321903974763806333e-05 2.231323320555922765e-02
5.714285714285713969e-01 2.857142857142856984e-01 -4.691371751469045797e-04 4.417697738175692390e-03 4.455829645729410607e-03 -1.314330050064987964e-04 -1.314330050064986338e-04 2.224346778556009901e-02
6.190476190476190688e-01 2.857142857142856984e-01 -7.879519312010109999e-04 4.415124784244251442e-03 4.144492568140535974e-03 -2.141276092178889638e-04 -2.141276092178876628e-04 2.215487771187914928e-02
6.666666666666666297e-01 2.857142857142856984e-01 -1.117076362706205615e-03 4.411907464291649032e-03 3.811631316078585834e-03 -2.857740129435429712e-04 -2.857740129435433507e-04 2.195538657368252197e-02
7.142857142857143016e-01 2.857142857142856984e-01 -1.460201780639034915e-03 4.409087462354789773e-03 3.230300849884570023e-03 -3.385127997308966458e-04 -3.385127997308963748e-04 2.171655489216437612e-02
7.619047619047618625e-01 2.857142857142856984e-01 -1.820067576709619812e-03 4.408362708150333382e-03 2.657060243053146770e-03 -3.620734882188800111e-04 -3.620734882188801737e-04 2.127519740563383124e-02
8.095238095238095344e-01 2.857142857142856984e-01 -2.197383583831190226e-03 4.412021917810184102e-03 1.856224373321731019e-03 -3.481621299851802849e-04 -3.481621299851802849e-04 2.071713959081393150e-02
8.571428571428570953e-01 2.857142857142856984e-01 -2.588333819079525946e-03 4.422699699032269123e-03 1.177470184425991745e-03 -2.934111618273374869e-04 -2.934111618273366738e-04 1.968913546095849704e-02
9.047619047619047672e-01 2.857142857142856984e-01 -2.982105890264170195e-03 4.442635525287994859e-03 4.676010885864625446e-04 -2.098577145190544987e-04 -2.098577145190543903e-04 1.833350778248684157e-02
9.523809523809523281e-01 2.857142857142856984e-01 -3.358217741106222978e-03 4.473057689617592966e-03 9.566800283099384137e-05 -1.118217322713883140e-04 -1.118217322713883411e-04 1.610430623306279008e-02
1.000000000000000000e+00 2.857142857142856984e-01 -3.690127564560199015e-03 4.514965556109656712e-03 -4.424843835659982591e-05 4.004502196663533182e-07 4.004502196664189633e-07 1.343377483381325357e-02
0.000000000000000000e+00 3.333333333333333148e-01 3.673549380256020160e-03 5.071341250403665728e-03 -5.782485823423126880e-05 2.151862675854112697e-05 2.151862675854117102e-05 1.342468951229056247e-02
4.761904761904761640e-02 3.333333333333333148e-01 3.341030565361856330e-03 5.142388382803779467e-03 1.048804545758197880e-04 -1.388751971520357461e-04 -1.388751971520358274e-04 1.616389743221842770e-02
9.523809523809523281e-02 3.333333333333333148e-01 2.965575739393526682e-03 5.190702762800773230e-03 5.377915754211095526e-04 -3.474606960001083602e-04 -3.474606960001079808e-04 1.837358463198842870e-02
1.428571428571428492e-01 3.333333333333333148e-01 2.576030161008845999e-03 5.216358626342668635e-03 1.302904478700987398e-03 -4.203843352189235208e-04 -4.203843352189240629e-04 1.967110224285421177e-02
1.904761904761904656e-01 3.333333333333333148e-01 2.190807069412796168e-03 5.229094248547627895e-03 1.962614827017622032e-03 -3.821305238042627160e-04 -3.821305238042630413e-04 2.066731032322144043e-02
2.380952380952380820e-01 3.333333333333333148e-01 1.818374680158330037e-03 5.235888830695986998e-03 2.732592583765972461e-03 -3.047215309932995537e-04 -3.047215309932996079e-04 2.123968482194131535e-02
2.857142857142856984e-01 3.333333333333333148e-01 1.461490440979529336e-03 5.240432022647929268e-03 3.265695103691928624e-03 -2.209992306594003148e-04 -2.209992306594003961e-04 2.169216053076031617e-02
3.333333333333333148e-01 3.333333333333333148e-01 1.119464712091560116e-03 5.243922915051242063e-03 3.816539504032011743e-03 -1.521090547681183886e-04 -1.521090547681185241e-04 2.195337834141889918e-02
3.809523809523809312e-01 3.333333333333333148e-01 7.899326363804351362e-04 5.246693287328968100e-03 4.124331256899061229e-03 -9.632126949986985042e-05 -9.632126949986979621e-05 2.216094420364207729e-02
4.285714285714285476e-01 3.333333333333333148e-01 4.696872581816345909e-04 5.248632176767493475e-03 4.422859600044014815e-03 -5.265142734117880905e-05 -5.265142734117880905e-05 2.226196751106937488e-02
4.761904761904761640e-01 3.333333333333333148e-01 1.551046835520213118e-04 5.249725912530818495e-03 4.490475002889347464e-03 -1.509706107017694208e-05 -1.509706107017685399e-05 2.233035398879599717e-02
5.238095238095238360e-01 3.333333333333333148e-01 -1.575864457477218876e-04 5.249859750014266788e-03 4.542482693053084136e-03 2.022478919848011764e-05 2.022478919848010747e-05 2.231733264804179259e-02
5.714285714285713969e-01 3.333333333333333148e-01 -4.722062321414576664e-04 5.249112172078457608e-03 4.366951358215934338e-03 5.770917143188150031e-05 5.770917143187984013e-05 2.227477921173474582e-02
6.190476190476190688e-01 3.333333333333333148e-01 -7.925319508813131065e-04 5.247465390884965657e-03 4.177758893431735010e-03 1.025603756037547304e-04 1.025603756037550286e-04 2.214284660100312649e-02
6.666666666666666297e-01 3.333333333333333148e-01 -1.122150935836600198e-03 5.245078148296279143e-03 3.752212864980737639e-03 1.579220049931012390e-04 1.579220049931012661e-04 2.197072973723653358e-02
7.142857142857143016e-01 3.333333333333333148e-01 -1.464264582905641134e-03 5.241929705310127349e-03 3.326989217289506948e-03 2.293915169995899893e-04 2.293915169995905585e-04 2.166011869711276239e-02
7.619047619047618625e-01 3.333333333333333148e-01 -1.821206658738331154e-03 5.237798850276532449e-03 2.656897221781787024e-03 3.110649138922820566e-04 3.110649138922820024e-04 2.127119636599414387e-02
8.095238095238095344e-01 3.333333333333333148e-01 -2.193554961653801198e-03 5.231290305528214259e-03 2.037963837802155617e-03 3.926041023508229774e-04 3.926041023508232484e-04 2.060212290723170345e-02
8.571428571428570953e-01 3.333333333333333148e-01 -2.578750596268670169e-03 5.218883656387592399e-03 1.220069775078306716e-03 4.253677487747113510e-04 4.253677487747110800e-04 1.974278279705028033e-02
9.047619047619047672e-01 3.333333333333333148e-01 -2.967927602309731582e-03 5.192976586274590696e-03 6.104660741772028384e-04 3.519505454375866063e-04 3.519505454375866605e-04 1.823864593927179006e-02
9.523809523809523281e-01 3.333333333333333148e-01 -3.342761349334513656e-03 5.144466899898047889e-03 7.964271800085157124e-05 1.512024615176680968e-04 1.512024615176681239e-04 1.626028661743111545e-02
1.000000000000000000e+00 3.333333333333333148e-01 -3.674371144107377134e-03 5.072507302043022075e-03 -1.505338100870268612e-05 -2.577269551609595274e-05 -2.577269551609553600e-05 1.331915497844659950e-02
0.000000000000000000e+00 3.809523809523809312e-01 3.526526312274861231e-03 5.630760797458303664e-03 -7.258600891810030697e-05 7.940105542645394801e-05 7.940105542645411064e-05 1.344367693797611334e-02
4.761904761904761640e-02 3.809523809523809312e-01 3.187971757966112565e-03 5.822614761353735527e-03 1.242328352443915261e-04 -5.496086983810056278e-04 -5.496086983810054109e-04 1.671762127301850906e-02
9.523809523809523281e-02 3.809523809523809312e-01 2.815534834062762611e-03 5.942310562469473034e-03 1.009283530782340748e-03 -1.054170796428611969e-03 -1.054170796428614788e-03 1.844891755728416891e-02
1.428571428571428492e-01 3.809523809523809312e-01 2.442539380038340289e-03 6.006071231633690506e-03 1.681706899627754713e-03 -1.175445245816474820e-03 -1.175445245816474603e-03 1.970676005200103914e-02
1.904761904761904656e-01 3.809523809523809312e-01 2.079678008594444336e-03 6.038921406355543010e-03 2.545229810089603886e-03 -1.100015664155409682e-03 -1.100015664155409682e-03 2.049763451011638038e-02
2.380952380952380820e-01 3.809523809523809312e-01 1.730188182800927732e-03 6.055892366517164928e-03 3.088628411344733829e-03 -9.241251594398799517e-04 -9.241251594398798433e-04 2.108786523164301804e-02
2.857142857142856984e-01 3.809523809523809312e-01 1.394063823744859940e-03 6.065332992178418085e-03 3.720462411017031075e-03 -7.405507632184384027e-04 -7.405507632184381859e-04 2.150992811759577447e-02
3.333333333333333148e-01 3.809523809523809312e-01 1.070168916757729873e-03 6.070588426999990947e-03 4.066231827763187867e-03 -5.534378675352759781e-04 -5.534378675352755444e-04 2.179730735811703443e-02
3.809523809523809312e-01 3.809523809523809312e-01 7.564397465982716220e-04 6.073884853410684015e-03 4.474073461085370691e-03 -3.854337097202128505e-04 -3.854337097202073211e-04 2.201280769191952050e-02
4.285714285714285476e-01 3.809523809523809312e-01 4.503338720812490926e-04 6.075608017324025598e-03 4.609796184603270376e-03 -2.238960764111022031e-04 -2.238960764111022302e-04 2.212094642371338626e-02
4.761904761904761640e-01 3.809523809523809312e-01 1.488999740625987804e-04 6.076630568791408470e-03 4.796651311194360945e-03 -7.222748833443052175e-05 -7.222748833443057596e-05 2.219915367999716546e-02
5.238095238095238360e-01 3.809523809523809312e-01 -1.509599473811218916e-04 6.076664987540421684e-03 4.717597066090531942e-03 7.796599059302517247e-05 7.796599059302510471e-05 2.217962410336563397e-02
5.714285714285713969e-01 3.809523809523809312e-01 -4.524104422639286995e-04 6.076175716962201913e-03 4.687857872754335083e-03 2.316095801553303226e-04 2.316095801553308376e-04 2.213765902808571134e-02
6.190476190476190688e-01 3.809523809523809312e-01 -7.585678392984568277e-04 6.074529542098894806e-03 4.390255571450930872e-03 3.897222241484609210e-04 3.897222241484609752e-04 2.199478495465781447e-02
6.666666666666666297e-01 3.809523809523809312e-01 -1.072319825872212811e-03 6.071776351354953895e-03 4.148039939640617117e-03 5.637331828311066637e-04 5.637331828311066637e-04 2.180569402181287489e-02
7.142857142857143016e-01 3.809523809523809312e-01 -1.396261713006156273e-03 6.066603806443779216e-03 3.628521042190463800e-03 7.432076380132673953e-04 7.432076380132673953e-04 2.149815180175928056e-02
7.619047619047618625e-01 3.809523809523809312e-01 -1.732338839604233511e-03 6.057671269102777971e-03 3.181885527141787868e-03 9.373209172152586642e-04 9.373209172152589894e-04 2.107976697800261617e-02
8.095238095238095344e-01 3.809523809523809312e-01 -2.081762272752516341e-03 6.040709691521682807e-03 2.437593849311406845e-03 1.098847287408596506e-03 1.098847287408596506e-03 2.050241645458426507e-02
8.571428571428570953e-01 3.809523809523809312e-01 -2.444311491431471698e-03 6.008164929126601911e-03 1.810536542219562612e-03 1.190806208282269886e-03 1.190806208282269886e-03 1.966080585317959983e-02
9.047619047619047672e-01 3.809523809523809312e-01 -2.817429861820749080e-03 5.944233983680827053e-03 8.614202805949930982e-04 1.047906787809531944e-03 1.047906787809532161e-03 1.854891947875924457e-02
9.523809523809523281e-01 3.809523809523809312e-01 -3.189297518877243047e-03 5.824121741905914987e-03 2.516081674521995749e-04 5.529231726164231947e-04 5.529231726164222189e-04 1.652256861276546820e-02
1.000000000000000000e+00 3.809523809523809312e-01 -3.528582502122832188e-03 5.632243094559097850e-03 -1.648505336295228352e-04 -9.340512114008639693e-05 -9.340512114008237183e-05 1.355673608720421759e-02
0.000000000000000000e+00 4.285714285714285476e-01 3.228084411648911994e-03 6.199851517664296992e-03 -7.606124035239919187e-04 2.522234736290158226e-04 2.522234736290130037e-04 1.398946843894920480e-02
4.761904761904761640e-02 4.285714285714285476e-01 2.871330315480897545e-03 6.525453990728946434e-03 8.904415728402874201e-04 -1.468082466814338164e-03 -1.468082466814357463e-03 1.726921648095413805e-02
9.523809523809523281e-02 4.285714285714285476e-01 2.519015109500505334e-03 6.690812592331961232e-03 1.655254463615532566e-03 -1.959016514098450932e-03 -1.959016514098452233e-03 1.849739457732472309e-02
1.428571428571428492e-01 4.285714285714285476e-01 2.186043447785295316e-03 6.779270719532937139e-03 2.744028381244100010e-03 -1.962664070409212130e-03 -1.962664070409212130e-03 1.955751619192122245e-02
1.904761904761904656e-01 4.285714285714285476e-01 1.866837389527914795e-03 6.826290169761974926e-03 3.260847355145690511e-03 -1.714410748125283490e-03 -1.714410748125285008e-03 2.002140866041724615e-02
2.380952380952380820e-01 4.285714285714285476e-01 1.559151862758403504e-03 6.854643569676501826e-03 3.932669872159192705e-03 -1.461882989343835440e-03 -1.461882989343835440e-03 2.078165339173165121e-02
2.857142857142856984e-01 4.285714285714285476e-01 1.260577614907815776e-03 6.869420102906593183e-03 4.244757979809910334e-03 -1.157124321784952677e-03 -1.157124321784952677e-03 2.096885969951211084e-02
3.333333333333333148e-01 4.285714285714285476e-01 9.706777297946991498e-04 6.879686772304531399e-03 4.721770470462681099e-03 -8.948877787093219857e-04 -8.948877787093219857e-04 2.150809488736782002e-02
3.809523809523809312e-01 4.285714285714285476e-01 6.876283250727061903e-04 6.883856661038859764e-03 4.865082526412065587e-03 -6.180620004106760022e-04 -6.180620004106757853e-04 2.148093152219409524e-02
4.285714285714285476e-01 4.285714285714285476e-01 4.100886252361589292e-04 6.887779849302532072e-03 5.163270592229247599e-03 -3.704665733529070490e-04 -3.704665733529070490e-04 2.185740670944157776e-02
4.761904761904761640e-01 4.285714285714285476e-01 1.358063769024115232e-04 6.887988683288989895e-03 5.132706242514435517e-03 -1.185656038470688244e-04 -1.185656038470692851e-04 2.167589731934085537e-02
5.238095238095238360e-01 4.285714285714285476e-01 -1.373144809138925916e-04 6.889216045968850344e-03 5.251403209706117028e-03 1.274045585790115921e-04 1.274045585790113753e-04 2.192164898399114048e-02
5.714285714285713969e-01 4.285714285714285476e-01 -4.115491746881284776e-04 6.887118981566941675e-03 5.042333092201836849e-03 3.719247410308285898e-04 3.719247410308285356e-04 2.161126474521191804e-02
6.190476190476190688e-01 4.285714285714285476e-01 -6.892244896373905284e-04 6.885641739512549792e-03 4.984490067750270946e-03 6.345711092077773764e-04 6.345711092077772680e-04 2.172011710786623390e-02
6.666666666666666297e-01 4.285714285714285476e-01 -9.721096625005246810e-04 6.879585979507702939e-03 4.596373362879757445e-03 8.887536648259933498e-04 8.887536648259933498e-04 2.126732958995806652e-02
7.142857142857143016e-01 4.285714285714285476e-01 -1.262254521256930611e-03 6.871710737360988731e-03 4.368336070992547351e-03 1.181438957669745087e-03 1.181438957669745087e-03 2.119483706446826168e-02
7.619047619047618625e-01 4.285714285714285476e-01 -1.560475013554723719e-03 6.855036108828083813e-03 3.800375566130767633e-03 1.446873050973002074e-03 1.446873050973002291e-03 2.055136821649621026e-02
8.095238095238095344e-01 4.285714285714285476e-01 -1.868517020685532808e-03 6.828886537755734197e-03 3.398355619947948485e-03 1.745983364445259775e-03 1.745983364445259775e-03 2.023097056478968120e-02
8.571428571428570953e-01 4.285714285714285476e-01 -2.186978103210491381e-03 6.779830172110196465e-03 2.585247710967267416e-03 1.935616703190344524e-03 1.935616703190344524e-03 1.934365023264444580e-02
9.047619047619047672e-01 4.285714285714285476e-01 -2.520320091180397373e-03 6.693334182939142570e-03 1.908532643393649666e-03 1.994585156271165387e-03 1.994585156271164953e-03 1.868026567610116262e-02
9.523809523809523281e-01 4.285714285714285476e-01 -2.872644314356520134e-03 6.524169402592244066e-03 4.560825648427146626e-04 1.420053968227825069e-03 1.420053968227824636e-03 1.740620574812404286e-02
1.000000000000000000e+00 4.285714285714285476e-01 -3.221429088057717847e-03 6.207504841226930102e-03 -5.482863971478945964e-05 -1.842266610376359871e-04 -1.842266610376356618e-04 1.374871515604875194e-02
0.000000000000000000e+00 4.761904761904761640e-01 2.676339251374012119e-03 6.838853674292058593e-03 8.070304802851910970e-04 -1.329719589002228541e-03 -1.329719589002228324e-03 1.694798174135775035e-02
4.761904761904761640e-02 4.761904761904761640e-01 2.351430358751249901e-03 7.248096408766534389e-03 2.237206005288343378e-03 -2.927938217468159087e-03 -2.927938217468157352e-03 1.720371366140681715e-02
9.523809523809523281e-02 4.761904761904761640e-01 2.080661183091309183e-03 7.413214117991450379e-03 3.215822446587927787e-03 -2.743300426177731725e-03 -2.743300426177731725e-03 1.800403853207360391e-02
1.428571428571428492e-01 4.761904761904761640e-01 1.818868253551276723e-03 7.522039916839628852e-03 3.683126572109330504e-03 -2.453113599732868223e-03 -2.453113599732867356e-03 1.822759890233930161e-02
1.904761904761904656e-01 4.761904761904761640e-01 1.567220349587497867e-03 7.576647877426171372e-03 4.161760778093077408e-03 -2.106581119883885970e-03 -2.106581119883887271e-03 1.918034352739772519e-02
2.380952380952380820e-01 4.761904761904761640e-01 1.315793594606434400e-03 7.624317106658895504e-03 4.459444553459690312e-03 -1.773595806046907595e-03 -1.773595806046907161e-03 1.932656239369578283e-02
2.857142857142856984e-01 4.761904761904761640e-01 1.070786301258590993e-03 7.640997983914600902e-03 4.825084218756421281e-03 -1.424325534867251991e-03 -1.424325534867256328e-03 2.010238765881516149e-02
3.333333333333333148e-01 4.761904761904761640e-01 8.270697679834678817e-04 7.664842949985578753e-03 5.010199435479566372e-03 -1.098832080070948460e-03 -1.098832080070948026e-03 2.003302105532929478e-02
3.809523809523809312e-01 4.761904761904761640e-01 5.884826769636268464e-04 7.665656250313617782e-03 5.266207460833465318e-03 -7.710723086656878777e-04 -7.710723086656878777e-04 2.063080514610199714e-02
4.285714285714285476e-01 4.761904761904761640e-01 3.513641006364225951e-04 7.679305160872294637e-03 5.328134360672209975e-03 -4.601908795472185016e-04 -4.601908795472183932e-04 2.038332139129156798e-02
4.761904761904761640e-01 4.761904761904761640e-01 1.167720126440632589e-04 7.673134293402143584e-03 5.460488781268211037e-03 -1.494991632048276494e-04 -1.494991632048275410e-04 2.083704224107407743e-02
5.238095238095238360e-01 4.761904761904761640e-01 -1.174517109953930919e-04 7.681782818956776372e-03 5.392375135528145597e-03 1.576287028227007971e-04 1.576287028227007158e-04 2.044850019356151891e-02
5.714285714285713969e-01 4.761904761904761640e-01 -3.525517758242809508e-04 7.671186319733781095e-03 5.394571624788384138e-03 4.648085892574968406e-04 4.648085892574968406e-04 2.076844391005442519e-02
6.190476190476190688e-01 4.761904761904761640e-01 -5.886659456865877844e-04 7.674763478178268927e-03 5.198450393708639768e-03 7.826628418355392617e-04 7.826628418355393701e-04 2.024499006915462390e-02
6.666666666666666297e-01 4.761904761904761640e-01 -8.287814762761876565e-04 7.657294461423389334e-03 5.073024770097772640e-03 1.099955857760703728e-03 1.099955857760703511e-03 2.040838014371207376e-02
7.142857142857143016e-01 4.761904761904761640e-01 -1.070460650239186788e-03 7.650408011915032364e-03 4.759873402629712091e-03 1.438785243776076082e-03 1.438785243776075648e-03 1.972520704577584300e-02
7.619047619047618625e-01 4.761904761904761640e-01 -1.318050784933539254e-03 7.617355722356600016e-03 4.517333416580979026e-03 1.770256166965064604e-03 1.770256166965063303e-03 1.968750619874217941e-02
8.095238095238095344e-01 4.761904761904761640e-01 -1.566333196228714749e-03 7.586034245053323299e-03 4.099676825545543399e-03 2.123933082876798030e-03 2.123933082876798897e-03 1.881378628478252296e-02
8.571428571428570953e-01 4.761904761904761640e-01 -1.821855165899615705e-03 7.515551793362057996e-03 3.741586149978524695e-03 2.443397890977718184e-03 2.443397890977722520e-03 1.858088605401157084e-02
9.047619047619047672e-01 4.761904761904761640e-01 -2.078500875167906947e-03 7.422324209682822430e-03 3.185105903278626083e-03 2.779764676666407475e-03 2.779764676666399235e-03 1.762659947164107663e-02
9.523809523809523281e-01 4.761904761904761640e-01 -2.357453962060147065e-03 7.239704467762898311e-03 2.399694402163236265e-03 2.921469727994474488e-03 2.921469727994477957e-03 1.755790237267198378e-02
1.000000000000000000e+00 4.761904761904761640e-01 -2.679108455795751759e-03 6.850498093941470058e-03 9.462693685520482713e-04 1.369089754211949604e-03 1.369089754211949171e-03 1.694641612239180042e-02
0.000000000000000000e+00 5.238095238095238360e-01 2.065857815877727294e-03 7.357956568951612084e-03 2.250123682939376036e-04 4.631651328828523197e-04 4.631651328828522113e-04 2.360735732323772026e-02
4.761904761904761640e-02 5.238095238095238360e-01 1.913604296777123666e-03 7.674197852558033509e-03 -3.949766452090813090e-03 -2.321747646328471519e-03 -2.321747646328470652e-03 1.865936859720889601e-02
9.523809523809523281e-02 5.238095238095238360e-01 1.741333294385279248e-03 7.852379388505744545e-03 -5.025762694953335788e-03 -2.736429720643015172e-03 -2.736429720643014304e-03 1.695532171891034681e-02
1.428571428571428492e-01 5.238095238095238360e-01 1.549117443528205511e-03 7.967691766172877582e-03 -5.825591241206008915e-03 -2.627010051711183014e-03 -2.627010051711182580e-03 1.859364790392980735e-02
1.904761904761904656e-01 5.238095238095238360e-01 1.349785918048012007e-03 8.039263690602482804e-03 -6.084797372523553967e-03 -2.312816074333074075e-03 -2.312816074333074075e-03 1.813705078780408070e-02
2.380952380952380820e-01 5.238095238095238360e-01 1.143511934068030438e-03 8.090880226029347963e-03 -6.086925018431571348e-03 -2.012995167357856368e-03 -2.012995167357856368e-03 1.969363686381325404e-02
2.857142857142856984e-01 5.238095238095238360e-01 9.362487316366254007e-04 8.120226618868681481e-03 -6.092442984037455683e-03 -1.646721725887714382e-03 -1.646721725887714382e-03 1.903876682688143002e-02
3.333333333333333148e-01 5.238095238095238360e-01 7.270440896245926191e-04 8.143433797801618440e-03 -5.885216121239666281e-03 -1.302908589855194827e-03 -1.302908589855194610e-03 2.042427212710593021e-02
3.809523809523809312e-01 5.238095238095238360e-01 5.189385518589705601e-04 8.153179053529411788e-03 -5.862842655477836992e-03 -9.242916326046676963e-04 -9.242916326046676963e-04 1.956095803819351067e-02
4.285714285714285476e-01 5.238095238095238360e-01 3.107353573578159993e-04 8.163090815578618112e-03 -5.654340112608285430e-03 -5.600902170988887379e-04 -5.600902170988887379e-04 2.079354812626408103e-02
4.761904761904761640e-01 5.238095238095238360e-01 1.034089988746931198e-04 8.163505594615389632e-03 -5.713943832534025200e-03 -1.825152795707674254e-04 -1.825152795707678049e-04 1.976675880173139194e-02
5.238095238095238360e-01 5.238095238095238360e-01 -1.038505866190823473e-04 8.166450675720218072e-03 -5.598644992038496332e-03 1.920901456235844112e-04 1.920901456235847094e-04 2.086281675084640172e-02
5.714285714285713969e-01 5.238095238095238360e-01 -3.114324006292659773e-04 8.160634039881441842e-03 -5.767220989524405109e-03 5.622522996009487149e-04 5.622522996009486065e-04 1.969818748169558514e-02
6.190476190476190688e-01 5.238095238095238360e-01 -5.191154489150843652e-04 8.156570825936968264e-03 -5.757226845664435017e-03 9.414704354827395198e-04 9.414704354827395198e-04 2.064724459528357800e-02
6.666666666666666297e-01 5.238095238095238360e-01 -7.279970321474297677e-04 8.141469207638281705e-03 -5.983086347846672780e-03 1.297133099811103620e-03 1.297133099811103836e-03 1.934065592872246178e-02
7.142857142857143016e-01 5.238095238095238360e-01 -9.361503764302941217e-04 8.123960669416207744e-03 -6.011455457077412128e-03 1.671860918632655027e-03 1.671860918632655678e-03 2.010416299665749099e-02
7.619047619047618625e-01 5.238095238095238360e-01 -1.144744915940704632e-03 8.089371448529154504e-03 -6.151619920887201227e-03 1.997917629027362845e-03 1.997917629027363712e-03 1.863272978251592424e-02
8.095238095238095344e-01 5.238095238095238360e-01 -1.349419303061899066e-03 8.043118807239943435e-03 -6.060346188112757451e-03 2.347196117045881412e-03 2.347196117045902662e-03 1.917592887479782626e-02
8.571428571428570953e-01 5.238095238095238360e-01 -1.550785607415652552e-03 7.966611698056083601e-03 -5.795417488982195636e-03 2.602195836049107404e-03 2.602195836049107838e-03 1.753926713861403419e-02
9.047619047619047672e-01 5.238095238095238360e-01 -1.740657273452364106e-03 7.856066354322618212e-03 -5.213920611666414059e-03 2.818465994139126955e-03 2.818465994139128256e-03 1.800315882657579913e-02
9.523809523809523281e-01 5.238095238095238360e-01 -1.916704072346497693e-03 7.673152649521976926e-03 -2.902410073791768068e-03 2.292089300234325874e-03 2.292089300234324573e-03 1.634952459119958998e-02
1.000000000000000000e+00 5.238095238095238360e-01 -2.068687771560016441e-03 7.359620399438960951e-03 -9.165862383969086008e-04 -6.355039622067658062e-04 -6.355039622067662399e-04 2.738992263404438007e-02
0.000000000000000000e+00 5.714285714285713969e-01 1.778671799611611848e-03 7.736221102104042825e-03 1.350121212689988314e-04 5.181723285340493696e-04 5.181723285340495864e-04 2.520545864501062133e-02
4.761904761904761640e-02 5.714285714285713969e-01 1.639582713099254664e-03 7.964849724401186146e-03 -8.813324175604326258e-05 -2.893140245392701267e-04 -2.893140245392692052e-04 1.963403303783730139e-02
9.523809523809523281e-02 5.714285714285713969e-01 1.504102810180121558e-03 8.143432001514513269e-03 -1.856882590852009266e-03 -1.515754148748326823e-03 -1.515754148748326390e-03 1.900506206243172957e-02
1.428571428571428492e-01 5.714285714285713969e-01 1.353907503020108536e-03 8.267374356284443865e-03 -2.708024602977038807e-03 -1.994316674351951334e-03 -1.994316674351952201e-03 1.867882230975672839e-02
1.904761904761904656e-01 5.714285714285713969e-01 1.189476647568859504e-03 8.351615637787000029e-03 -3.500859493325945895e-03 -2.118871969002681949e-03 -2.118871969002683250e-03 1.934601711509854882e-02
2.380952380952380820e-01 5.714285714285713969e-01 1.015480314071708556e-03 8.409309384493472012e-03 -3.826312857341453589e-03 -1.968491606279638203e-03 -1.968491606279638637e-03 1.954680625586008649e-02
2.857142857142856984e-01 5.714285714285713969e-01 8.352519150372014626e-04 8.447113657607077317e-03 -3.997480164387172581e-03 -1.743618645736611916e-03 -1.743618645736611916e-03 2.013538518588783161e-02
3.333333333333333148e-01 5.714285714285713969e-01 6.516554404539092469e-04 8.472247272394381815e-03 -4.073492048531483258e-03 -1.404684241739032231e-03 -1.404684241739029629e-03 2.020329371789875844e-02
3.809523809523809312e-01 5.714285714285713969e-01 4.661422848026144450e-04 8.487209074850440849e-03 -4.040281431176670490e-03 -1.043457371823075389e-03 -1.043457371823075389e-03 2.062903101911696749e-02
4.285714285714285476e-01 5.714285714285713969e-01 2.798390267869987143e-04 8.496396492997168939e-03 -4.062334791152553970e-03 -6.303416155524758273e-04 -6.303416155524757189e-04 2.054220974501395208e-02
4.761904761904761640e-01 5.714285714285713969e-01 9.316866267903610248e-05 8.500017237206249771e-03 -4.002191707701292095e-03 -2.112016377772228518e-04 -2.112016377772223368e-04 2.082716355427308846e-02
5.238095238095238360e-01 5.714285714285713969e-01 -9.356964803918954197e-05 8.500528141141671518e-03 -4.048701640072388357e-03 2.175109099816911512e-04 2.175109099816915578e-04 2.060612084943718586e-02
5.714285714285713969e-01 5.714285714285713969e-01 -2.802092131004524454e-04 8.496339028726982920e-03 -4.018306419570788837e-03 6.445779971794149063e-04 6.445779971794147979e-04 2.076080097971938487e-02
6.190476190476190688e-01 5.714285714285713969e-01 -4.665451180321697174e-04 8.488162371315088536e-03 -4.078208315962191140e-03 1.041908986296424333e-03 1.041908986296424333e-03 2.040725566319188597e-02
6.666666666666666297e-01 5.714285714285713969e-01 -6.519651466411497537e-04 8.472618352025226146e-03 -4.045285153723779392e-03 1.427169695750597159e-03 1.427169695750596509e-03 2.041868070651447001e-02
7.142857142857143016e-01 5.714285714285713969e-01 -8.356418772039456893e-04 8.448452478161377205e-03 -4.009168289915036876e-03 1.733540960444388077e-03 1.733540960444387210e-03 1.991260225021574196e-02
7.619047619047618625e-01 5.714285714285713969e-01 -1.015708947981955237e-03 8.410035580353619061e-03 -3.842480003724691243e-03 2.000179077149343270e-03 2.000179077149336765e-03 1.976489849730995313e-02
8.095238095238095344e-01 5.714285714285713969e-01 -1.189868799886342667e-03 8.353197289857932500e-03 -3.436630193846215535e-03 2.097587512195759913e-03 2.097587512195757745e-03 1.910333665558384270e-02
8.571428571428570953e-01 5.714285714285713969e-01 -1.354054438852715387e-03 8.268379653410859453e-03 -2.866066907585896641e-03 2.041474910829702179e-03 2.041474910829732536e-03 1.895397712116031128e-02
9.047619047619047672e-01 5.714285714285713969e-01 -1.504175619468273509e-03 8.144846627138657702e-03 -1.470029745749116407e-03 1.471077917237485723e-03 1.471077917237472278e-03 1.849250541018916671e-02
9.523809523809523281e-01 5.714285714285713969e-01 -1.639058250308985873e-03 7.965607390384616543e-03 -5.313420105257288034e-04 2.272138021346725213e-04 2.272138021346742560e-04 2.043016125739151312e-02
1.000000000000000000e+00 5.714285714285713969e-01 -1.777141228309391885e-03 7.737595826305516955e-03 4.849650131632881299e-04 -5.818501472541558845e-04 -5.818501472541563182e-04 2.458575796434294206e-02
0.000000000000000000e+00 6.190476190476190688e-01 1.584115056180631633e-03 8.090382778431368105e-03 2.209568420275103629e-05 1.494101832132008439e-04 1.494101832132008439e-04 2.361994439780932750e-02
4.761904761904761640e-02 6.190476190476190688e-01 1.445113770540788550e-03 8.267885343615695784e-03 4.205304899510687303e-05 3.217781321972335148e-04 3.217781321972335690e-04 2.130010829643946488e-02
9.523809523809523281e-02 6.190476190476190688e-01 1.315345642198377041e-03 8.430788334564299699e-03 -4.127747033935519837e-04 -5.148973112509678705e-04 -5.148973112509684126e-04 1.965906976964249681e-02
1.428571428571428492e-01 6.190476190476190688e-01 1.181764913624442455e-03 8.557282491652318940e-03 -1.223534954253234887e-03 -1.230976689101037028e-03 -1.230976689101037028e-03 1.949240004761533182e-02
1.904761904761904656e-01 6.190476190476190688e-01 1.039486450365711794e-03 8.649329667289205534e-03 -1.728392477262190308e-03 -1.597244465879761903e-03 -1.597244465879762119e-03 1.947285879470112002e-02
2.380952380952380820e-01 6.190476190476190688e-01 8.892056258172142480e-04 8.713842938269324503e-03 -2.165513040702186833e-03 -1.705755925241317361e-03 -1.705755925241317361e-03 1.976896179317096797e-02
2.857142857142856984e-01 6.190476190476190688e-01 7.330059488828546748e-04 8.757781507000399202e-03 -2.395807228875177722e-03 -1.598080437853216995e-03 -1.598080437853216995e-03 1.995745457345439802e-02
3.333333333333333148e-01 6.190476190476190688e-01 5.729075448101461025e-04 8.786656884177491966e-03 -2.513447968618271345e-03 -1.365915951761893354e-03 -1.365915951761890535e-03 2.019859863993778842e-02
3.809523809523809312e-01 6.190476190476190688e-01 4.104458093172097164e-04 8.804857543497390457e-03 -2.598308293441321717e-03 -1.029703870718969450e-03 -1.029703870718969450e-03 2.031042749703376379e-02
4.285714285714285476e-01 6.190476190476190688e-01 2.466450285602668165e-04 8.815344097496638498e-03 -2.592056761875953953e-03 -6.406324801471613168e-04 -6.406324801471614252e-04 2.044556906634959967e-02
4.761904761904761640e-01 6.190476190476190688e-01 8.218805808096635323e-05 8.820198133523710765e-03 -2.634903715738284684e-03 -2.137371015263540592e-04 -2.137371015263537610e-04 2.045778738605426653e-02
5.238095238095238360e-01 6.190476190476190688e-01 -8.246125403046522409e-05 8.820276580243735162e-03 -2.598204667802918224e-03 2.225300698588208212e-04 2.225300698588212548e-04 2.049324045877168321e-02
5.714285714285713969e-01 6.190476190476190688e-01 -2.469055873609491119e-04 8.815684927820968339e-03 -2.625199245526998841e-03 6.466283358859384236e-04 6.466283358859388573e-04 2.040766184118679438e-02
6.190476190476190688e-01 6.190476190476190688e-01 -4.106769070919400908e-04 8.805348224044984989e-03 -2.568835894018074630e-03 1.041630318235559636e-03 1.041630318235559419e-03 2.034499099200339639e-02
6.666666666666666297e-01 6.190476190476190688e-01 -5.731059698812222868e-04 8.787395794165847596e-03 -2.530660953742108407e-03 1.369166638683704451e-03 1.369166638683704234e-03 2.015626417523695701e-02
7.142857142857143016e-01 6.190476190476190688e-01 -7.331513018224444529e-04 8.758643586617877522e-03 -2.390689551235431094e-03 1.613371622385510696e-03 1.613371622385510913e-03 1.999707210693247098e-02
7.619047619047618625e-01 6.190476190476190688e-01 -8.893063192663700411e-04 8.714904529627110277e-03 -2.142776449509482036e-03 1.705391914399081738e-03 1.705391914399081738e-03 1.971043567507850883e-02
8.095238095238095344e-01 6.190476190476190688e-01 -1.039532835897408495e-03 8.650451872034364831e-03 -1.782432729742749545e-03 1.615061999848957635e-03 1.615061999848949178e-03 1.954778293492543881e-02
8.571428571428570953e-01 6.190476190476190688e-01 -1.181654646314258053e-03 8.558471380265181977e-03 -1.111662947309169499e-03 1.224714719562512233e-03 1.224714719562518088e-03 1.934884706922713332e-02
9.047619047619047672e-01 6.190476190476190688e-01 -1.315226616753288917e-03 8.431747436056111211e-03 -5.311315064769522908e-04 5.156981438195465308e-04 5.156981438195462055e-04 1.991395124817613507e-02
9.523809523809523281e-01 6.190476190476190688e-01 -1.445148827496211142e-03 8.268857457478866538e-03 4.858182275107164594e-05 -2.956428585870243255e-04 -2.956428585870254097e-04 2.109425374530408959e-02
1.000000000000000000e+00 6.190476190476190688e-01 -1.584104679793803738e-03 8.090548971658196101e-03 4.203523451668221702e-05 -1.639852653706873483e-04 -1.639852653706878904e-04 2.376123545773927911e-02
0.000000000000000000e+00 6.666666666666666297e-01 1.428729001613590014e-03 8.426766103603261851e-03 -2.386052511991093040e-06 8.370352755251283183e-05 8.370352755251283183e-05 2.288559630046949067e-02
4.761904761904761640e-02 6.666666666666666297e-01 1.291251595419737157e-03 8.578038256333068989e-03 5.966747535307757541e-05 3.481179283679095124e-04 3.481179283679095124e-04 2.155282378802442222e-02
9.523809523809523281e-02 6.666666666666666297e-01 1.161143594738278922e-03 8.724634604360259962e-03 -5.542523637493337191e-05 -1.090343099842238636e-04 -1.090343099842238365e-04 2.059284919721803345e-02
1.428571428571428492e-01 6.666666666666666297e-01 1.033166862447330641e-03 8.847220696850987762e-03 -2.708991779098103743e-04 -7.429707915694127966e-04 -7.429707915694127966e-04 1.998824685750737878e-02
1.904761904761904656e-01 6.666666666666666297e-01 9.031586279620289898e-04 8.941133469497760528e-03 -6.174780301673658649e-04 -1.209697958892080134e-03 -1.209697958892080134e-03 1.986891433716410013e-02
2.380952380952380820e-01 6.666666666666666297e-01 7.697896518130829986e-04 9.009204058696432954e-03 -8.202846868320574913e-04 -1.433168380337829879e-03 -1.433168380337830096e-03 1.982535180402725250e-02
2.857142857142856984e-01 6.666666666666666297e-01 6.333343768975594314e-04 9.056507646756199043e-03 -1.015182491559846537e-03 -1.440365914379401714e-03 -1.440365914379401714e-03 1.989799946750582527e-02
3.333333333333333148e-01 6.666666666666666297e-01 4.945538262937565141e-04 9.088109479994686823e-03 -1.108483350442108877e-03 -1.273011173928624215e-03 -1.273011173928623998e-03 1.995611365503809770e-02
3.809523809523809312e-01 6.666666666666666297e-01 3.541790419068559541e-04 9.108220788371187981e-03 -1.176954424306332278e-03 -9.875527505760497114e-04 -9.875527505760497114e-04 2.002432510388850798e-02
4.285714285714285476e-01 6.666666666666666297e-01 2.128259078961914502e-04 9.119956174263100721e-03 -1.209097267227170203e-03 -6.200082717013369023e-04 -6.200082717013366855e-04 2.006410931077463877e-02
4.761904761904761640e-01 6.666666666666666297e-01 7.094291088364528442e-05 9.125375754485723703e-03 -1.220803588403526979e-03 -2.092630184603768686e-04 -2.092630184603762181e-04 2.009025604542119883e-02
5.238095238095238360e-01 6.666666666666666297e-01 -7.109694766915587466e-05 9.125465437078065720e-03 -1.223279514347190133e-03 2.164033103308582819e-04 2.164033103308654919e-04 2.008654294786739111e-02
5.714285714285713969e-01 6.666666666666666297e-01 -2.129571259320312156e-04 9.120244278127477219e-03 -1.206656027591521910e-03 6.282763426651770356e-04 6.282763426652727707e-04 2.006614452116079611e-02
6.190476190476190688e-01 6.666666666666666297e-01 -3.542762978415695441e-04 9.108686340570094214e-03 -1.172009655877319801e-03 9.940119029807738607e-04 9.940119029807740775e-04 2.001628842890774626e-02
6.666666666666666297e-01 6.666666666666666297e-01 -4.945871585963152253e-04 9.088761310830150569e-03 -1.114766075082370984e-03 1.282705355423453776e-03 1.282705355423452908e-03 1.996077360416806043e-02
7.142857142857143016e-01 6.666666666666666297e-01 -6.333081245914348950e-04 9.057323587961067790e-03 -9.929425511849274740e-04 1.446413031960088998e-03 1.446413031960087263e-03 1.988066132984359427e-02
7.619047619047618625e-01 6.666666666666666297e-01 -7.696809217218082699e-04 9.010164116821149302e-03 -8.483714644669375663e-04 1.443151788459330316e-03 1.443151788459329449e-03 1.984533500665964026e-02
8.095238095238095344e-01 6.666666666666666297e-01 -9.029658147958674261e-04 8.942202044013655357e-03 -5.664496711168339914e-04 1.215361597561303046e-03 1.215361597561233657e-03 1.982319152058454118e-02
8.571428571428570953e-01 6.666666666666666297e-01 -1.032929851519078261e-03 8.848297862088653695e-03 -3.238849061390606274e-04 7.448918374268503244e-04 7.448918374268676717e-04 2.006104857834400262e-02
9.047619047619047672e-01 6.666666666666666297e-01 -1.160922815557943657e-03 8.725666603106849162e-03 -1.544737804492100019e-05 1.179385532752826255e-04 1.179385532752883582e-04 2.049937273288969866e-02
9.523809523809523281e-01 6.666666666666666297e-01 -1.291004202337584514e-03 8.579079804176820492e-03 5.748240982350327495e-05 -3.623785455571507303e-04 -3.623785455571507303e-04 2.159746132649766059e-02
1.000000000000000000e+00 6.666666666666666297e-01 -1.428533964495888381e-03 8.427890744065122397e-03 -6.000850045895863929e-06 -7.956472337395950015e-05 -7.956472337395955436e-05 2.286390848612873672e-02
0.000000000000000000e+00 7.142857142857143016e-01 1.291616265403405404e-03 8.752660687015110380e-03 -1.925892608148985230e-05 6.001295784265867794e-05 6.001295784265868471e-05 2.224778706354857416e-02
4.761904761904761640e-02 7.142857142857143016e-01 1.155729244206925820e-03 8.890686970560134073e-03 7.269485092820514196e-05 2.739306558479253674e-04 2.739306558479255842e-04 2.171027547160426716e-02
9.523809523809523281e-02 7.142857142857143016e-01 1.025109376154486641e-03 9.025282079219824199e-03 1.948180944892569176e-04 -8.306862269217608636e-05 -8.306862269217615412e-05 2.108782631273896369e-02
1.428571428571428492e-01 7.142857142857143016e-01 8.994843611580576525e-04 9.140793724627246583e-03 2.610102709552167017e-04 -6.164823506940119270e-04 -6.164823506940112765e-04 2.059100401039240524e-02
1.904761904761904656e-01 7.142857142857143016e-01 7.772336025017538954e-04 9.231530760409462771e-03 2.911301024291013465e-04 -1.068399432436648163e-03 -1.068399432436649248e-03 2.019823505677786554e-02
2.380952380952380820e-01 7.142857142857143016e-01 6.568263461897483118e-04 9.298553340651868893e-03 2.609538379867358494e-04 -1.315543191335342066e-03 -1.315543191335341849e-03 1.998343342928955366e-02
2.857142857142856984e-01 7.142857142857143016e-01 5.372526503564069647e-04 9.345821350550094844e-03 2.450805720842794762e-04 -1.352224001677528736e-03 -1.352224001677528736e-03 1.982500900451133682e-02
3.333333333333333148e-01 7.142857142857143016e-01 4.179506730109321892e-04 9.377753019902974191e-03 2.061556386047506441e-04 -1.216840304482481611e-03 -1.216840304482481611e-03 1.975533467287748923e-02
3.809523809523809312e-01 7.142857142857143016e-01 2.986444485481559025e-04 9.398272393288808688e-03 1.889697789473339211e-04 -9.513581283348001650e-04 -9.513581283348000565e-04 1.970532940926554566e-02
4.285714285714285476e-01 7.142857142857143016e-01 1.792372981276801273e-04 9.410339376090863517e-03 1.669897808129268033e-04 -6.021781390136189552e-04 -6.021781390136189552e-04 1.969043468192274715e-02
4.761904761904761640e-01 7.142857142857143016e-01 5.973915896596711749e-05 9.415930751413607858e-03 1.626791254498007402e-04 -2.036630315096812352e-04 -2.036630315096812894e-04 1.967847426516753859e-02
5.238095238095238360e-01 7.142857142857143016e-01 -5.978652001566919029e-05 9.416011643773590165e-03 1.597543468797443724e-04 2.101458969272619148e-04 2.101458969272640290e-04 1.968132160520476986e-02
5.714285714285713969e-01 7.142857142857143016e-01 -1.792587371432260274e-04 9.410588233577365028e-03 1.732545462003126722e-04 6.081101770558958002e-04 6.081101770558980770e-04 1.968410433221658498e-02
6.190476190476190688e-01 7.142857142857143016e-01 -2.986137403496376430e-04 9.398681043341189020e-03 1.861049735702667281e-04 9.589222018718621815e-04 9.589222018718630489e-04 1.970850676111006450e-02
6.666666666666666297e-01 7.142857142857143016e-01 -4.178458445231883283e-04 9.378332257709280639e-03 2.187113993601711944e-04 1.222899452843948919e-03 1.222899452843945233e-03 1.974243844449479271e-02
7.142857142857143016e-01 7.142857142857143016e-01 -5.370555825036558116e-04 9.346548688675621400e-03 2.390964814785924311e-04 1.360867322940993154e-03 1.360867322940995973e-03 1.983414483113027024e-02
7.619047619047618625e-01 7.142857142857143016e-01 -6.565259243579244387e-04 9.299444509923772070e-03 2.802880895997796463e-04 1.322861349281170005e-03 1.322861349281201230e-03 1.996145769366653583e-02
8.095238095238095344e-01 7.142857142857143016e-01 -7.768435026591193407e-04 9.232523745453538599e-03 2.812693425321040872e-04 1.074981932150200154e-03 1.074981932150179554e-03 2.022107154541938345e-02
8.571428571428570953e-01 7.142857142857143016e-01 -8.990337308248505434e-04 9.141869988433068417e-03 2.756418291077571397e-04 6.269395440275654782e-04 6.269395440279363838e-04 2.056443179705384067e-02
9.047619047619047672e-01 7.142857142857143016e-01 -1.024623475371476671e-03 9.026402687091126392e-03 1.945302396295792234e-04 8.343901916541338190e-05 8.343901916546783595e-05 2.110761854744389390e-02
9.523809523809523281e-01 7.142857142857143016e-01 -1.155231016774057023e-03 8.891655849542897880e-03 6.889995828511698154e-05 -2.622724207208837759e-04 -2.622724207208859443e-04 2.172687237226203494e-02
1.000000000000000000e+00 7.142857142857143016e-01 -1.291002817669667947e-03 8.753288796204952357e-03 -4.466955124767509278e-06 -6.276307103486445499e-05 -6.276307103486496999e-05 2.222342984350906409e-02
0.000000000000000000e+00 7.619047619047618625e-01 1.159701903290758125e-03 9.069974314600930121e-03 -7.235176395901848491e-06 5.825965792164289195e-05 5.825965792164289195e-05 2.175229378336421965e-02
4.761904761904761640e-02 7.619047619047618625e-01 1.025007613315554898e-03 9.204788614551142820e-03 9.481088557422341775e-05 8.480843656966340061e-05 8.480843656966340061e-05 2.191530355575897759e-02
9.523809523809523281e-02 7.619047619047618625e-01 8.941088586965086592e-04 9.331684588017696846e-03 4.282844586175046171e-04 -3.136383071648642172e-04 -3.136383071648633498e-04 2.156351150344637882e-02
1.428571428571428492e-01 7.619047619047618625e-01 7.708086018943298380e-04 9.438455256312211147e-03 7.707514070337895609e-04 -8.187456531830245498e-04 -8.187456531830247667e-04 2.107073305289342696e-02
1.904761904761904656e-01 7.619047619047618625e-01 6.556815741152647410e-04 9.521710821292354507e-03 1.096146701493833390e-03 -1.199262823864001961e-03 -1.199262823864001961e-03 2.054179800694241539e-02
2.380952380952380820e-01 7.619047619047618625e-01 5.473153684716208778e-04 9.583216732630054149e-03 1.297493471505543634e-03 -1.386587327614479271e-03 -1.386587327614479705e-03 2.008630586851761421e-02
2.857142857142856984e-01 7.619047619047618625e-01 4.437065729252427670e-04 9.626738905024878959e-03 1.422079635346873124e-03 -1.383211388638571271e-03 -1.383211388638571271e-03 1.977338830290025981e-02
3.333333333333333148e-01 7.619047619047618625e-01 3.430930163119787755e-04 9.656342790718776964e-03 1.486490712531186214e-03 -1.222460837615263257e-03 -1.222460837615263691e-03 1.953407929577831090e-02
3.809523809523809312e-01 7.619047619047618625e-01 2.442172214557582145e-04 9.675485874827218641e-03 1.506215549886112540e-03 -9.486139405331976086e-04 -9.486139405331993433e-04 1.940175156466259973e-02
4.285714285714285476e-01 7.619047619047618625e-01 1.462526935541837104e-04 9.686823453074800555e-03 1.520020853993649199e-03 -5.968023937984685617e-04 -5.968023937984689954e-04 1.930866652380408902e-02
4.761904761904761640e-01 7.619047619047618625e-01 4.871839048974669495e-05 9.692091190339357024e-03 1.514492024031325202e-03 -2.021592873763738778e-04 -2.021592873763742573e-04 1.927805717134482150e-02
5.238095238095238360e-01 7.619047619047618625e-01 -4.868450788770502686e-05 9.692160736430961362e-03 1.522200770289012725e-03 2.069139365418921092e-04 2.069139365418883416e-04 1.927000039948061419e-02
5.714285714285713969e-01 7.619047619047618625e-01 -1.461890913166274020e-04 9.687025876798547111e-03 1.515585725879898789e-03 6.022332631265228274e-04 6.022332631264826035e-04 1.931488156788271904e-02
6.190476190476190688e-01 7.619047619047618625e-01 -2.440881087049882870e-04 9.675831964722360345e-03 1.516305701905663059e-03 9.532919799293312468e-04 9.532919799293253921e-04 1.938796968295174866e-02
6.666666666666666297e-01 7.619047619047618625e-01 -3.428770164088930741e-04 9.656824793292238807e-03 1.487371934842882061e-03 1.229139571795913972e-03 1.229139571795916357e-03 1.954273720164543052e-02
7.142857142857143016e-01 7.619047619047618625e-01 -4.433656105918037157e-04 9.627379219102593852e-03 1.430342800002589810e-03 1.389007854264509220e-03 1.389007854264443084e-03 1.975320608794224261e-02
7.619047619047618625e-01 7.619047619047618625e-01 -5.468443497961350888e-04 9.583996530786500698e-03 1.309981308037376415e-03 1.394747038268129118e-03 1.394747038268299554e-03 2.009806554362607647e-02
8.095238095238095344e-01 7.619047619047618625e-01 -6.550810747120163705e-04 9.522661651017359785e-03 1.090382781754655785e-03 1.208858163208727937e-03 1.208858163208711024e-03 2.053005397426346454e-02
8.571428571428570953e-01 7.619047619047618625e-01 -7.700964123254455500e-04 9.439524051823694126e-03 7.993185084643402187e-04 8.247113673162086980e-04 8.247113673161946034e-04 2.106553730879211217e-02
9.047619047619047672e-01 7.619047619047618625e-01 -8.933643038450490631e-04 9.332785647434138979e-03 4.059006895637553799e-04 3.252021364235390993e-04 3.252021364232659346e-04 2.160704336517731139e-02
9.523809523809523281e-01 7.619047619047618625e-01 -1.024300383459815673e-03 9.205869604686871960e-03 1.101388169462686308e-04 -9.078105972814130733e-05 -9.078105972812578969e-05 2.186153332351970652e-02
1.000000000000000000e+00 7.619047619047618625e-01 -1.159221955225626021e-03 9.070962389126141154e-03 -3.883877249787299151e-05 -5.624010313235069236e-05 -5.624010313236873078e-05 2.181569527094889133e-02
0.000000000000000000e+00 8.095238095238095344e-01 1.023200640270136106e-03 9.382565186474272484e-03 -7.328156565773611070e-05 6.865143697843095576e-05 6.865143697843092865e-05 2.163408201056251506e-02
4.761904761904761640e-02 8.095238095238095344e-01 8.879444170442677125e-04 9.522052052278049544e-03 1.799709202622184795e-04 -2.204883300767240578e-04 -2.204883300767247626e-04 2.219341061273131382e-02
9.523809523809523281e-02 8.095238095238095344e-01 7.570368604526500969e-04 9.643411348314066128e-03 7.192691503347393685e-04 -8.315895465182461142e-04 -8.315895465182461142e-04 2.215684763823865672e-02
1.428571428571428492e-01 8.095238095238095344e-01 6.380127195005656565e-04 9.739055673718851475e-03 1.462796571351008754e-03 -1.317357664555587763e-03 -1.317357664555587763e-03 2.147334902610159926e-02
1.904761904761904656e-01 8.095238095238095344e-01 5.323496379876968467e-04 9.810650912377023511e-03 1.980782535997917867e-03 -1.576868109915608883e-03 -1.576868109915608883e-03 2.075847837833382989e-02
2.380952380952380820e-01 8.095238095238095344e-01 4.377704797908395229e-04 9.862479286281984614e-03 2.396908151187863122e-03 -1.629129916529734263e-03 -1.629129916529734263e-03 2.013388865953881154e-02
2.857142857142856984e-01 8.095238095238095344e-01 3.510782357814053070e-04 9.898964224231421305e-03 2.619345530854293603e-03 -1.517836111791600337e-03 -1.517836111791600337e-03 1.962854655825381836e-02
3.333333333333333148e-01 8.095238095238095344e-01 2.694809643455546382e-04 9.923818979047451666e-03 2.745791576490476914e-03 -1.289601943325900928e-03 -1.289601943325900928e-03 1.930269178654636653e-02
3.809523809523809312e-01 8.095238095238095344e-01 1.909066239412582702e-04 9.939987952893558285e-03 2.809764528415921014e-03 -9.754857048154965500e-04 -9.754857048154963331e-04 1.905946814659345220e-02
4.285714285714285476e-01 8.095238095238095344e-01 1.140192065039285748e-04 9.949614421412769985e-03 2.825545817806095032e-03 -6.062872136344872208e-04 -6.062872136344872208e-04 1.893720334947384537e-02
4.761904761904761640e-01 8.095238095238095344e-01 3.794848828537802221e-05 9.954109045402642630e-03 2.842793842586424820e-03 -2.043872644193555721e-04 -2.043872644193567105e-04 1.886175422085637973e-02
5.238095238095238360e-01 8.095238095238095344e-01 -3.786736328148294797e-05 9.954159887831355927e-03 2.833706546083286735e-03 2.077483372059893993e-04 2.077483372059940885e-04 1.887233222148290007e-02
5.714285714285713969e-01 8.095238095238095344e-01 -1.139013638253040371e-04 9.949772604794191247e-03 2.837188981783551629e-03 6.093121396277859873e-04 6.093121396277802410e-04 1.892232265918461845e-02
6.190476190476190688e-01 8.095238095238095344e-01 -1.907262418858628780e-04 9.940251893310126166e-03 2.807131990821933650e-03 9.795537273963592691e-04 9.795537273963790016e-04 1.907043414331507231e-02
6.666666666666666297e-01 8.095238095238095344e-01 -2.691858996656895675e-04 9.924202622610345248e-03 2.755047624158165308e-03 1.292852952035775669e-03 1.292852952035697172e-03 1.928018835280818216e-02
7.142857142857143016e-01 8.095238095238095344e-01 -3.506541542322487654e-04 9.899472083487660667e-03 2.632910500062851829e-03 1.523702936210967951e-03 1.523702936210985081e-03 1.964215513198496951e-02
7.619047619047618625e-01 8.095238095238095344e-01 -4.371564798347633536e-04 9.863144180960346438e-03 2.389911698128245523e-03 1.634591210909741837e-03 1.634591210909551668e-03 2.011070550274229526e-02
8.095238095238095344e-01 8.095238095238095344e-01 -5.315350947299430457e-04 9.811486246380712178e-03 2.030137775897808243e-03 1.587401013293688852e-03 1.587401013293514946e-03 2.075996595536203776e-02
8.571428571428570953e-01 8.095238095238095344e-01 -6.370523176785464854e-04 9.740131674720282212e-03 1.414888350814592650e-03 1.330891287862429485e-03 1.330891287862420594e-03 2.150508790770727652e-02
9.047619047619047672e-01 8.095238095238095344e-01 -7.559779528997854613e-04 9.644607270870127896e-03 7.909162061365106536e-04 8.383365701861113977e-04 8.383365701861100966e-04 2.207770206221706943e-02
9.523809523809523281e-01 8.095238095238095344e-01 -8.868351204487898197e-04 9.523147585631493856e-03 1.501588594573718971e-04 2.411832938043162282e-04 2.411832938043111595e-04 2.233139249421911207e-02
1.000000000000000000e+00 8.095238095238095344e-01 -1.021791479982205215e-03 9.383272645577636281e-03 -1.903767843771468943e-05 -6.758174578069552931e-05 -6.758174578069697943e-05 2.153017786035073614e-02
0.000000000000000000e+00 8.571428571428570953e-01 8.696499374930067357e-04 9.693996903647720750e-03 -7.085145448729440049e-05 1.259600451894752834e-04 1.259600451894780752e-04 2.163116447184363841e-02
4.761904761904761640e-02 8.571428571428570953e-01 7.321694264346347448e-04 9.846144316269837826e-03 2.724341915445909531e-04 -8.386419522105728651e-04 -8.386419522105735156e-04 2.314071075542710465e-02
9.523809523809523281e-02 8.571428571428570953e-01 6.030968059675845695e-04 9.960298126701834162e-03 1.474093329239324060e-03 -1.721850943250244435e-03 -1.721850943250245085e-03 2.264740052015590949e-02
1.428571428571428492e-01 8.571428571428570953e-01 4.935578674144331865e-04 1.003985975435890340e-02 2.376151328857219192e-03 -2.101610945394033307e-03 -2.101610945394034174e-03 2.178381207351683807e-02
1.904761904761904656e-01 8.571428571428570953e-01 4.027221171184184765e-04 1.009517780325277884e-02 3.192339944234229634e-03 -2.131323009414277589e-03 -2.131323009414288431e-03 2.080872010721929871e-02
2.380952380952380820e-01 8.571428571428570953e-01 3.259280612629124004e-04 1.013394645774334281e-02 3.618247583663278515e-03 -1.967096224653333471e-03 -1.967096224653333471e-03 1.998897421479055303e-02
2.857142857142856984e-01 8.571428571428570953e-01 2.585306806825147271e-04 1.016098819939259025e-02 3.890658416987602831e-03 -1.706346016752415505e-03 -1.706346016752413987e-03 1.941633413637472091e-02
3.333333333333333148e-01 8.571428571428570953e-01 1.969703083799671036e-04 1.017945227202839663e-02 4.023602523077496503e-03 -1.381324566222043825e-03 -1.381324566222044041e-03 1.897240808297595213e-02
3.809523809523809312e-01 8.571428571428570953e-01 1.388925116452461607e-04 1.019154306356023429e-02 4.074907842716344632e-03 -1.015307358995658086e-03 -1.015307358995657652e-03 1.871239856721281652e-02
4.285714285714285476e-01 8.571428571428570953e-01 8.272679772356883595e-05 1.019879573282912039e-02 4.107883597102732383e-03 -6.198536645972866710e-04 -6.198536645972871047e-04 1.852616386822298136e-02
4.761904761904761640e-01 8.571428571428570953e-01 2.751099828593278246e-05 1.020219693644505883e-02 4.101143477184246780e-03 -2.080062402299392944e-04 -2.080062402299402702e-04 1.846164259503828287e-02
5.238095238095238360e-01 8.571428571428570953e-01 -2.741561722916237057e-05 1.020223260674516831e-02 4.115339871970503591e-03 2.095391574991506986e-04 2.095391574991361703e-04 1.844633017375548259e-02
5.714285714285713969e-01 8.571428571428570953e-01 -8.260200548941464753e-05 1.019890286380869746e-02 4.097821178075671152e-03 6.216313867003528219e-04 6.216313867003545567e-04 1.853958595547912022e-02
6.190476190476190688e-01 8.571428571428570953e-01 -1.386935642119041480e-04 1.019172579797426176e-02 4.089307536312620540e-03 1.016460056434545034e-03 1.016460056434523784e-03 1.869018984056783350e-02
6.666666666666666297e-01 8.571428571428570953e-01 -1.966774954121061690e-04 1.017971772792268179e-02 4.024809530743497614e-03 1.383524315519931488e-03 1.383524315519808539e-03 1.898842807912300146e-02
7.142857142857143016e-01 8.571428571428570953e-01 -2.580671228312625301e-04 1.016134909173560009e-02 3.896296848469503471e-03 1.707405470465148990e-03 1.707405470462968877e-03 1.938484476521619079e-02
7.619047619047618625e-01 8.571428571428570953e-01 -3.252822977055987055e-04 1.013443604379122252e-02 3.652136860646429395e-03 1.972295068309289426e-03 1.972295068310653352e-03 2.000594572087173451e-02
8.095238095238095344e-01 8.571428571428570953e-01 -4.017720497971509421e-04 1.009583441769829580e-02 3.160952364544849028e-03 2.135137067963375872e-03 2.135137067963261380e-03 2.078531237803262627e-02
8.571428571428570953e-01 8.571428571428570953e-01 -4.922298800098551946e-04 1.004079715379302927e-02 2.498608542194867815e-03 2.122093107558323168e-03 2.122093107558589448e-03 2.176085753914009518e-02
9.047619047619047672e-01 8.571428571428570953e-01 -6.016194149389271452e-04 9.961722261801232714e-03 1.345625658728444871e-03 1.746947840100654403e-03 1.746947840100650500e-03 2.281480009997337646e-02
9.523809523809523281e-01 8.571428571428570953e-01 -7.308522604884534410e-04 9.847560421958775206e-03 3.732945401972551265e-04 8.322709501887710611e-04 8.322709501887710611e-04 2.294083886909543957e-02
1.000000000000000000e+00 8.571428571428570953e-01 -8.689531823621046919e-04 9.695100194625270659e-03 -1.921859760840793029e-04 -9.860416963462189418e-05 -9.860416963462299194e-05 2.192911472739755493e-02
0.000000000000000000e+00 9.047619047619047672e-01 6.868775352733789150e-04 1.001106918140118145e-02 -7.335236393430712458e-04 4.875214716312206058e-04 4.875214716312204974e-04 2.252256593262040238e-02
4.761904761904761640e-02 9.047619047619047672e-01 5.415931230117529546e-04 1.018358886722977100e-02 1.227069405246869601e-03 -2.198083109282798504e-03 -2.198083109282798504e-03 2.417571016822145716e-02
9.523809523809523281e-02 9.047619047619047672e-01 4.221863780327072017e-04 1.027973602040759861e-02 2.633279472638652696e-03 -3.099530684072564733e-03 -3.099530684072566034e-03 2.322506520320955295e-02
1.428571428571428492e-01 9.047619047619047672e-01 3.332366517832687338e-04 1.033492963362610782e-02 4.062657211595443324e-03 -3.063547988761198583e-03 -3.063547988761199884e-03 2.176856958156582825e-02
1.904761904761904656e-01 9.047619047619047672e-01 2.660007904066510062e-04 1.037000875157303471e-02 4.681788056077003379e-03 -2.694725798718332170e-03 -2.694725798718336073e-03 2.054083455628706242e-02
2.380952380952380820e-01 9.047619047619047672e-01 2.123520091474509334e-04 1.039398687043175881e-02 5.056558898835219855e-03 -2.281107764298512600e-03 -2.281107764298512600e-03 1.969875939944400883e-02
2.857142857142856984e-01 9.047619047619047672e-01 1.669102820014718561e-04 1.041068311984361117e-02 5.227855224344494373e-03 -1.861897174733706615e-03 -1.861897174733706615e-03 1.903149206801432042e-02
3.333333333333333148e-01 9.047619047619047672e-01 1.264444501408911663e-04 1.042220236841402171e-02 5.288254548881633765e-03 -1.450009081831420263e-03 -1.450009081831420263e-03 1.861426142432641775e-02
3.809523809523809312e-01 9.047619047619047672e-01 8.883899672108396938e-05 1.042982909681674543e-02 5.322258587573331853e-03 -1.037894348617215967e-03 -1.037894348617215967e-03 1.829410326732772499e-02
4.285714285714285476e-01 9.047619047619047672e-01 5.281351565228653994e-05 1.043445771287741103e-02 5.304351662383632871e-03 -6.244605778198717783e-04 -6.244605778198717783e-04 1.813213726963285727e-02
4.761904761904761640e-01 9.047619047619047672e-01 1.755106425960159205e-05 1.043664092612574604e-02 5.317536237073279722e-03 -2.083480009745974828e-04 -2.083480009745978352e-04 1.802869713891684308e-02
5.238095238095238360e-01 9.047619047619047672e-01 -1.747559690418254980e-05 1.043666239734188615e-02 5.300334928433826642e-03 2.085864835241240582e-04 2.085864835241224861e-04 1.804470896801801255e-02
5.714285714285713969e-01 9.047619047619047672e-01 -5.270958160603048695e-05 1.043451657394971720e-02 5.323538690433449183e-03 6.243104325614331693e-04 6.243104325614531186e-04 1.811177970485390587e-02
6.190476190476190688e-01 9.047619047619047672e-01 -8.868514584066363772e-05 1.042993509754683995e-02 5.309472860213403089e-03 1.037816604378442474e-03 1.037816604378442474e-03 1.831122014930451625e-02
6.666666666666666297e-01 9.047619047619047672e-01 -1.261931771724640670e-04 1.042234842205841568e-02 5.306744005296544844e-03 1.448574361424269851e-03 1.448574361425277075e-03 1.858422113568707762e-02
7.142857142857143016e-01 9.047619047619047672e-01 -1.665421270030910058e-04 1.041089434217197518e-02 5.228992789311764401e-03 1.861386968355203128e-03 1.861386968357228635e-03 1.905418696206112594e-02
7.619047619047618625e-01 9.047619047619047672e-01 -2.117609168517478081e-04 1.039425641471889566e-02 5.063435734203285653e-03 2.277317834978888605e-03 2.277317834979848341e-03 1.965384884706688692e-02
8.095238095238095344e-01 9.047619047619047672e-01 -2.651755539521972451e-04 1.037041728132963823e-02 4.734915331737792749e-03 2.698682514589865501e-03 2.698682514590137853e-03 2.057100847447742090e-02
8.571428571428570953e-01 9.047619047619047672e-01 -3.318400640028820628e-04 1.033546135426407185e-02 4.002114208615544302e-03 3.060934902451106429e-03 3.060934902451110332e-03 2.171953025795473821e-02
9.047619047619047672e-01 9.047619047619047672e-01 -4.198543316446214828e-04 1.028096650432642686e-02 2.971205640383352015e-03 3.157625791075847031e-03 3.157625791075847899e-03 2.319268573566812125e-02
9.523809523809523281e-01 9.047619047619047672e-01 -5.391416487184691681e-04 1.018544150173109585e-02 7.949430743391361874e-04 2.238978692002372914e-03 2.238978692002372914e-03 2.490864302825884433e-02
1.000000000000000000e+00 9.047619047619047672e-01 -6.820641029125309486e-04 1.001362933387982442e-02 -3.890146212664355669e-04 -2.346812526946459273e-04 -2.346812526946459002e-04 2.251679333520933621e-02
0.000000000000000000e+00 9.523809523809523281e-01 4.354627381514086619e-04 1.036042851305495061e-02 1.712959290565698952e-04 5.802583671524237522e-04 5.802583671524242943e-04 2.367346675511143583e-02
4.761904761904761640e-02 9.523809523809523281e-01 2.932358841695580239e-04 1.053704343861810652e-02 3.045221824360550174e-03 -5.019822714215855901e-03 -5.019822714215855901e-03 2.610602060791551021e-02
9.523809523809523281e-02 9.523809523809523281e-01 2.111869116918870849e-04 1.058969303483634286e-02 5.608350471422209223e-03 -4.667572315476965772e-03 -4.667572315476964905e-03 2.323297528163566564e-02
1.428571428571428492e-01 9.523809523809523281e-01 1.619158707667356779e-04 1.061401874953521625e-02 6.322317482653440693e-03 -3.764844298532652855e-03 -3.764844298532651554e-03 2.116395530733156810e-02
1.904761904761904656e-01 9.523809523809523281e-01 1.278098981544911782e-04 1.062868689147007314e-02 6.513119053261569140e-03 -3.013017352203536513e-03 -3.013017352203532177e-03 2.004045489682495726e-02
2.380952380952380820e-01 9.523809523809523281e-01 1.012367747485894381e-04 1.063894751541430601e-02 6.591650535602025518e-03 -2.417045877307187444e-03 -2.417045877307187444e-03 1.916982766177412895e-02
2.857142857142856984e-01 9.523809523809523281e-01 7.925169129261355663e-05 1.064619056235347611e-02 6.547343512391358249e-03 -1.902433503888088838e-03 -1.902433503888088838e-03 1.860848353908611807e-02
3.333333333333333148e-01 9.523809523809523281e-01 5.987149951709468300e-05 1.065133961798677038e-02 6.531600350210256881e-03 -1.447536292729019762e-03 -1.447536292729019762e-03 1.816144675849899401e-02
3.809523809523809312e-01 9.523809523809523281e-01 4.202050655566590386e-05 1.065479126412958825e-02 6.458445876532489111e-03 -1.018961358404382646e-03 -1.018961358404382430e-03 1.789740802093477481e-02
4.285714285714285476e-01 9.523809523809523281e-01 2.496365594869372955e-05 1.065694202537973388e-02 6.445847328131383384e-03 -6.074624119130139169e-04 -6.074624119130134833e-04 1.770158841475822850e-02
4.761904761904761640e-01 9.523809523809523281e-01 8.295974540462587810e-06 1.065794925290422523e-02 6.401645991790182177e-03 -2.019117076920157053e-04 -2.019117076920161390e-04 1.763418467978307771e-02
5.238095238095238360e-01 9.523809523809523281e-01 -8.257400537442797974e-06 1.065796864799905576e-02 6.425413143930809590e-03 2.013483837758042239e-04 2.013483837758002937e-04 1.761704487589470236e-02
5.714285714285713969e-01 9.523809523809523281e-01 -2.491330366899454558e-05 1.065695253719663865e-02 6.422402034684665528e-03 6.060507085783740488e-04 6.060507085783571352e-04 1.771753068951517976e-02
6.190476190476190688e-01 9.523809523809523281e-01 -4.193102959414803690e-05 1.065484490978425326e-02 6.485494511518268348e-03 1.018129523504818484e-03 1.018129523504625496e-03 1.787418913998382181e-02
6.666666666666666297e-01 9.523809523809523281e-01 -5.974665380486263253e-05 1.065137727082952554e-02 6.507229809932123764e-03 1.443166912495648119e-03 1.443166912495240243e-03 1.818084236311293123e-02
7.142857142857143016e-01 9.523809523809523281e-01 -7.901866678485936336e-05 1.064628850107125595e-02 6.579634863319013503e-03 1.900915296294794889e-03 1.900915296291228081e-03 1.857418941222701084e-02
7.619047619047618625e-01 9.523809523809523281e-01 -1.009409385446980470e-04 1.063900768356833108e-02 6.570583262004783820e-03 2.405821692967466657e-03 2.405821692968768133e-03 1.919848144303223231e-02
8.095238095238095344e-01 9.523809523809523281e-01 -1.272329213180579683e-04 1.062887783237733731e-02 6.550136112778862443e-03 3.013138529613685213e-03 3.013138529613639243e-03 1.997976415982507040e-02
8.571428571428570953e-01 9.523809523809523281e-01 -1.613414489411672944e-04 1.061400862169339411e-02 6.318600901998979585e-03 3.743235495819262956e-03 3.743235495819262956e-03 2.123036676424868568e-02
9.047619047619047672e-01 9.523809523809523281e-01 -2.091044120334093945e-04 1.059014476640302363e-02 5.685264094218216331e-03 4.722711897959694545e-03 4.722711897959694545e-03 2.292213690339986107e-02
9.523809523809523281e-01 9.523809523809523281e-01 -2.886502303447349813e-04 1.053882186970680687e-02 3.689345849379951914e-03 5.141620819422467771e-03 5.141620819422466904e-03 2.555272490533999283e-02
1.000000000000000000e+00 9.523809523809523281e-01 -4.370570838060122872e-04 1.035823031870500115e-02 -2.177555976499424579e-03 3.972852204284855115e-04 3.972852204284863247e-04 2.825044653942593298e-02
0.000000000000000000e+00 1.000000000000000000e+00 -2.526441236660029998e-21 1.086699999999999992e-02 1.146364001249024211e-02 -1.086736055111413302e-02 -1.086736055111413302e-02 4.280738055988470014e-02
4.761904761904761640e-02 1.000000000000000000e+00 -3.836552098788468084e-21 1.086699999999999992e-02 9.784515738241367916e-03 -6.803796055319093899e-03 -6.803796055319093032e-03 2.630822953986280618e-02
9.523809523809523281e-02 1.000000000000000000e+00 4.491836038217946017e-16 1.086699999999999992e-02 9.064554344816370610e-03 -4.562448862478818597e-03 -4.562448862478813393e-03 2.149624946187716698e-02
1.428571428571428492e-01 1.000000000000000000e+00 -3.344549417854963305e-21 1.086699999999999992e-02 8.672124865139881414e-03 -3.659982636685098299e-03 -3.659982636685098299e-03 2.028747653657205982e-02
1.904761904761904656e-01 1.000000000000000000e+00 3.766449364734219361e-21 1.086699999999999992e-02 8.290888717356928797e-03 -2.862241880845003451e-03 -2.862241880845003018e-03 1.928675176875207023e-02
2.380952380952380820e-01 1.000000000000000000e+00 -2.146340863949705624e-21 1.086699999999999992e-02 7.992497282671337175e-03 -2.289708725798510376e-03 -2.289708725798510376e-03 1.864459484811198386e-02
2.857142857142856984e-01 1.000000000000000000e+00 7.190302384978715053e-21 1.086699999999999992e-02 7.780389081705017286e-03 -1.782408460837398272e-03 -1.782408460837398272e-03 1.809791354795637491e-02
3.333333333333333148e-01 1.000000000000000000e+00 -1.782436634210442726e-21 1.086699999999999992e-02 7.610350282121376708e-03 -1.354357499786916757e-03 -1.354357499786916757e-03 1.775251290168907564e-02
3.809523809523809312e-01 1.000000000000000000e+00 1.259898826193164678e-16 1.086699999999999992e-02 7.506276448429543592e-03 -9.483752066885426909e-04 -9.483752066885427993e-04 1.746693848766428178e-02
4.285714285714285476e-01 1.000000000000000000e+00 -3.238999181102092369e-21 1.086700000000000166e-02 7.426629661687001761e-03 -5.654802872815332384e-04 -5.654802872815407194e-04 1.732471246974826365e-02
4.761904761904761640e-01 1.000000000000000000e+00 -6.214932477106477028e-17 1.086699999999999819e-02 7.400649672496293491e-03 -1.875983534783517070e-04 -1.875983534783521949e-04 1.722501121166865670e-02
5.238095238095238360e-01 1.000000000000000000e+00 6.733602996069717240e-22 1.086699999999999992e-02 7.392070970073430156e-03 1.871616566194384879e-04 1.871616566194372682e-04 1.724426249284356782e-02
5.714285714285713969e-01 1.000000000000000000e+00 -1.899250684042756461e-15 1.086699999999999992e-02 7.434599522457987532e-03 5.631132219203887094e-04 5.631132219203750485e-04 1.730256545573801916e-02
6.190476190476190688e-01 1.000000000000000000e+00 1.624212277052989696e-21 1.086699999999999992e-02 7.496836585004855967e-03 9.490504962889539453e-04 9.490504962887764615e-04 1.748814179688157333e-02
6.666666666666666297e-01 1.000000000000000000e+00 -1.741802770604360735e-21 1.086699999999999992e-02 7.617898459649878606e-03 1.345901673171462625e-03 1.345901673170547342e-03 1.772315400192504831e-02
7.142857142857143016e-01 1.000000000000000000e+00 2.725395433453205945e-21 1.086699999999999992e-02 7.770545936315631161e-03 1.786326967561039508e-03 1.786326967560664157e-03 1.812578701373591603e-02
7.619047619047618625e-01 1.000000000000000000e+00 8.257334461170813549e-17 1.086699999999999992e-02 7.999045995522017019e-03 2.266336781411220323e-03 2.266336781410771464e-03 1.860237210206166364e-02
8.095238095238095344e-01 1.000000000000000000e+00 4.284545525266393602e-21 1.086699999999999992e-02 8.285018941859522562e-03 2.879241372314915275e-03 2.879241372314799915e-03 1.933413266583388843e-02
8.571428571428570953e-01 1.000000000000000000e+00 1.041132539443748074e-16 1.086699999999999992e-02 8.665789022169028896e-03 3.618734558038785073e-03 3.618734558038776833e-03 2.018814554185394822e-02
9.047619047619047672e-01 1.000000000000000000e+00 7.285860842544800734e-21 1.086699999999999992e-02 9.196880082596803688e-03 4.800152121952308733e-03 4.800152121952309600e-03 2.173195278989503709e-02
9.523809523809523281e-01 1.000000000000000000e+00 -8.043219560471566278e-21 1.086699999999999992e-02 9.968154751617894563e-03 7.000690297802808840e-03 7.000690297802808840e-03 2.408517533894521251e-02
1.000000000000000000e+00 1.000000000000000000e+00 1.999484876092808279e-20 1.086699999999999992e-02 2.346585875532414961e-02 1.497353060145587000e-02 1.497353060145587000e-02 5.036167459192948670e-02
