0.000000000000000000e+00 0.000000000000000000e+00 -6.028847973749688781e-19 -5.078143521271483231e-19 2.732358706533263293e-01 1.520684557113898272e-01 1.520684557113898272e-01 4.654575630656398455e-01
4.761904761904761640e-02 0.000000000000000000e+00 -3.299321544155843734e-18 -4.434550449089295869e-19 9.433206089830310781e-02 7.672248079487506423e-02 7.672248079487506423e-02 1.808180812292128070e-01
9.523809523809523281e-02 0.000000000000000000e+00 -3.705659429845244791e-19 -2.506189197815641491e-19 9.013587433471535737e-02 5.802624912186638007e-02 5.802624912186635231e-02 1.698167709639830103e-01
1.428571428571428492e-01 0.000000000000000000e+00 -3.597482136406754666e-19 -2.981450195903674401e-19 8.920226995791107061e-02 4.813156779686026537e-02 4.813156779686014047e-02 1.650775174158839731e-01
1.904761904761904656e-01 0.000000000000000000e+00 -2.467004718793897534e-19 -2.178477257973890613e-19 8.984932420784166873e-02 4.074538837211264669e-02 4.074538837211263281e-02 1.668832929350408389e-01
2.380952380952380820e-01 0.000000000000000000e+00 -2.468939661599124107e-19 -2.941622168329196518e-19 9.105223272055758266e-02 3.377920176658771867e-02 3.377920176658771173e-02 1.690559365081692744e-01
2.857142857142856984e-01 0.000000000000000000e+00 -1.698245664643372322e-19 -2.205792480168598969e-19 9.241958187119313217e-02 2.730701859975928972e-02 2.730701859975928972e-02 1.716412930896276945e-01
3.333333333333333148e-01 0.000000000000000000e+00 -1.637598600658259402e-19 -2.209971387183598747e-19 9.361502395264266474e-02 2.095238591519837587e-02 2.095238591519837587e-02 1.741430036323548813e-01
3.809523809523809312e-01 0.000000000000000000e+00 -1.030176817809096914e-19 -2.258844760212619456e-19 9.468499846717787216e-02 1.485434780454523984e-02 1.485434780454523637e-02 1.758701558387244512e-01
4.285714285714285476e-01 0.000000000000000000e+00 -5.534131125751630469e-20 -3.561029395614672518e-19 9.530319556248137425e-02 8.830464589067740441e-03 8.830464589067738707e-03 1.773727299613693242e-01
4.761904761904761640e-01 0.000000000000000000e+00 -4.072209905537132332e-20 -2.292506476082568813e-19 9.573779468580917440e-02 2.919179286514280228e-03 2.919179286514280661e-03 1.778313710183745955e-01
5.238095238095238360e-01 0.000000000000000000e+00 -3.554127476065174003e-20 -2.293077693104780238e-19 9.565452516191781662e-02 -2.976744461104647872e-03 -2.976744461104646571e-03 1.780381455679946323e-01
5.714285714285713969e-01 0.000000000000000000e+00 1.988648723036185866e-20 -2.298304878915847044e-19 9.538185651039053636e-02 -8.914108519841241682e-03 -8.914108519841238212e-03 1.771686153637630767e-01
6.190476190476190688e-01 0.000000000000000000e+00 2.495831083537013954e-20 -2.296290400287517700e-19 9.460979417322361307e-02 -1.490106040409326649e-02 -1.490106040409326475e-02 1.760547929781287047e-01
6.666666666666666297e-01 0.000000000000000000e+00 1.086754251750947615e-19 -2.254477648070154999e-19 9.367214485681318870e-02 -2.108072940458989922e-02 -2.108072940458989922e-02 1.739811665507819405e-01
7.142857142857143016e-01 0.000000000000000000e+00 1.777167695010545296e-19 -2.988773368059394944e-19 9.237803453913737139e-02 -2.735996851340372765e-02 -2.735996851340372765e-02 1.717306044097619555e-01
7.619047619047618625e-01 0.000000000000000000e+00 1.470328468340159272e-19 -2.228869862859874800e-19 9.105232637430121789e-02 -3.399571995370162525e-02 -3.399571995370162525e-02 1.690899594124221084e-01
8.095238095238095344e-01 0.000000000000000000e+00 2.731051273762289445e-19 -2.930393764675711739e-19 8.986477928056962883e-02 -4.076127944291767918e-02 -4.076127944291767918e-02 1.665728823679865911e-01
8.571428571428570953e-01 0.000000000000000000e+00 2.209270171049155713e-19 -2.189275739960786126e-19 8.924271873926428733e-02 -4.841418810507018555e-02 -4.841418810507018555e-02 1.661081880324740689e-01
9.047619047619047672e-01 0.000000000000000000e+00 3.985220979523026188e-19 -3.049717831134726820e-19 8.882894249143576115e-02 -5.576397986626176889e-02 -5.576397986626176889e-02 1.666247062290940051e-01
9.523809523809523281e-01 0.000000000000000000e+00 3.126631629879780079e-19 -2.368657985907955143e-19 9.380087023287661530e-02 -7.472504742309289683e-02 -7.472504742309289683e-02 2.066587316078233594e-01
1.000000000000000000e+00 0.000000000000000000e+00 2.877616341207161633e-19 -1.903405089268475791e-19 1.243428857037411905e-01 -1.113351506989095352e-01 -1.113351506989095352e-01 3.756526410876097066e-01
0.000000000000000000e+00 4.761904761904761640e-02 1.367761520549989548e-02 1.202466866298808335e-02 -2.263356600794650536e-02 6.547433311108910407e-03 6.547433311108906938e-03 2.174024761512100556e-01
4.761904761904761640e-02 4.761904761904761640e-02 9.592784115113628732e-03 6.756936269843545791e-03 3.689022829963601452e-02 5.869402050523585962e-02 5.869402050523585962e-02 1.959418890820859571e-01
9.523809523809523281e-02 4.761904761904761640e-02 7.462758620358080769e-03 5.633205962398819995e-03 5.897180245535578458e-02 5.596027400980987249e-02 5.596027400980984473e-02 1.800036432230162076e-01
1.428571428571428492e-01 4.761904761904761640e-02 6.148643315281401324e-03 5.358553543417115400e-03 6.643441950544795582e-02 4.657332577273606139e-02 4.657332577273630425e-02 1.751298443927570281e-01
1.904761904761904656e-01 4.761904761904761640e-02 5.109022036068801113e-03 5.313065133534949219e-03 7.091159139150836344e-02 3.894143314025672042e-02 3.894143314025673430e-02 1.740504628647273067e-01
2.380952380952380820e-01 4.761904761904761640e-02 4.203853721243829868e-03 5.350015496433262185e-03 7.400831628092209569e-02 3.194852461059170812e-02 3.194852461059171506e-02 1.758562222635719763e-01
2.857142857142856984e-01 4.761904761904761640e-02 3.368781179250679349e-03 5.407545178381208822e-03 7.637081743070171791e-02 2.558976512152577251e-02 2.558976512152576210e-02 1.780723634291490332e-01
3.333333333333333148e-01 4.761904761904761640e-02 2.579496362095697309e-03 5.464611195969935019e-03 7.857886360533582193e-02 1.955141207241187576e-02 1.955141207241187576e-02 1.800884619180440627e-01
3.809523809523809312e-01 4.761904761904761640e-02 1.820664125499379385e-03 5.512061915521213919e-03 7.984437738142809160e-02 1.379542840682370687e-02 1.379542840682369820e-02 1.819245468860561377e-01
4.285714285714285476e-01 4.761904761904761640e-02 1.082862636411092636e-03 5.544467962984117766e-03 8.114634960159383681e-02 8.193861542628574218e-03 8.193861542628574218e-03 1.829696500657760905e-01
4.761904761904761640e-01 4.761904761904761640e-02 3.570178541008773719e-04 5.561618825674506141e-03 8.136989846916224678e-02 2.702861809091497338e-03 2.702861809091498205e-03 1.837201679697841872e-01
5.238095238095238360e-01 4.761904761904761640e-02 -3.649030501720536583e-04 5.561262734054492514e-03 8.165831062645592664e-02 -2.759115000980100901e-03 -2.759115000979946945e-03 1.835723751139841098e-01
5.714285714285713969e-01 4.761904761904761640e-02 -1.091080146472581808e-03 5.545088543207356800e-03 8.084496738573355989e-02 -8.259996823337233812e-03 -8.259996823337219934e-03 1.831183650833985710e-01
6.190476190476190688e-01 4.761904761904761640e-02 -1.830061142541984306e-03 5.512091001829377140e-03 8.008837503794952184e-02 -1.385399050129607415e-02 -1.385399050129607068e-02 1.817956299071080695e-01
6.666666666666666297e-01 4.761904761904761640e-02 -2.590189784403150626e-03 5.465579716966807028e-03 7.829731801133416047e-02 -1.964271870313443955e-02 -1.964271870313443955e-02 1.802140003585384898e-01
7.142857142857143016e-01 4.761904761904761640e-02 -3.382520468832939890e-03 5.408582097738370668e-03 7.648346914170880972e-02 -2.566335792179412489e-02 -2.566335792179412489e-02 1.780277568213702866e-01
7.619047619047618625e-01 4.761904761904761640e-02 -4.220836543319167813e-03 5.351299461676842055e-03 7.382689210967581517e-02 -3.209992138435348308e-02 -3.209992138435348308e-02 1.758496426209896768e-01
8.095238095238095344e-01 4.761904761904761640e-02 -5.133916427004535550e-03 5.317566442654124426e-03 7.068221030083339518e-02 -3.901260635214686551e-02 -3.901260635214686551e-02 1.743942742851949668e-01
8.571428571428570953e-01 4.761904761904761640e-02 -6.176115360825670808e-03 5.356305220842056888e-03 6.654621312021606616e-02 -4.686986568933471098e-02 -4.686986568933471098e-02 1.744848276558851885e-01
9.047619047619047672e-01 4.761904761904761640e-02 -7.545768399366934061e-03 5.649840660986281925e-03 5.747391412427114987e-02 -5.539223899110885113e-02 -5.539223899110885807e-02 1.838607824167300397e-01
9.523809523809523281e-01 4.761904761904761640e-02 -9.755728761677472799e-03 6.815507869062374310e-03 3.153269834317123238e-02 -5.760815423747682462e-02 -5.760815423747682462e-02 2.013440419860488273e-01
1.000000000000000000e+00 4.761904761904761640e-02 -1.365544432931785866e-02 1.200196367772860678e-02 1.083227651574448667e-03 5.526301635220895805e-03 5.526301635220883662e-03 1.686356492620277037e-01
0.000000000000000000e+00 9.523809523809523281e-02 2.122523993159100217e-02 1.904380208567756777e-02 -4.405374876740839746e-03 -1.799918490368754244e-03 -1.799918490368757279e-03 1.491408821946721419e-01
4.761904761904761640e-02 9.523809523809523281e-02 1.756519259260314395e-02 1.430281737209916984e-02 9.049872860872096303e-03 2.855847469965829000e-02 2.855847469965827612e-02 1.866395720288387128e-01
9.523809523809523281e-02 9.523809523809523281e-02 1.434221549343935205e-02 1.227778617902090287e-02 3.171652368043591241e-02 3.948003412282737740e-02 3.948003412282730107e-02 1.822259359247741517e-01
1.428571428571428492e-01 9.523809523809523281e-02 1.184400475656748226e-02 1.155790045052728504e-02 4.304150687009714732e-02 3.834779665176690777e-02 3.834779665176692165e-02 1.803928740280432153e-01
1.904761904761904656e-01 9.523809523809523281e-02 9.802696284659864756e-03 1.135251350189560131e-02 5.214905123714813628e-02 3.373657660791094803e-02 3.373657660791092028e-02 1.806604199278230294e-01
2.380952380952380820e-01 9.523809523809523281e-02 8.022486496365385106e-03 1.135036655887831057e-02 5.732951928444721124e-02 2.823364361448351539e-02 2.823364361448333151e-02 1.819934219383151919e-01
2.857142857142856984e-01 9.523809523809523281e-02 6.403690688154640119e-03 1.141842553643641206e-02 6.175399740606021814e-02 2.273168811735461897e-02 2.273168811735472999e-02 1.838506901472912736e-01
3.333333333333333148e-01 9.523809523809523281e-02 4.888552900373370480e-03 1.150102162778409570e-02 6.445060442887151630e-02 1.739632697436813147e-02 1.739632697436812800e-02 1.857936806548715070e-01
3.809523809523809312e-01 9.523809523809523281e-02 3.443979258031560318e-03 1.157348475701898763e-02 6.695950813360222742e-02 1.226322118904163948e-02 1.226322118904159438e-02 1.871655356819376115e-01
4.285714285714285476e-01 9.523809523809523281e-02 2.045760754598218312e-03 1.162537789379435721e-02 6.806221201992682102e-02 7.282613029499556724e-03 7.282613029499554122e-03 1.883657820206721678e-01
4.761904761904761640e-01 9.523809523809523281e-02 6.741583325962993570e-04 1.165215769035412782e-02 6.909265930208871587e-02 2.402115653836554583e-03 2.402115653836555450e-03 1.887457138423137559e-01
5.238095238095238360e-01 9.523809523809523281e-02 -6.889708100472082507e-04 1.165247955061963006e-02 6.875801675125783885e-02 -2.446480627111796528e-03 -2.446480627111796528e-03 1.889054991689006480e-01
5.714285714285713969e-01 9.523809523809523281e-02 -2.061359616182727259e-03 1.162621849922007393e-02 6.836296842979848465e-02 -7.329848997870990618e-03 -7.329848997870998424e-03 1.882179315968699751e-01
6.190476190476190688e-01 9.523809523809523281e-02 -3.461233521057456054e-03 1.157516992156681045e-02 6.658831661256846279e-02 -1.230973181460013471e-02 -1.230973181460013298e-02 1.873242347772438587e-01
6.666666666666666297e-01 9.523809523809523281e-02 -4.908683027456242631e-03 1.150367975426605516e-02 6.470376031388287708e-02 -1.745130820840434804e-02 -1.745130820840432029e-02 1.856884662494326654e-01
7.142857142857143016e-01 9.523809523809523281e-02 -6.427881657059651352e-03 1.142273898815694515e-02 6.130856105522446836e-02 -2.278207864293500806e-02 -2.278207864293500806e-02 1.839664014903462097e-01
7.619047619047618625e-01 9.523809523809523281e-02 -8.054067415549908543e-03 1.135702483643324413e-02 5.753471466566889569e-02 -2.830045805819544902e-02 -2.830045805819545943e-02 1.820518336826156269e-01
8.095238095238095344e-01 9.523809523809523281e-02 -9.842647341909434300e-03 1.136394917315062918e-02 5.134674376790410166e-02 -3.374187386001107486e-02 -3.374187386001107486e-02 1.805851110798947223e-01
8.571428571428570953e-01 9.523809523809523281e-02 -1.190559035722806025e-02 1.157536231626579704e-02 4.361038284258669101e-02 -3.837147294235575268e-02 -3.837147294235573880e-02 1.807788725358758508e-01
9.047619047619047672e-01 9.523809523809523281e-02 -1.443736695765034973e-02 1.232262936042161777e-02 2.803177111868937477e-02 -3.887370903817698176e-02 -3.887370903817698176e-02 1.822565076530003048e-01
9.523809523809523281e-01 9.523809523809523281e-02 -1.766158207361249316e-02 1.437706860915668843e-02 1.331064161200395252e-02 -2.816750688750604970e-02 -2.816750688750604970e-02 1.789681822049348503e-01
1.000000000000000000e+00 9.523809523809523281e-02 -2.140852231125851476e-02 1.915223706367503650e-02 -8.305671141513091757e-03 4.906194537870211050e-03 4.906194537870138192e-03 1.491090418570716614e-01
0.000000000000000000e+00 1.428571428571428492e-01 2.647845923533747106e-02 2.494023323739966505e-02 -2.143512272940244386e-03 -8.067445918452117006e-04 -8.067445918452076890e-04 1.364279495143846943e-01
4.761904761904761640e-02 1.428571428571428492e-01 2.312237973454029163e-02 2.135287772787322624e-02 4.077439677394836814e-03 1.355652844464437512e-02 1.355652844464498054e-02 1.633873745845325909e-01
9.523809523809523281e-02 1.428571428571428492e-01 1.966955241618920450e-02 1.928995960363800999e-02 1.467984494284031889e-02 2.433614086719864886e-02 2.433614086719869049e-02 1.780366742024310500e-01
1.428571428571428492e-01 1.428571428571428492e-01 1.653323842123792520e-02 1.834614801670010967e-02 2.775622419441854671e-02 2.752788742892250257e-02 2.752788742892250951e-02 1.815477749803161844e-01
1.904761904761904656e-01 1.428571428571428492e-01 1.375991699553397174e-02 1.799466223113521321e-02 3.608679452643542146e-02 2.609351622091512016e-02 2.609351622091512016e-02 1.845618096199918845e-01
2.380952380952380820e-01 1.428571428571428492e-01 1.127053608439934802e-02 1.792221440267136034e-02 4.381912153981684654e-02 2.275009014786614700e-02 2.275009014786611231e-02 1.866252230419755964e-01
2.857142857142856984e-01 1.428571428571428492e-01 8.987149616038990485e-03 1.796520893464845572e-02 4.859337025051519571e-02 1.865651318144071619e-02 1.865651318144070231e-02 1.888027033231988450e-01
3.333333333333333148e-01 1.428571428571428492e-01 6.852488569971519963e-03 1.804349054874981526e-02 5.297725775276125593e-02 1.441667160445215395e-02 1.441667160445215569e-02 1.904124877100659419e-01
3.809523809523809312e-01 1.428571428571428492e-01 4.822280264626668637e-03 1.811965504647913491e-02 5.539129902000928390e-02 1.020206948268842333e-02 1.020206948268842506e-02 1.919437258621387865e-01
4.285714285714285476e-01 1.428571428571428492e-01 2.862474394704772607e-03 1.817632114169335025e-02 5.759968320121800628e-02 6.072827808396284201e-03 6.072827808396285935e-03 1.927324216700964377e-01
4.761904761904761640e-01 1.428571428571428492e-01 9.430800476373385217e-04 1.820634884061140407e-02 5.811887775300846048e-02 2.007279492017141273e-03 2.007279492017141273e-03 1.933677330631616287e-01
5.238095238095238360e-01 1.428571428571428492e-01 -9.633210230449741878e-04 1.820687124635342324e-02 5.848068464508208997e-02 -2.033607556117240141e-03 -2.033607556117240141e-03 1.932131601046359060e-01
5.714285714285713969e-01 1.428571428571428492e-01 -2.883617977602302707e-03 1.817819552804706904e-02 5.719074461990127090e-02 -6.097389561274769651e-03 -6.097389561274768784e-03 1.928957218735594392e-01
6.190476190476190688e-01 1.428571428571428492e-01 -4.845524993092896471e-03 1.812292317806629693e-02 5.572811915357066964e-02 -1.022699471752087745e-02 -1.022699471752087745e-02 1.918019708302259596e-01
6.666666666666666297e-01 1.428571428571428492e-01 -6.878746834612825718e-03 1.804889032097745094e-02 5.247329436459687718e-02 -1.443134922526589925e-02 -1.443134922526590272e-02 1.905810500314023270e-01
7.142857142857143016e-01 1.428571428571428492e-01 -9.018595508163038468e-03 1.797337436608852437e-02 4.894160949647768238e-02 -1.867274591751696272e-02 -1.867274591751696272e-02 1.886871198716898457e-01
7.619047619047618625e-01 1.428571428571428492e-01 -1.130817846580950588e-02 1.793489926004445886e-02 4.306341927182912727e-02 -2.271585449223433029e-02 -2.271585449223433029e-02 1.868009837259360095e-01
8.095238095238095344e-01 1.428571428571428492e-01 -1.380779169959992121e-02 1.801416785866373840e-02 3.663334904653335611e-02 -2.606244351554599242e-02 -2.606244351554599242e-02 1.843817985124597270e-01
8.571428571428570953e-01 1.428571428571428492e-01 -1.659440853723175360e-02 1.837684794160781426e-02 2.622835742730994513e-02 -2.728193330409987849e-02 -2.728193330409993053e-02 1.819850814268922923e-01
9.047619047619047672e-01 1.428571428571428492e-01 -1.973420640905457907e-02 1.934236738325278981e-02 1.604907200039925458e-02 -2.403954632909018410e-02 -2.403954632909019104e-02 1.759804772004906481e-01
9.523809523809523281e-01 1.428571428571428492e-01 -2.318064830037560101e-02 2.140830590666374308e-02 2.983019307838356751e-03 -1.352980449645984837e-02 -1.352980449645983796e-02 1.655568497318712640e-01
1.000000000000000000e+00 1.428571428571428492e-01 -2.651128474497134457e-02 2.498291609140533900e-02 -7.946450016519248727e-04 1.031789032612043461e-03 1.031789032610445130e-03 1.331024481746386767e-01
0.000000000000000000e+00 1.904761904761904656e-01 2.998379776847048817e-02 3.036127710957845297e-02 -2.071777792665711242e-04 -3.956985354393280124e-04 -3.956985354393112073e-04 1.261049211389897173e-01
4.761904761904761640e-02 1.904761904761904656e-01 2.684839021096803446e-02 2.790242635147345551e-02 1.535338650374844282e-03 7.060156438403732311e-03 7.060156438403695014e-03 1.546422225946227635e-01
9.523809523809523281e-02 1.904761904761904656e-01 2.340057391049564853e-02 2.628578236662529322e-02 8.976704688458455456e-03 1.404068532700693435e-02 1.404068532700692741e-02 1.702804657922697973e-01
1.428571428571428492e-01 1.904761904761904656e-01 1.998916606933461362e-02 2.541817978887764978e-02 1.687951580283628475e-02 1.761631526761943400e-02 1.761631526761943747e-02 1.809429932649382067e-01
1.904761904761904656e-01 1.904761904761904656e-01 1.677427087912024967e-02 2.504098458696197432e-02 2.623014645562545336e-02 1.795826856748071812e-02 1.795826856748071465e-02 1.858644487126757672e-01
2.380952380952380820e-01 1.904761904761904656e-01 1.378962442467805347e-02 2.492835126182132294e-02 3.280932511445983774e-02 1.631159228009494699e-02 1.631159228009494699e-02 1.898298703380144892e-01
2.857142857142856984e-01 1.904761904761904656e-01 1.101020827716853341e-02 2.494090696912566046e-02 3.927304104788145733e-02 1.374316221330466187e-02 1.374316221330466187e-02 1.921354637046158720e-01
3.333333333333333148e-01 1.904761904761904656e-01 8.396525884535420772e-03 2.499979183832157573e-02 4.326948633180723036e-02 1.076909953276359612e-02 1.076909953276359612e-02 1.942314172822515450e-01
3.809523809523809312e-01 1.904761904761904656e-01 5.908135410321774077e-03 2.506439819978196690e-02 4.700820676880134580e-02 7.689815992429871808e-03 7.689815992429872675e-03 1.954242138310127164e-01
4.285714285714285476e-01 1.904761904761904656e-01 3.506329976016215200e-03 2.511498287819919142e-02 4.870096130909509075e-02 4.597937608555571244e-03 4.597937608555569509e-03 1.964893048952553178e-01
4.761904761904761640e-01 1.904761904761904656e-01 1.155398761506922379e-03 2.514234783695258255e-02 5.016291411158708274e-02 1.527668914847521561e-03 1.527668914847520910e-03 1.967743800301985369e-01
5.238095238095238360e-01 1.904761904761904656e-01 -1.179107015402077602e-03 2.514328020524609839e-02 4.973957902961102795e-02 -1.532700166040977963e-03 -1.532700166040977963e-03 1.969357451600441677e-01
5.714285714285713969e-01 1.904761904761904656e-01 -3.531021688821290444e-03 2.511770850601555832e-02 4.909303808611699405e-02 -4.601855283867565052e-03 -4.601855283867565052e-03 1.963306445390675947e-01
6.190476190476190688e-01 1.904761904761904656e-01 -5.934630101171259504e-03 2.506941742427393552e-02 4.650695046684935607e-02 -7.684919189817788349e-03 -7.684919189817788349e-03 1.956015413405659820e-01
6.666666666666666297e-01 1.904761904761904656e-01 -8.426156272390359150e-03 2.500756218062565733e-02 4.367529507375297187e-02 -1.076091417861670466e-02 -1.076091417861670639e-02 1.940541773422808647e-01
7.142857142857143016e-01 1.904761904761904656e-01 -1.104376722900536796e-02 2.495247295910840019e-02 3.861389312082696978e-02 -1.370361262009589694e-02 -1.370361262009590214e-02 1.923600722032962618e-01
7.619047619047618625e-01 1.904761904761904656e-01 -1.382854180477152348e-02 2.494526616326315019e-02 3.331394390785346465e-02 -1.626717969139138825e-02 -1.626717969139138825e-02 1.895337815940904003e-01
8.095238095238095344e-01 1.904761904761904656e-01 -1.681955350765536317e-02 2.506447060781364158e-02 2.529533866139599754e-02 -1.783031149623381245e-02 -1.783031149623381245e-02 1.862815959938654564e-01
8.571428571428570953e-01 1.904761904761904656e-01 -2.003780412411371517e-02 2.545240441003154483e-02 1.762996255137536106e-02 -1.747195526194648962e-02 -1.747195526194648962e-02 1.800172887963973067e-01
9.047619047619047672e-01 1.904761904761904656e-01 -2.345146755606400749e-02 2.632532185568028579e-02 8.037759024169385466e-03 -1.392451245013766672e-02 -1.392451245013767019e-02 1.714306163324241794e-01
9.523809523809523281e-01 1.904761904761904656e-01 -2.689796385223545278e-02 2.794079447100641586e-02 1.854990640567903346e-03 -6.871332299972291759e-03 -6.871332299972353341e-03 1.528102206353829373e-01
1.000000000000000000e+00 1.904761904761904656e-01 -3.003977605271906937e-02 3.038924122769055131e-02 -8.000946282867807836e-04 4.223523964961706104e-04 4.223523964961510405e-04 1.272195946420683621e-01
0.000000000000000000e+00 2.380952380952380820e-01 3.218283286074917482e-02 3.554632542773505238e-02 -4.935039111283779940e-04 -1.809942102052173500e-04 -1.809942102052228795e-04 1.230348734227970087e-01
4.761904761904761640e-02 2.380952380952380820e-01 2.914516139941525710e-02 3.414375432915060793e-02 1.131861770681090408e-03 3.428625776114086875e-03 3.428625776114080804e-03 1.474610822440432234e-01
9.523809523809523281e-02 2.380952380952380820e-01 2.573217082672796946e-02 3.316403469005352322e-02 5.196378179233991992e-03 7.204195187104168140e-03 7.204195187104124772e-03 1.672221646854753774e-01
1.428571428571428492e-01 2.380952380952380820e-01 2.221141414585731458e-02 3.259020697699000629e-02 1.251788345398458131e-02 9.558676378866627632e-03 9.558676378866620693e-03 1.784100971945005443e-01
1.904761904761904656e-01 2.380952380952380820e-01 1.877028340743377988e-02 3.231335884761928068e-02 1.924493525356466006e-02 1.026519491871456281e-02 1.026519491871456802e-02 1.867180017068939268e-01
2.380952380952380820e-01 2.380952380952380820e-01 1.549272299539368111e-02 3.221870033738546968e-02 2.687686664710791165e-02 9.732154025342710374e-03 9.732154025342708639e-03 1.910498995262371602e-01
2.857142857142856984e-01 2.380952380952380820e-01 1.239707002738101027e-02 3.221836532482370841e-02 3.221211390404937064e-02 8.432255504519417175e-03 8.432255504519413705e-03 1.945437379288877389e-01
3.333333333333333148e-01 2.380952380952380820e-01 9.464693020243473282e-03 3.225782348315195391e-02 3.749043440580383801e-02 6.749350263197715673e-03 6.749350263197719142e-03 1.964491234581793311e-01
3.809523809523809312e-01 2.380952380952380820e-01 6.663216361559276893e-03 3.230522231298799118e-02 4.048496680624413119e-02 4.880233754740621009e-03 4.880233754740620142e-03 1.981056185736328190e-01
4.285714285714285476e-01 2.380952380952380820e-01 3.955673772716639634e-03 3.234376017044492818e-02 4.324319309427602370e-02 2.945042118372861138e-03 2.945042118372861138e-03 1.988418227058420251e-01
4.761904761904761640e-01 2.380952380952380820e-01 1.304048879587735256e-03 3.236523155609503932e-02 4.392680805235846253e-02 9.872755708062871342e-04 9.872755708062888689e-04 1.994509237965333137e-01
5.238095238095238360e-01 2.380952380952380820e-01 -1.329215769007629621e-03 3.236636039676880905e-02 4.435778219389274746e-02 -9.728818515137892600e-04 -9.728818515137898021e-04 1.992880986654876896e-01
5.714285714285713969e-01 2.380952380952380820e-01 -3.981579834785311037e-03 3.234730297767183377e-02 4.276206489990056619e-02 -2.926473642828133354e-03 -2.926473642828140726e-03 1.990113664013732353e-01
6.190476190476190688e-01 2.380952380952380820e-01 -6.690753935589420845e-03 3.231146379311551631e-02 4.091674129665927306e-02 -4.857276723700596627e-03 -4.857276723700596627e-03 1.979184220998009003e-01
6.666666666666666297e-01 2.380952380952380820e-01 -9.494450644295370292e-03 3.226730645759599142e-02 3.690377966589211689e-02 -6.710217797797793197e-03 -6.710217797797794932e-03 1.966602444462821897e-01
7.142857142857143016e-01 2.380952380952380820e-01 -1.242974166872451609e-02 3.223198650138615201e-02 3.270460117103696218e-02 -8.384239991017086030e-03 -8.384239991017086030e-03 1.942522642347394857e-01
7.619047619047618625e-01 2.380952380952380820e-01 -1.552886828553170194e-02 3.223709735104100110e-02 2.614013183932089451e-02 -9.648841211774649915e-03 -9.648841211774655119e-03 1.913988333061272251e-01
8.095238095238095344e-01 2.380952380952380820e-01 -1.880856872597852156e-02 3.233812063608043630e-02 1.984397417398764407e-02 -1.017081503822973160e-02 -1.017081503822972986e-02 1.860762100234711336e-01
8.571428571428570953e-01 2.380952380952380820e-01 -2.225213101533996332e-02 3.261996171169881387e-02 1.176336238269368693e-02 -9.448255279823588801e-03 -9.448255279823583597e-03 1.791278039668823541e-01
9.047619047619047672e-01 2.380952380952380820e-01 -2.577126166757908940e-02 3.319761468350641148e-02 5.681893317490778819e-03 -7.089141367669562523e-03 -7.089141367669560788e-03 1.659168296499413109e-01
9.523809523809523281e-01 2.380952380952380820e-01 -2.918028162357086050e-02 3.417657004185482850e-02 8.908261000683850546e-04 -3.408877533828213666e-03 -3.408877533828214967e-03 1.482880479827605180e-01
1.000000000000000000e+00 2.380952380952380820e-01 -3.220734185121593846e-02 3.557156401236664933e-02 -7.491443229674323750e-05 1.709011458368038105e-04 1.709011458367983623e-04 1.220444082095720195e-01
0.000000000000000000e+00 2.857142857142856984e-01 3.318297183430433950e-02 4.061620799059612041e-02 -5.706492572465479744e-05 -4.014290378050491928e-06 -4.014290378070102435e-06 1.203779029966051267e-01
4.761904761904761640e-02 2.857142857142856984e-01 3.019781757624251384e-02 4.023252707881887907e-02 6.541354983419505210e-04 1.039609056527254164e-03 1.039609056527253947e-03 1.459553002139950817e-01
9.523809523809523281e-02 2.857142857142856984e-01 2.680988984660183025e-02 3.995625034935874897e-02 4.671697651240270741e-03 1.956156193108417405e-03 1.956156193108416538e-03 1.641271206335923050e-01
1.428571428571428492e-01 2.857142857142856984e-01 2.326406047428705715e-02 3.977826907205733731e-02 1.000783358754622591e-02 2.730181182468007211e-03 2.730181182468005910e-03 1.781459077881246689e-01
1.904761904761904656e-01 2.857142857142856984e-01 1.974406924463375373e-02 3.968546979667380431e-02 1.741527562582231847e-02 3.215950414233782664e-03 3.215950414233796975e-03 1.859508062694913144e-01
2.380952380952380820e-01 2.857142857142856984e-01 1.634978450538105213e-02 3.965679140299685490e-02 2.334531281923905160e-02 3.337882132741106216e-03 3.337882132741106216e-03 1.919390367508342632e-01
2.857142857142856984e-01 2.857142857142856984e-01 1.311222310458496840e-02 3.966772382432157823e-02 2.970898247178054008e-02 3.109088390486463779e-03 3.109088390486463779e-03 1.951870875828179419e-01
3.333333333333333148e-01 2.857142857142856984e-01 1.002588711636658546e-02 3.969684298998948230e-02 3.382543262056921657e-02 2.622771647368686305e-03 2.622771647368685871e-03 1.978432589596434976e-01
3.809523809523809312e-01 2.857142857142856984e-01 7.065301772716747752e-03 3.972919934405799020e-02 3.782826051896363145e-02 1.968117264697124159e-03 1.968117264697123725e-03 1.992166812130460041e-01
4.285714285714285476e-01 2.857142857142856984e-01 4.197020247279422724e-03 3.975527022935194249e-02 3.966060962219195712e-02 1.217737033407760268e-03 1.217737033407761786e-03 2.003626604553644663e-01
4.761904761904761640e-01 2.857142857142856984e-01 1.384645621598304182e-03 3.977003309337435316e-02 4.126330780142208055e-02 4.207378463708270140e-04 4.207378463708193162e-04 2.006631794943545266e-01
5.238095238095238360e-01 2.857142857142856984e-01 -1.409258144519853371e-03 3.977133389293217164e-02 4.080342167015069826e-02 -3.889713577978372566e-04 -3.889713577978385576e-04 2.008190988500221097e-01
5.714285714285713969e-01 2.857142857142856984e-01 -4.222234576320821851e-03 3.975927964358232092e-02 4.010246681154755466e-02 -1.182897045082357580e-03 -1.182897045082402900e-03 2.001912100700031505e-01
6.190476190476190688e-01 2.857142857142856984e-01 -7.091567380806333525e-03 3.973612305819831242e-02 3.730043311321225991e-02 -1.927148482949351789e-03 -1.927148482949361764e-03 1.993938994068400472e-01
6.666666666666666297e-01 2.857142857142856984e-01 -1.005368726435532448e-02 3.970716717862529666e-02 3.430468184470945175e-02 -2.571966116530966916e-03 -2.571966116530969518e-03 1.975984791632334758e-01
7.142857142857143016e-01 2.857142857142856984e-01 -1.314181602575183357e-02 3.968178716119240973e-02 2.907270764897230964e-02 -3.046615197407569371e-03 -3.046615197407575443e-03 1.954489940297880479e-01
7.619047619047618625e-01 2.857142857142856984e-01 -1.638060819038555591e-02 3.967526437335532064e-02 2.391354218756776284e-02 -3.258661393954234622e-03 -3.258661393954232887e-03 1.914767766504248125e-01
8.095238095238095344e-01 2.857142857142856984e-01 -1.977645225448055807e-02 3.970819726029154589e-02 1.670601935967363019e-02 -3.133459169271554136e-03 -3.133459169271554570e-03 1.864542563167502498e-01
8.571428571428570953e-01 2.857142857142856984e-01 -2.329500437168711274e-02 3.980429729117131860e-02 1.059723165778003046e-02 -2.640700460234890294e-03 -2.640700460234881187e-03 1.772022191462869767e-01
9.047619047619047672e-01 2.857142857142856984e-01 -2.683895301237732706e-02 3.998371972759184184e-02 4.208409767503326279e-03 -1.888719436237106843e-03 -1.888719436237105975e-03 1.650015700192781487e-01
9.523809523809523281e-01 2.857142857142856984e-01 -3.022395966842306159e-02 4.025751920655831068e-02 8.610120279538480874e-04 -1.006395597886546468e-03 -1.006395597886547769e-03 1.449387560979641387e-01
1.000000000000000000e+00 2.857142857142856984e-01 -3.321114808104160682e-02 4.063469000498699801e-02 -3.982358885649004625e-04 3.604049173223765035e-06 3.604049173213784446e-06 1.209039735379017350e-01
0.000000000000000000e+00 3.333333333333333148e-01 3.306194442230366709e-02 4.564207125363303752e-02 -5.204237240676104492e-04 1.936676408131031977e-04 1.936676408131017882e-04 1.208222056106077746e-01
4.761904761904761640e-02 3.333333333333333148e-01 3.006927508825657167e-02 4.628149544523354336e-02 9.439240911649876250e-04 -1.249876774360361448e-03 -1.249876774360360364e-03 1.454750768899464031e-01
9.523809523809523281e-02 3.333333333333333148e-01 2.669018165454118546e-02 4.671632486520654881e-02 4.840124178783486615e-03 -3.127146264006030497e-03 -3.127146264006032232e-03 1.653622616878940299e-01
1.428571428571428492e-01 3.333333333333333148e-01 2.318427144907918638e-02 4.694722763708379654e-02 1.172614030833123329e-02 -3.783459016973806342e-03 -3.783459016973807210e-03 1.770399201856911464e-01
1.904761904761904656e-01 3.333333333333333148e-01 1.971726362471456009e-02 4.706184823692821650e-02 1.766353344315364782e-02 -3.439174714240625548e-03 -3.439174714240625114e-03 1.860057929089925788e-01
2.380952380952380820e-01 3.333333333333333148e-01 1.636537212142493911e-02 4.712299947626375635e-02 2.459333325389525052e-02 -2.742493778910030586e-03 -2.742493778910031019e-03 1.911571633974544215e-01
2.857142857142856984e-01 3.333333333333333148e-01 1.315341396881567794e-02 4.716388820383080049e-02 2.939125593322643171e-02 -1.988993075922344898e-03 -1.988993075922345765e-03 1.952294447768324337e-01
3.333333333333333148e-01 3.333333333333333148e-01 1.007518240882397664e-02 4.719530623546049769e-02 3.434885553627802651e-02 -1.368981492914337185e-03 -1.368981492914329162e-03 1.975804050727698602e-01
3.809523809523809312e-01 3.333333333333333148e-01 7.109393727423948643e-03 4.722023958596062443e-02 3.711898131209261098e-02 -8.668914254973035744e-04 -8.668914254973035744e-04 1.994484978327749347e-01
4.285714285714285476e-01 3.333333333333333148e-01 4.227185323634781791e-03 4.723768959090735714e-02 3.980573640039746647e-02 -4.738628460779134837e-04 -4.738628460779122369e-04 2.003577075996321177e-01
4.761904761904761640e-01 3.333333333333333148e-01 1.395942151968300416e-03 4.724753321277732482e-02 4.041427502600212357e-02 -1.358735496279768712e-04 -1.358735496279622073e-04 2.009731858991715137e-01
5.238095238095238360e-01 3.333333333333333148e-01 -1.418278011729408707e-03 4.724873775012829874e-02 4.088234423747284102e-02 1.820231027937532341e-04 1.820231027937500900e-04 2.008559938323590255e-01
5.714285714285713969e-01 3.333333333333333148e-01 -4.249856089273018438e-03 4.724200954870590163e-02 3.930256222393033877e-02 5.193825429657181582e-04 5.193825429652985720e-04 2.004730129055909693e-01
6.190476190476190688e-01 3.333333333333333148e-01 -7.132787557931802129e-03 4.722718851795370404e-02 3.759983004088664205e-02 9.230433805451184392e-04 9.230433805451195234e-04 1.992856194090201205e-01
6.666666666666666297e-01 3.333333333333333148e-01 -1.009935842252936838e-02 4.720570333466622692e-02 3.376991578483668627e-02 1.421298044813629679e-03 1.421298044813630547e-03 1.977365676351387214e-01
7.142857142857143016e-01 3.333333333333333148e-01 -1.317838124615071556e-02 4.717736734779096747e-02 2.994290295562225188e-02 2.064523653033620634e-03 2.064523653033644053e-03 1.949410682740445877e-01
7.619047619047618625e-01 3.333333333333333148e-01 -1.639085992864489430e-02 4.714018965248855525e-02 2.391207499657906771e-02 2.799584225114476899e-03 2.799584225114478200e-03 1.914407672944647143e-01
8.095238095238095344e-01 3.333333333333333148e-01 -1.974199465488410410e-02 4.708161274975372623e-02 1.834167454167929395e-02 3.533436920989178626e-03 3.533436920989179494e-03 1.854191061706179922e-01
8.571428571428570953e-01 3.333333333333333148e-01 -2.320875536642566517e-02 4.696995290748827434e-02 1.098062797531384333e-02 3.828309740446241005e-03 3.828309740446243174e-03 1.776850451757696070e-01
9.047619047619047672e-01 3.333333333333333148e-01 -2.671134842078731059e-02 4.673678927647133968e-02 5.494194662603970811e-03 3.167554915299562214e-03 3.167554915299561347e-03 1.641478134608371220e-01
9.523809523809523281e-01 3.333333333333333148e-01 -3.008485214401800112e-02 4.630020209905835737e-02 7.167844656257891600e-04 1.360822154253100991e-03 1.360822154253101208e-03 1.463425795564771981e-01
1.000000000000000000e+00 3.333333333333333148e-01 -3.306934029688563675e-02 4.565256571845133921e-02 -1.354804132521342241e-04 -2.319542581528766614e-04 -2.319542581528746014e-04 1.198723948139983064e-01
0.000000000000000000e+00 3.809523809523809312e-01 3.173873681047936768e-02 5.067684717712502007e-02 -6.532740805804783998e-04 7.146094988047702219e-04 7.146094988047721735e-04 1.209930924416614123e-01
4.761904761904761640e-02 3.809523809523809312e-01 2.869174582169449830e-02 5.240353285218342372e-02 1.118095517150942235e-03 -4.946478285438626540e-03 -4.946478285438626540e-03 1.504585914571397731e-01
9.523809523809523281e-02 3.809523809523809312e-01 2.533981350656436607e-02 5.348079506222502139e-02 9.083551777039070713e-03 -9.487537167852727257e-03 -9.487537167852718584e-03 1.660402580155569963e-01
1.428571428571428492e-01 3.809523809523809312e-01 2.198285442034481063e-02 5.405464108470298124e-02 1.513536209676316982e-02 -1.057900721233059199e-02 -1.057900721233059373e-02 1.773608404680505346e-01
1.904761904761904656e-01 3.809523809523809312e-01 1.871710207734977524e-02 5.435029265719955316e-02 2.290706829061486816e-02 -9.900140977397674930e-03 -9.900140977397678399e-03 1.844787105910062619e-01
2.380952380952380820e-01 3.809523809523809312e-01 1.557169364520833744e-02 5.450303129865434471e-02 2.779765570206662803e-02 -8.317126434929650661e-03 -8.317126434929652395e-03 1.897907870847678202e-01
2.857142857142856984e-01 3.809523809523809312e-01 1.254657441370369761e-02 5.458799692960541322e-02 3.348416169916115792e-02 -6.664956868965632615e-03 -6.664956868965630013e-03 1.935893530583432109e-01
3.333333333333333148e-01 3.809523809523809312e-01 9.631520250819564088e-03 5.463529584299973291e-02 3.659608644987036308e-02 -4.980940807807397036e-03 -4.980940807807400506e-03 1.961757662230472488e-01
3.809523809523809312e-01 3.809523809523809312e-01 6.807957719384439936e-03 5.466496368069596878e-02 4.026666114975545330e-02 -3.468903387451680725e-03 -3.468903387451687231e-03 1.981152692272552251e-01
4.285714285714285476e-01 3.809523809523809312e-01 4.053004848731348898e-03 5.468047215591597537e-02 4.148816566141970419e-02 -2.015064687692202667e-03 -2.015064687692201800e-03 1.990885178134228217e-01
4.761904761904761640e-01 3.809523809523809312e-01 1.340099766563355955e-03 5.468967511912257301e-02 4.316986180074532803e-02 -6.500473950067824427e-04 -6.500473950067785396e-04 1.997923831199679978e-01
5.238095238095238360e-01 3.809523809523809312e-01 -1.358639526430017444e-03 5.468998488786367546e-02 4.245837359480229833e-02 7.016939153437194189e-04 7.016939153437186600e-04 1.996166169302538151e-01
5.714285714285713969e-01 3.809523809523809312e-01 -4.071693980374960393e-03 5.468558145265965675e-02 4.219072085476737594e-02 2.084486221407119179e-03 2.084486221407064969e-03 1.992389312527519940e-01
6.190476190476190688e-01 3.809523809523809312e-01 -6.827110553686146360e-03 5.467076587888970718e-02 3.951230014307828553e-02 3.507500017427214820e-03 3.507500017427213953e-03 1.979530645919425069e-01
6.666666666666666297e-01 3.809523809523809312e-01 -9.650878432849965827e-03 5.464598716219429969e-02 3.733235945671869310e-02 5.073598645530975372e-03 5.073598645530977974e-03 1.962512461962762911e-01
7.142857142857143016e-01 3.809523809523809312e-01 -1.256635541705533252e-02 5.459943425799378136e-02 3.265668937973618957e-02 6.688868742158088181e-03 6.688868742158090783e-03 1.934833662158818579e-01
7.619047619047618625e-01 3.809523809523809312e-01 -1.559104955643805974e-02 5.451904142192472852e-02 2.863696974438274118e-02 8.435888254910947279e-03 8.435888254910947279e-03 1.897179028020389568e-01
8.095238095238095344e-01 3.809523809523809312e-01 -1.873586045477251827e-02 5.436638722369493276e-02 2.193834464428512029e-02 9.889625586601042892e-03 9.889625586601042892e-03 1.845217480923111719e-01
8.571428571428570953e-01 3.809523809523809312e-01 -2.199880342288308699e-02 5.407348436213941373e-02 1.629482888025479345e-02 1.071725587465682111e-02 1.071725587465681938e-02 1.769472526792838507e-01
9.047619047619047672e-01 3.809523809523809312e-01 -2.535686875638652402e-02 5.349810585312743394e-02 7.752782526000054006e-03 9.431161090570393604e-03 9.431161090570395339e-03 1.669402753104335946e-01
9.523809523809523281e-01 3.809523809523809312e-01 -2.870367766989140659e-02 5.241709567714707141e-02 2.264473507540645716e-03 4.976308553733477941e-03 4.976308553733468400e-03 1.487031175151536100e-01
1.000000000000000000e+00 3.809523809523809312e-01 -3.175724251910280044e-02 5.069018785105777747e-02 -1.483654802284309349e-03 -8.406460905606079640e-04 -8.406460905605638370e-04 1.220106247845716418e-01
0.000000000000000000e+00 4.285714285714285476e-01 2.905275970483989570e-02 5.579866365897863389e-02 -6.845511631696873066e-03 2.270011262670163128e-03 2.270011262670141011e-03 1.259052159505320290e-01
4.761904761904761640e-02 4.285714285714285476e-01 2.584197283932888889e-02 5.872908591656047367e-02 8.013974155509787436e-03 -1.321274220135309693e-02 -1.321274220135320275e-02 1.554229483285316515e-01
9.523809523809523281e-02 4.285714285714285476e-01 2.267113598550478740e-02 6.021731333098794686e-02 1.489729017258111486e-02 -1.763114862687375703e-02 -1.763114862687377438e-02 1.664765511959450384e-01
1.428571428571428492e-01 4.285714285714285476e-01 1.967439103006748263e-02 6.101343647579633711e-02 2.469625543120479091e-02 -1.766397663362108059e-02 -1.766397663362108059e-02 1.760176457272872863e-01
1.904761904761904656e-01 4.285714285714285476e-01 1.680153650575077692e-02 6.143661152785748897e-02 2.934762619628468808e-02 -1.542969673308838829e-02 -1.542969673308839350e-02 1.801926779437439119e-01
2.380952380952380820e-01 4.285714285714285476e-01 1.403236676482558232e-02 6.169179212708831433e-02 3.539402884934560872e-02 -1.315694690409617215e-02 -1.315694690409617562e-02 1.870348805253362889e-01
2.857142857142856984e-01 4.285714285714285476e-01 1.134519853417029905e-02 6.182478092615893706e-02 3.820282181828058010e-02 -1.041411889608288323e-02 -1.041411889608286415e-02 1.887197372955540242e-01
3.333333333333333148e-01 4.285714285714285476e-01 8.736099568152485770e-03 6.191718095074028733e-02 4.249593423414754073e-02 -8.053990008389482272e-03 -8.053990008389482272e-03 1.935728539863072750e-01
3.809523809523809312e-01 4.285714285714285476e-01 6.188654925654345738e-03 6.195470994934947767e-02 4.378574273769366559e-02 -5.562558003700661738e-03 -5.562558003700660871e-03 1.933283836997389815e-01
4.285714285714285476e-01 4.285714285714285476e-01 3.690797627125637012e-03 6.199001864372269410e-02 4.646943533006167582e-02 -3.334199160185342351e-03 -3.334199160185340183e-03 1.967166603849679063e-01
4.761904761904761640e-01 4.285714285714285476e-01 1.222257392121664597e-03 6.199189814960098105e-02 4.619435618264259441e-02 -1.067090434632445191e-03 -1.067090434632431747e-03 1.950830758740891291e-01
5.238095238095238360e-01 4.285714285714285476e-01 -1.235830328224975022e-03 6.200294441371952819e-02 4.726262888737450818e-02 1.146641027208117379e-03 1.146641027208115428e-03 1.972948408559614120e-01
5.714285714285713969e-01 4.285714285714285476e-01 -3.703942572193095421e-03 6.198407083410231028e-02 4.538099782984039710e-02 3.347322669272497896e-03 3.347322669272506136e-03 1.945013827069249079e-01
6.190476190476190688e-01 4.285714285714285476e-01 -6.203020406736519526e-03 6.197077565561277812e-02 4.486041060976125178e-02 5.711139982869294258e-03 5.711139982869290789e-03 1.954810539708164152e-01
6.666666666666666297e-01 4.285714285714285476e-01 -8.748986962504824369e-03 6.191627381556889104e-02 4.136736026592000015e-02 7.998782983329314963e-03 7.998782983329314963e-03 1.914059663096124853e-01
7.142857142857143016e-01 4.285714285714285476e-01 -1.136029069131194377e-02 6.184539663624906425e-02 3.931502463889736260e-02 1.063295061899534322e-02 1.063295061899534322e-02 1.907535335801736343e-01
7.619047619047618625e-01 4.285714285714285476e-01 -1.404427512199263144e-02 6.169532497945223043e-02 3.420338009519292843e-02 1.302185745872788680e-02 1.302185745872788507e-02 1.849623139484958267e-01
8.095238095238095344e-01 4.285714285714285476e-01 -1.681665318616968469e-02 6.145997883980132415e-02 3.058520057963125607e-02 1.571385027997860423e-02 1.571385027997860423e-02 1.820787350832339113e-01
8.571428571428570953e-01 4.285714285714285476e-01 -1.968280292889426977e-02 6.101847154899157910e-02 2.326722939878619542e-02 1.742055032881958260e-02 1.742055032881957913e-02 1.740928520940274726e-01
9.047619047619047672e-01 4.285714285714285476e-01 -2.268288082062349872e-02 6.024000764645221634e-02 1.717679379058222391e-02 1.795126640662129611e-02 1.795126640662129264e-02 1.681223910849163061e-01
9.523809523809523281e-01 4.285714285714285476e-01 -2.585379882920856021e-02 5.871752462332839595e-02 4.104743083581610490e-03 1.278048571413676129e-02 1.278048571413676129e-02 1.566558517332310718e-01
1.000000000000000000e+00 4.285714285714285476e-01 -2.899286179251913190e-02 5.586754357104681962e-02 -4.934577573403435297e-04 -1.658039949294590676e-03 -1.658039949294581568e-03 1.237384364043158380e-01
0.000000000000000000e+00 4.761904761904761640e-01 2.408705326236604272e-02 6.154968306862833999e-02 7.263274322517555316e-03 -1.196747630102263857e-02 -1.196747630102263683e-02 1.525318356722061841e-01
4.761904761904761640e-02 4.761904761904761640e-01 2.116287322876117191e-02 6.523286767889868720e-02 2.013485404743901863e-02 -2.635144395721543756e-02 -2.635144395721544797e-02 1.548334229526226180e-01
9.523809523809523281e-02 4.761904761904761640e-01 1.872595064782181171e-02 6.671892706192304734e-02 2.894240201964255743e-02 -2.468970383567185498e-02 -2.468970383567182722e-02 1.620363467887981912e-01
1.428571428571428492e-01 4.761904761904761640e-01 1.636981428196166918e-02 6.769835925155653911e-02 3.314813914905089670e-02 -2.207802239757357746e-02 -2.207802239757357746e-02 1.640483901211015061e-01
1.904761904761904656e-01 4.761904761904761640e-01 1.410498314628831108e-02 6.818983089683523791e-02 3.745584700287987734e-02 -1.895923007897146878e-02 -1.895923007897146531e-02 1.726230917466114456e-01
2.380952380952380820e-01 4.761904761904761640e-01 1.184214235145792694e-02 6.861885395992990688e-02 4.013500098111875969e-02 -1.596236225450316931e-02 -1.596236225450316931e-02 1.739390615432054310e-01
2.857142857142856984e-01 4.761904761904761640e-01 9.637076711327682149e-03 6.876898185523111495e-02 4.342575796882131717e-02 -1.281892981377582424e-02 -1.281892981377580516e-02 1.809214889295262252e-01
3.333333333333333148e-01 4.761904761904761640e-01 7.443627911851133198e-03 6.898358654986996852e-02 4.509179491928064221e-02 -9.889488720606689001e-03 -9.889488720606690736e-03 1.802971894979576162e-01
3.809523809523809312e-01 4.761904761904761640e-01 5.296344092672467495e-03 6.899090625282222611e-02 4.739586714743705687e-02 -6.939650777979300238e-03 -6.939650777979299370e-03 1.856772463148163577e-01
4.285714285714285476e-01 4.761904761904761640e-01 3.162276905728087471e-03 6.911374644784891441e-02 4.795320924597601397e-02 -4.141717915858282931e-03 -4.141717915858287268e-03 1.834498925215732879e-01
4.761904761904761640e-01 4.761904761904761640e-01 1.050948113796600514e-03 6.905820864061919251e-02 4.914439903161374468e-02 -1.345492468905884823e-03 -1.345492468905888726e-03 1.875333801697073310e-01
5.238095238095238360e-01 4.761904761904761640e-01 -1.057065398958523814e-03 6.913604537061088240e-02 4.853137621980559840e-02 1.418658325388867918e-03 1.418658325388868352e-03 1.840365017420799165e-01
5.714285714285713969e-01 4.761904761904761640e-01 -3.172965982418535658e-03 6.904067687760394312e-02 4.855114462309782081e-02 4.183277303318735582e-03 4.183277303318736449e-03 1.869159951904848516e-01
6.190476190476190688e-01 4.761904761904761640e-01 -5.297993511179499744e-03 6.907287130360430238e-02 4.678605354337680988e-02 7.043965576525046575e-03 7.043965576525046575e-03 1.822049106223921078e-01
6.666666666666666297e-01 4.761904761904761640e-01 -7.459033286485854466e-03 6.891565015281039819e-02 4.565722293086386940e-02 9.899602719835125936e-03 9.899602719835125936e-03 1.836754212934004482e-01
7.142857142857143016e-01 4.761904761904761640e-01 -9.634145852153221459e-03 6.885367210723446207e-02 4.283886062365223346e-02 1.294906719396836554e-02 1.294906719396836554e-02 1.775268634119687439e-01
7.619047619047618625e-01 4.761904761904761640e-01 -1.186245706440253525e-02 6.855620150120853018e-02 4.065600074921042750e-02 1.593230550264790324e-02 1.593230550264791018e-02 1.771875557886356534e-01
8.095238095238095344e-01 4.761904761904761640e-01 -1.409699876605803419e-02 6.827430820547997214e-02 3.689709142999394315e-02 1.911539774589310348e-02 1.911539774589308613e-02 1.693240765631154610e-01
8.571428571428570953e-01 4.761904761904761640e-01 -1.639669649309542440e-02 6.763996614025748200e-02 3.367427534990050098e-02 2.199058101875006957e-02 2.199058101875013202e-02 1.672279744862181228e-01
9.047619047619047672e-01 4.761904761904761640e-01 -1.870650787651100336e-02 6.680091788714546952e-02 2.866595312948788318e-02 2.501788208984687817e-02 2.501788208984685388e-02 1.586393952447877342e-01
9.523809523809523281e-01 4.761904761904761640e-01 -2.121708565854119391e-02 6.515734020986627129e-02 2.159724961939310170e-02 2.629322755188373550e-02 2.629322755188375979e-02 1.580211213539989556e-01
1.000000000000000000e+00 4.761904761904761640e-01 -2.411197610216181744e-02 6.165448284547343782e-02 8.516424317016524012e-03 1.232180778792385176e-02 1.232180778792385002e-02 1.525177451015273800e-01
0.000000000000000000e+00 5.238095238095238360e-01 1.859272034289952136e-02 6.622160912056444804e-02 2.025111314470372931e-03 4.168486195958484575e-03 4.168486195958467228e-03 2.124662159090869862e-01
4.761904761904761640e-02 5.238095238095238360e-01 1.722243867099407938e-02 6.906778067302218882e-02 -3.554789806954290754e-02 -2.089572881683250324e-02 -2.089572881683251018e-02 1.679343173748014950e-01
9.523809523809523281e-02 5.238095238095238360e-01 1.567199964946750998e-02 7.067141449655159335e-02 -4.523186425416896722e-02 -2.462786748591730412e-02 -2.462786748591732147e-02 1.525978954702275903e-01
1.428571428571428492e-01 5.238095238095238360e-01 1.394205699175387649e-02 7.170922589555572824e-02 -5.243032117085091870e-02 -2.364309046540443576e-02 -2.364309046540444617e-02 1.673428311354030751e-01
1.904761904761904656e-01 5.238095238095238360e-01 1.214807326243217030e-02 7.235337321542215094e-02 -5.476317635270389061e-02 -2.081534466902767999e-02 -2.081534466902768346e-02 1.632334570902390647e-01
2.380952380952380820e-01 5.238095238095238360e-01 1.029160740661237174e-02 7.281792203426394605e-02 -5.478232516589107842e-02 -1.811695650624928211e-02 -1.811695650624928211e-02 1.772427317742263919e-01
2.857142857142856984e-01 5.238095238095238360e-01 8.426238584729862577e-03 7.308203956981798588e-02 -5.483198685601589628e-02 -1.482049553289531071e-02 -1.482049553289531071e-02 1.713489014423595080e-01
3.333333333333333148e-01 5.238095238095238360e-01 6.543396806621488287e-03 7.329090418021443065e-02 -5.296694509141838814e-02 -1.172617730872154394e-02 -1.172617730872154394e-02 1.838184491439594781e-01
3.809523809523809312e-01 5.238095238095238360e-01 4.670446966730829041e-03 7.337861148176462456e-02 -5.276558389954937034e-02 -8.318624693448520985e-03 -8.318624693448520985e-03 1.760486223437425779e-01
4.285714285714285476e-01 5.238095238095238360e-01 2.796618216220358305e-03 7.346781734020732535e-02 -5.088906101523747727e-02 -5.040811953811484732e-03 -5.040811953811484732e-03 1.871419331361660054e-01
4.761904761904761640e-01 5.238095238095238360e-01 9.306809898721355671e-04 7.347155035153830893e-02 -5.142549449170740611e-02 -1.642637516282316554e-03 -1.642637516282322409e-03 1.779008292158933136e-01
5.238095238095238360e-01 5.238095238095238360e-01 -9.346552795717628231e-04 7.349805608148189673e-02 -5.038780492834575575e-02 1.728811310599161427e-03 1.728811310599163379e-03 1.877653507576346470e-01
5.714285714285713969e-01 5.238095238095238360e-01 -2.802891605663399271e-03 7.344570635893281352e-02 -5.190498890570302559e-02 5.060270696455847379e-03 5.060270696455850849e-03 1.772836873352947873e-01
6.190476190476190688e-01 5.238095238095238360e-01 -4.672039040235679598e-03 7.340913743343259468e-02 -5.181504161096370242e-02 8.473233919354969043e-03 8.473233919354970778e-03 1.858252013575475703e-01
6.666666666666666297e-01 5.238095238095238360e-01 -6.551973289326799496e-03 7.327322286874446422e-02 -5.384777713066655341e-02 1.167419789829414814e-02 1.167419789829414467e-02 1.740659033584861237e-01
7.142857142857143016e-01 5.238095238095238360e-01 -8.425353387872556998e-03 7.311564602474582286e-02 -5.410309911401456340e-02 1.504674826765977670e-02 1.504674826765977670e-02 1.809374669698759486e-01
7.619047619047618625e-01 5.238095238095238360e-01 -1.030270424346625691e-02 7.280434303676239227e-02 -5.536457928798185074e-02 1.798125866117366439e-02 1.798125866117368174e-02 1.676945680426549790e-01
8.095238095238095344e-01 5.238095238095238360e-01 -1.214477372755696019e-02 7.238806926515960194e-02 -5.454311569267647486e-02 2.112476505355301293e-02 2.112476505355308926e-02 1.725833598732421093e-01
8.571428571428570953e-01 5.238095238095238360e-01 -1.395707046674072790e-02 7.169950528250511324e-02 -5.215875740078661921e-02 2.341976252442674877e-02 2.341976252442672102e-02 1.578534042475887023e-01
9.047619047619047672e-01 5.238095238095238360e-01 -1.566591546107116290e-02 7.070459718890388656e-02 -4.692528550500269652e-02 2.536619394726263160e-02 2.536619394726265936e-02 1.620284294391852731e-01
9.523809523809523281e-01 5.238095238095238360e-01 -1.725033665111836215e-02 6.905837384569805948e-02 -2.612169066412551796e-02 2.062880370209757563e-02 2.062880370209757910e-02 1.471457213208064441e-01
1.000000000000000000e+00 5.238095238095238360e-01 -1.861818994404003391e-02 6.623658359495081249e-02 -8.249276145545825223e-03 -5.719535659847342114e-03 -5.719535659847359461e-03 2.465093037064321757e-01
0.000000000000000000e+00 5.714285714285713969e-01 1.600804619650421368e-02 6.962598991893663436e-02 1.215109091397016281e-03 4.663550956814169375e-03 4.663550956814160701e-03 2.268491278050893123e-01
4.761904761904761640e-02 5.714285714285713969e-01 1.475624441789293202e-02 7.168364751961107950e-02 -7.931991757801636110e-04 -2.603826220850525425e-03 -2.603826220850551012e-03 1.767062973405174875e-01
9.523809523809523281e-02 5.714285714285713969e-01 1.353692529162082991e-02 7.329088801363030370e-02 -1.671194331766607741e-02 -1.364178733872039792e-02 -1.364178733872039445e-02 1.710455585618232410e-01
1.428571428571428492e-01 5.714285714285713969e-01 1.218516752718095016e-02 7.440636920655988029e-02 -2.437222142678967945e-02 -1.794885006915078463e-02 -1.794885006915078116e-02 1.681094007877503571e-01
1.904761904761904656e-01 5.714285714285713969e-01 1.070528982811968025e-02 7.516454074008234454e-02 -3.150773543994740689e-02 -1.906984772098427317e-02 -1.906984772098427317e-02 1.741141540357748208e-01
2.380952380952380820e-01 5.714285714285713969e-01 9.139322826645359873e-03 7.568378446044116137e-02 -3.443681571604864655e-02 -1.771642445651400860e-02 -1.771642445651401207e-02 1.759212563028375587e-01
2.857142857142856984e-01 5.714285714285713969e-01 7.517267235334470013e-03 7.602402291846366289e-02 -3.597732147941883063e-02 -1.569256781161643480e-02 -1.569256781161643480e-02 1.812184666731857796e-01
3.333333333333333148e-01 5.714285714285713969e-01 5.864898964084702161e-03 7.625022545154928888e-02 -3.666142843682235891e-02 -1.264215817565149218e-02 -1.264215817565149738e-02 1.818296434611302026e-01
3.809523809523809312e-01 5.714285714285713969e-01 4.195280563222660367e-03 7.638488167365423132e-02 -3.636253288061818550e-02 -9.391116346399818252e-03 -9.391116346399816517e-03 1.856612791720343991e-01
4.285714285714285476e-01 5.714285714285713969e-01 2.518551241081714003e-03 7.646756843697612160e-02 -3.656101312044818252e-02 -5.673074539987895716e-03 -5.673074539987897451e-03 1.848798877050476519e-01
4.761904761904761640e-01 5.714285714285713969e-01 8.385179641103349645e-04 7.650015513485557139e-02 -3.601972536908375905e-02 -1.900814739940453330e-03 -1.900814739940454631e-03 1.874444719884823529e-01
5.238095238095238360e-01 5.714285714285713969e-01 -8.421268323527485817e-04 7.650475327027454753e-02 -3.643831476057377006e-02 1.957598189824622664e-03 1.957598189824613123e-03 1.854550876449164720e-01
5.714285714285713969e-01 5.714285714285713969e-01 -2.521882917904085669e-03 7.646705125854268148e-02 -3.616475777606775743e-02 5.801201974559198719e-03 5.801201974559208260e-03 1.868472088178225743e-01
6.190476190476190688e-01 5.714285714285713969e-01 -4.198906062289547297e-03 7.639346134183568060e-02 -3.670387484364915492e-02 9.377180876654896829e-03 9.377180876654884686e-03 1.836653009687181648e-01
6.666666666666666297e-01 5.714285714285713969e-01 -5.867686319770254975e-03 7.625356516822692776e-02 -3.640756638352505431e-02 1.284452726175597075e-02 1.284452726175597422e-02 1.837681263586023739e-01
7.142857142857143016e-01 5.714285714285713969e-01 -7.520776894835387062e-03 7.603607230345232892e-02 -3.608251460926277521e-02 1.560186864397082249e-02 1.560186864397081728e-02 1.792134202519142239e-01
7.619047619047618625e-01 5.714285714285713969e-01 -9.141380531837328682e-03 7.569032022318206154e-02 -3.458232003348862826e-02 1.800161169434043654e-02 1.800161169434046776e-02 1.778840864758414464e-01
8.095238095238095344e-01 5.714285714285713969e-01 -1.070881919897705495e-02 7.517877560872149312e-02 -3.092967174459618912e-02 1.887828760980782283e-02 1.887828760980777079e-02 1.719300299002898824e-01
8.571428571428570953e-01 5.714285714285713969e-01 -1.218648994967425070e-02 7.441541688069784610e-02 -2.579460216823297597e-02 1.837327419746843590e-02 1.837327419746861631e-02 1.705857940904717540e-01
9.047619047619047672e-01 5.714285714285713969e-01 -1.353758057521440433e-02 7.330361964424787768e-02 -1.323026771176022236e-02 1.323970125512519483e-02 1.323970125512514799e-02 1.664325486916954366e-01
9.523809523809523281e-01 5.714285714285713969e-01 -1.475152425278081041e-02 7.169046651346168419e-02 -4.782078094739657462e-03 2.044924219217263747e-03 2.044924219217271119e-03 1.838714513165062292e-01
1.000000000000000000e+00 5.714285714285713969e-01 -1.599427105478438971e-02 6.963836243674975668e-02 4.364685118471116690e-03 -5.236651325290391130e-03 -5.236651325290394600e-03 2.212718216790871828e-01
0.000000000000000000e+00 6.190476190476190688e-01 1.425703550562580288e-02 7.281344500588247948e-02 1.988611578307937825e-04 1.344691648911613318e-03 1.344691648911610499e-03 2.125794995802793297e-01
4.761904761904761640e-02 6.190476190476190688e-01 1.300602393486735391e-02 7.441096809254153788e-02 3.784774409850097951e-04 2.896003189764557225e-03 2.896003189764553756e-03 1.917009746679973758e-01
9.523809523809523281e-02 6.190476190476190688e-01 1.183811077978520233e-02 7.587709501107851862e-02 -3.714972330521200666e-03 -4.634075801223693815e-03 -4.634075801223699019e-03 1.769316279267682535e-01
1.428571428571428492e-01 6.190476190476190688e-01 1.063588422261981144e-02 7.701554242487082536e-02 -1.101181458817897425e-02 -1.107879020178268586e-02 -1.107879020178268586e-02 1.754316004280766783e-01
1.904761904761904656e-01 6.190476190476190688e-01 9.355378053291814669e-03 7.784396700560229643e-02 -1.555553229544826346e-02 -1.437520019298830706e-02 -1.437520019298830706e-02 1.752557291521900096e-01
2.380952380952380820e-01 6.190476190476190688e-01 8.002850632354677890e-03 7.842458644442376614e-02 -1.948961736645648049e-02 -1.535180332717746288e-02 -1.535180332717745767e-02 1.779206561384738816e-01
2.857142857142856984e-01 6.190476190476190688e-01 6.597053539945234649e-03 7.882003356300354424e-02 -2.156226505993676448e-02 -1.438272394066350893e-02 -1.438272394066350893e-02 1.796170911609680509e-01
3.333333333333333148e-01 6.190476190476190688e-01 5.156167903290859340e-03 7.907991195759786485e-02 -2.262103171763376469e-02 -1.229324356587309028e-02 -1.229324356587310763e-02 1.817873877593845222e-01
3.809523809523809312e-01 6.190476190476190688e-01 3.694012283854252593e-03 7.924371789147685585e-02 -2.338477464096219011e-02 -9.267334836453339220e-03 -9.267334836453335750e-03 1.827938474733173946e-01
4.285714285714285476e-01 6.190476190476190688e-01 2.219805257041684420e-03 7.933809687746992689e-02 -2.332851085679580813e-02 -5.765692321306904039e-03 -5.765692321306903172e-03 1.840101215971976789e-01
4.761904761904761640e-01 6.190476190476190688e-01 7.396925227279412462e-04 7.938178320171272728e-02 -2.371413344172932161e-02 -1.923633913754716103e-03 -1.923633913754719139e-03 1.841200864744396426e-01
5.238095238095238360e-01 6.190476190476190688e-01 -7.421512862750678091e-04 7.938248922219268144e-02 -2.338384201022798356e-02 2.002770628730319181e-03 2.002770628730324385e-03 1.844391641288104511e-01
5.714285714285713969e-01 6.190476190476190688e-01 -2.222150286248584291e-03 7.934116435038852944e-02 -2.362679320989081663e-02 5.819655022943421435e-03 5.819655022943429241e-03 1.836689565701236093e-01
6.190476190476190688e-01 6.190476190476190688e-01 -3.696092163827408451e-03 7.924813401640444510e-02 -2.311952304621371287e-02 9.374672864126940702e-03 9.374672864126954580e-03 1.831049189278924072e-01
6.666666666666666297e-01 6.190476190476190688e-01 -5.157953728931013483e-03 7.908656214749254509e-02 -2.277594858374972636e-02 1.232249974817091129e-02 1.232249974817091476e-02 1.814063775769563513e-01
7.142857142857143016e-01 6.190476190476190688e-01 -6.598361716402008532e-03 7.882779227956049350e-02 -2.151620596114771355e-02 1.452034460145196042e-02 1.452034460145196042e-02 1.799736489623603719e-01
7.619047619047618625e-01 6.190476190476190688e-01 -8.003756873397384689e-03 7.843414076664394219e-02 -1.928498804560711127e-02 1.534852722958909670e-02 1.534852722958909670e-02 1.773939210757355112e-01
8.095238095238095344e-01 6.190476190476190688e-01 -9.355795523076707032e-03 7.785406684830935287e-02 -1.604189456767146291e-02 1.453555799865143168e-02 1.453555799865144903e-02 1.759300464143275788e-01
8.571428571428570953e-01 6.190476190476190688e-01 -1.063489181682828258e-02 7.702624242238670371e-02 -1.000496652565497323e-02 1.102243247607514326e-02 1.102243247607513806e-02 1.741396236230853822e-01
9.047619047619047672e-01 6.190476190476190688e-01 -1.183703955077953368e-02 7.588572692450508417e-02 -4.780183558484891494e-03 4.641283294363342249e-03 4.641283294363340514e-03 1.792255612335492132e-01
9.523809523809523281e-01 6.190476190476190688e-01 -1.300633944746581831e-02 7.441971711730979711e-02 4.372364047244110211e-04 -2.660785727285688851e-03 -2.660785727285681478e-03 1.898482837076947982e-01
1.000000000000000000e+00 6.190476190476190688e-01 -1.425694211814410375e-02 7.281494074492378399e-02 3.783171106474172030e-04 -1.475867388334058550e-03 -1.475867388334057466e-03 2.138511191196471872e-01
0.000000000000000000e+00 6.666666666666666297e-01 1.285856101452251959e-02 7.584089493242936186e-02 -2.147447260785337322e-05 7.533317479801361497e-04 7.533317479801357160e-04 2.059703667042025454e-01
4.761904761904761640e-02 6.666666666666666297e-01 1.162126435877816437e-02 7.720234430699743355e-02 5.370072782542728573e-04 3.133061355326540679e-03 3.133061355326539378e-03 1.939754140922318737e-01
9.523809523809523281e-02 6.666666666666666297e-01 1.045029235264528615e-02 7.852171143924197017e-02 -4.988271272923152245e-04 -9.813087898934442360e-04 -9.813087898934429350e-04 1.853356427750763036e-01
1.428571428571428492e-01 6.666666666666666297e-01 9.298501762025720985e-03 7.962498627165885690e-02 -2.438092600355034126e-03 -6.686737124090638695e-03 -6.686737124090636093e-03 1.798942217181416781e-01
1.904761904761904656e-01 6.666666666666666297e-01 8.128427651658011108e-03 8.047020122547973719e-02 -5.557302272905057135e-03 -1.088728163003926247e-02 -1.088728163003926247e-02 1.788202290342980338e-01
2.380952380952380820e-01 6.666666666666666297e-01 6.928106866317507162e-03 8.108283652826792087e-02 -7.382562181701988156e-03 -1.289851542303360223e-02 -1.289851542303360223e-02 1.784281662361595633e-01
2.857142857142856984e-01 6.666666666666666297e-01 5.700009392077608032e-03 8.150856882080580179e-02 -9.136642424104118518e-03 -1.296329322938289015e-02 -1.296329322938289015e-02 1.790819952075637655e-01
3.333333333333333148e-01 6.666666666666666297e-01 4.450984436643369742e-03 8.179298531995238264e-02 -9.976350154152928418e-03 -1.145710056535528994e-02 -1.145710056535528994e-02 1.796050228952843220e-01
3.809523809523809312e-01 6.666666666666666297e-01 3.187611377161223610e-03 8.197398709534085837e-02 -1.059258981844003744e-02 -8.887974755183944767e-03 -8.887974755183946501e-03 1.802189259350329698e-01
4.285714285714285476e-01 6.666666666666666297e-01 1.915433171065236652e-03 8.207960556836779720e-02 -1.088187540465299780e-02 -5.580074445340629796e-03 -5.580074445340631531e-03 1.805769837970759850e-01
4.761904761904761640e-01 6.666666666666666297e-01 6.384861979522654316e-04 8.212838179037092179e-02 -1.098723229624010145e-02 -1.883367166156274444e-03 -1.883367166156281166e-03 1.808123044086689390e-01
5.238095238095238360e-01 6.666666666666666297e-01 -6.398725290234821275e-04 8.212918893370164952e-02 -1.100951562925874330e-02 1.947629793055879414e-03 1.947629793055820867e-03 1.807788865306699244e-01
5.714285714285713969e-01 6.666666666666666297e-01 -1.916614133388349706e-03 8.208219850314706079e-02 -1.085990424856096009e-02 5.654487084072982658e-03 5.654487084072228921e-03 1.805953006893673551e-01
6.190476190476190688e-01 6.666666666666666297e-01 -3.188486680574214097e-03 8.197817706513060854e-02 -1.054808690296685399e-02 8.946107126874186521e-03 8.946107126874188256e-03 1.801465958600660944e-01
6.666666666666666297e-01 6.666666666666666297e-01 -4.451284427366928101e-03 8.179885179747126145e-02 -1.003289467591875726e-02 1.154434819886845237e-02 1.154434819886844717e-02 1.796469624364562534e-01
7.142857142857143016e-01 6.666666666666666297e-01 -5.699773121323014995e-03 8.151591229164946439e-02 -8.936482960724564939e-03 1.301771728763366325e-02 1.301771728763365804e-02 1.789259519685821864e-01
7.619047619047618625e-01 6.666666666666666297e-01 -6.927128295496358563e-03 8.109147705139027607e-02 -7.635343180177762631e-03 1.298836609614976295e-02 1.298836609614976122e-02 1.786080150599405059e-01
8.095238095238095344e-01 6.666666666666666297e-01 -8.126692333162878826e-03 8.047981839612283750e-02 -5.098047040013519056e-03 1.093825437806027201e-02 1.093825437806020262e-02 1.784087236852845426e-01
8.571428571428570953e-01 6.666666666666666297e-01 -9.296368663671754004e-03 7.963468075879777397e-02 -2.914964155218350249e-03 6.704026536846859584e-03 6.704026536847047801e-03 1.805494372051004437e-01
9.047619047619047672e-01 6.666666666666666297e-01 -1.044830534002147079e-02 7.853099942796162858e-02 -1.390264024094522164e-04 1.061446979474477397e-03 1.061446979474481734e-03 1.844943545960023024e-01
9.523809523809523281e-01 6.666666666666666297e-01 -1.161903782103820837e-02 7.721171823759134800e-02 5.173416884148411294e-04 -3.261406910018777028e-03 -3.261406910018780497e-03 1.943771519385023017e-01
1.000000000000000000e+00 6.666666666666666297e-01 -1.285680568046298350e-02 7.585101669658610157e-02 -5.400765041903648708e-05 -7.160825103703928043e-04 -7.160825103703999600e-04 2.057751763751523022e-01
0.000000000000000000e+00 7.142857142857143016e-01 1.162454638863101922e-02 7.877394618313583730e-02 -1.733303347785459180e-04 5.401166205749016779e-04 5.401166205749023284e-04 2.002300835719132421e-01
4.761904761904761640e-02 7.142857142857143016e-01 1.040156319786273396e-02 8.001618273504099155e-02 6.542536581907615898e-04 2.465375902612737709e-03 2.465375902612745515e-03 1.953924792444119152e-01
9.523809523809523281e-02 7.142857142857143016e-01 9.225984385390810852e-03 8.122753871297809514e-02 1.753362850581361918e-03 -7.476176042455692783e-04 -7.476176042455696035e-04 1.897904368147250442e-01
1.428571428571428492e-01 7.142857142857143016e-01 8.095359250423116160e-03 8.226714352164486710e-02 2.349092438739059079e-03 -5.548341156326850807e-03 -5.548341156326846470e-03 1.853190360935745018e-01
1.904761904761904656e-01 7.142857142857143016e-01 6.995102422516264601e-03 8.308377684368639660e-02 2.620170921784539982e-03 -9.615594891916011411e-03 -9.615594891916021819e-03 1.817841155109662932e-01
2.380952380952380820e-01 7.142857142857143016e-01 5.911437115707867188e-03 8.368698006586706983e-02 2.348584541837677505e-03 -1.183988872203955121e-02 -1.183988872203955468e-02 1.798509008635732209e-01
2.857142857142856984e-01 7.142857142857143016e-01 4.835273853207327013e-03 8.411239215495089350e-02 2.205725148669664213e-03 -1.217001601512439531e-02 -1.217001601512439531e-02 1.784250810405451082e-01
3.333333333333333148e-01 7.142857142857143016e-01 3.761556057098064225e-03 8.439977717912684752e-02 1.855400747466208391e-03 -1.095156274034086129e-02 -1.095156274034086129e-02 1.777980120558716182e-01
3.809523809523809312e-01 7.142857142857143016e-01 2.687800036933219675e-03 8.458445153959917584e-02 1.700728010531381415e-03 -8.562223155010787942e-03 -8.562223155010789677e-03 1.773479646833951429e-01
4.285714285714285476e-01 7.142857142857143016e-01 1.613135683149195766e-03 8.469305438481739001e-02 1.502908027431650766e-03 -5.419603251159495379e-03 -5.419603251159495379e-03 1.772139121373254855e-01
4.761904761904761640e-01 7.142857142857143016e-01 5.376524306938788985e-04 8.474337676272228337e-02 1.464112129057557228e-03 -1.832967283595618576e-03 -1.832967283595619661e-03 1.771062683864763065e-01
5.238095238095238360e-01 7.142857142857143016e-01 -5.380786801405832787e-04 8.474410479396060625e-02 1.437789121887212860e-03 1.891313072252644124e-03 1.891313072252647593e-03 1.771318944469421619e-01
5.714285714285713969e-01 7.142857142857143016e-01 -1.613328634289206255e-03 8.469529410219613086e-02 1.559290915660185763e-03 5.472991593518992601e-03 5.472991593519025560e-03 1.771569389903671632e-01
6.190476190476190688e-01 7.142857142857143016e-01 -2.687523663146997640e-03 8.458812939007054332e-02 1.674944762712328016e-03 8.630299816832524493e-03 8.630299816832541840e-03 1.773765608504253022e-01
6.666666666666666297e-01 7.142857142857143016e-01 -3.760612600708908380e-03 8.440499031938339392e-02 1.968402594519295078e-03 1.100609507556810258e-02 1.100609507556810258e-02 1.776819460010949925e-01
7.142857142857143016e-01 7.142857142857143016e-01 -4.833500242533260091e-03 8.411893819808033412e-02 2.151868333356104362e-03 1.224780590650437900e-02 1.224780590650435125e-02 1.785073034804050829e-01
7.619047619047618625e-01 7.142857142857143016e-01 -5.908733319221540908e-03 8.369500058931381159e-02 2.522592806407812204e-03 1.190575214353810710e-02 1.190575214353808108e-02 1.796531192430077528e-01
8.095238095238095344e-01 7.142857142857143016e-01 -6.991591523932197232e-03 8.309271370908176413e-02 2.531424082785565296e-03 9.674837389347365479e-03 9.674837389347358541e-03 1.819896439087637929e-01
8.571428571428570953e-01 7.142857142857143016e-01 -8.091303577423660312e-03 8.227682989589742146e-02 2.480776461967003355e-03 5.642455896238850709e-03 5.642455896239695519e-03 1.850798861733605472e-01
9.047619047619047672e-01 7.142857142857143016e-01 -9.221611278343287005e-03 8.123762418382006467e-02 1.750772156661237634e-03 7.509511724859144676e-04 7.509511724860272247e-04 1.899685669269750299e-01
9.523809523809523281e-01 7.142857142857143016e-01 -1.039707915096649629e-02 8.002490264588599245e-02 6.200996245677876115e-04 -2.360451786488844492e-03 -2.360451786488859238e-03 1.955418513503670852e-01
1.000000000000000000e+00 7.142857142857143016e-01 -1.161902535902697813e-02 7.877959916584455213e-02 -4.020259612398865843e-05 -5.648676393146474838e-04 -5.648676393146477006e-04 2.000108685915849838e-01
0.000000000000000000e+00 7.619047619047618625e-01 1.043731712961688297e-02 8.162976883140807272e-02 -6.511658757509390422e-05 5.243369212989718205e-04 5.243369212989720373e-04 1.957706440502699763e-01
4.761904761904761640e-02 7.619047619047618625e-01 9.225068519840102718e-03 8.284309753096015527e-02 8.532979701509649196e-04 7.632759291218043415e-04 7.632759291218041246e-04 1.972377320018282032e-01
9.523809523809523281e-02 7.619047619047618625e-01 8.046979728268533263e-03 8.398516129215906345e-02 3.854560127622374838e-03 -2.822744764492820038e-03 -2.822744764492805293e-03 1.940716035310499632e-01
1.428571428571428492e-01 7.619047619047618625e-01 6.937277417048855026e-03 8.494609730680970083e-02 6.936762663316990707e-03 -7.368710878660513809e-03 -7.368710878660505136e-03 1.896365974760656770e-01
1.904761904761904656e-01 7.619047619047618625e-01 5.901134167037292572e-03 8.569539739163163639e-02 9.865320313486955484e-03 -1.079336541475944475e-02 -1.079336541475944475e-02 1.848761820624580388e-01
2.380952380952380820e-01 7.619047619047618625e-01 4.925838316244536726e-03 8.624895059367035377e-02 1.167744124351003873e-02 -1.247928594855376126e-02 -1.247928594855374565e-02 1.807767528166204229e-01
2.857142857142856984e-01 7.619047619047618625e-01 3.993359156326954998e-03 8.664065014522392971e-02 1.279871671810811282e-02 -1.244890249774437130e-02 -1.244890249774437130e-02 1.779604947260834125e-01
3.333333333333333148e-01 7.619047619047618625e-01 3.087837146807653668e-03 8.690708511646889900e-02 1.337841641278097668e-02 -1.100214753855523718e-02 -1.100214753855523718e-02 1.758067136619930471e-01
3.809523809523809312e-01 7.619047619047618625e-01 2.197954993101889146e-03 8.707937287344486021e-02 1.355593994897981089e-02 -8.537525464799307351e-03 -8.537525464799329902e-03 1.746157640819506474e-01
4.285714285714285476e-01 7.619047619047618625e-01 1.316274241987732459e-03 8.718141107767277131e-02 1.368018768596134145e-02 -5.371221544187340831e-03 -5.371221544187342566e-03 1.737779987142572813e-01
4.761904761904761640e-01 7.619047619047618625e-01 4.384655144076950672e-04 8.722882071305358698e-02 1.363042821631032381e-02 -1.819433586380553346e-03 -1.819433586380549877e-03 1.735025145421595916e-01
5.238095238095238360e-01 7.619047619047618625e-01 -4.381605709906486899e-04 8.722944662787714132e-02 1.369980693250276264e-02 1.862225428891213248e-03 1.862225428891215633e-03 1.734300035952656138e-01
5.714285714285713969e-01 7.619047619047618625e-01 -1.315701821849864488e-03 8.718323289118672104e-02 1.364027153257316681e-02 5.420099368175916241e-03 5.420099368176361197e-03 1.738339341092062784e-01
6.190476190476190688e-01 7.619047619047618625e-01 -2.196792978345155686e-03 8.708248768250101413e-02 1.364675131714303269e-02 8.579627819310717621e-03 8.579627819310703743e-03 1.744917271465505626e-01
6.666666666666666297e-01 7.619047619047618625e-01 -3.085893147680318204e-03 8.691142313962993415e-02 1.338634741353351282e-02 1.106225614616210273e-02 1.106225614616206977e-02 1.758846348148440375e-01
7.142857142857143016e-01 7.619047619047618625e-01 -3.990290495326396722e-03 8.664641297192313130e-02 1.287308519998478160e-02 1.250107068838176606e-02 1.250107068838155269e-02 1.777788547914149475e-01
7.619047619047618625e-01 7.619047619047618625e-01 -4.921599148165371057e-03 8.625596877707833454e-02 1.178983177237820715e-02 1.255272334438455387e-02 1.255272334438452264e-02 1.808825898926298414e-01
8.095238095238095344e-01 7.619047619047618625e-01 -5.895729672408308447e-03 8.570395485915624501e-02 9.813445035796921484e-03 1.087972346886699471e-02 1.087972346886696695e-02 1.847704857684260016e-01
8.571428571428570953e-01 7.619047619047618625e-01 -6.930867710929115334e-03 8.495571646641317254e-02 7.193866576189612665e-03 7.422402305865953911e-03 7.422402305865953911e-03 1.895898357791961919e-01
9.047619047619047672e-01 7.619047619047618625e-01 -8.040278734605488947e-03 8.399507082690717275e-02 3.653106206086708611e-03 2.926819227829590905e-03 2.926819227828531857e-03 1.944633902866892139e-01
9.523809523809523281e-01 7.619047619047618625e-01 -9.218703451138340194e-03 8.285282644218180947e-02 9.912493525213706379e-04 -8.170295375548690398e-04 -8.170295375545794494e-04 1.967537999116995839e-01
1.000000000000000000e+00 7.619047619047618625e-01 -1.043299759703062574e-02 8.163866150213529294e-02 -3.495489524766383404e-04 -5.061609281841435506e-04 -5.061609281842668244e-04 1.963412574385507980e-01
0.000000000000000000e+00 8.095238095238095344e-01 9.208805762430914005e-03 8.444308667826835868e-02 -6.595340909650802266e-04 6.178629328135250461e-04 6.178629328135258050e-04 1.947067380950676108e-01
4.761904761904761640e-02 8.095238095238095344e-01 7.991499753398080899e-03 8.569846847050235916e-02 1.619738282198262495e-03 -1.984394970684569617e-03 -1.984394970684596072e-03 1.997406955145651919e-01
9.523809523809523281e-02 8.095238095238095344e-01 6.813331744073495254e-03 8.679070213482660556e-02 6.473422353167885071e-03 -7.484305918692338473e-03 -7.484305918692338473e-03 1.994116287442226354e-01
1.428571428571428492e-01 8.095238095238095344e-01 5.742114475504669045e-03 8.765150106346959735e-02 1.316516914210832077e-02 -1.185621898100466982e-02 -1.185621898100466982e-02 1.932601412349074510e-01
1.904761904761904656e-01 8.095238095238095344e-01 4.791146741888673358e-03 8.829585821139307455e-02 1.782704282417902492e-02 -1.419181298924636868e-02 -1.419181298924636694e-02 1.868263054050401106e-01
2.380952380952380820e-01 8.095238095238095344e-01 3.939934318116730845e-03 8.876231357653754928e-02 2.157217336027842519e-02 -1.466216924879571587e-02 -1.466216924879571587e-02 1.812049979357371332e-01
2.857142857142856984e-01 8.095238095238095344e-01 3.159704122032541782e-03 8.909067801808275011e-02 2.357410977775417985e-02 -1.366052500617303926e-02 -1.366052500617303926e-02 1.766569190243238163e-01
3.333333333333333148e-01 8.095238095238095344e-01 2.425328679109923277e-03 8.931437081142692969e-02 2.471212418837413077e-02 -1.160641748994752608e-02 -1.160641748994752608e-02 1.737242260788817716e-01
3.809523809523809312e-01 8.095238095238095344e-01 1.718159615471322264e-03 8.945989157604182507e-02 2.528788075575693836e-02 -8.779371343334771427e-03 -8.779371343334767958e-03 1.715352133193242534e-01
4.285714285714285476e-01 8.095238095238095344e-01 1.026172858535460064e-03 8.954652979271453261e-02 2.542991236025030077e-02 -5.456584922709295689e-03 -5.456584922709295689e-03 1.704348301452647541e-01
4.761904761904761640e-01 8.095238095238095344e-01 3.415363945686776754e-04 8.958698140862300652e-02 2.558514458343112349e-02 -1.839485379789829005e-03 -1.839485379789812958e-03 1.697557879877485409e-01
5.238095238095238360e-01 8.095238095238095344e-01 -3.408062695327068389e-04 8.958743899048068893e-02 2.550335891459525745e-02 1.869735034738371441e-03 1.869735034738243505e-03 1.698509899935456147e-01
5.714285714285713969e-01 8.095238095238095344e-01 -1.025112274427981973e-03 8.954795344314761540e-02 2.553470083629784393e-02 5.483809256653158874e-03 5.483809256653059128e-03 1.703009039336962904e-01
6.190476190476190688e-01 8.095238095238095344e-01 -1.716536176973079047e-03 8.946226703979087702e-02 2.526418791745409231e-02 8.815983546634740403e-03 8.815983546634360499e-03 1.716339072900249230e-01
6.666666666666666297e-01 8.095238095238095344e-01 -2.422673096991539120e-03 8.931782360349291294e-02 2.479542861743392820e-02 1.163567656832691435e-02 1.163567656832670272e-02 1.735216951753035253e-01
7.142857142857143016e-01 8.095238095238095344e-01 -3.155887388090620419e-03 8.909524875138848110e-02 2.369619450053833329e-02 1.371332642586929086e-02 1.371332642586919198e-02 1.767793961878385001e-01
7.619047619047618625e-01 8.095238095238095344e-01 -3.934408318513190998e-03 8.876829762864288376e-02 2.150920528314885158e-02 1.471132089814328019e-02 1.471132089814270946e-02 1.809963495247068344e-01
8.095238095238095344e-01 8.095238095238095344e-01 -4.783815852569785892e-03 8.830337621742624654e-02 1.827123998310677469e-02 1.428660911962733107e-02 1.428660911962682106e-02 1.868396935983288876e-01
8.571428571428570953e-01 8.095238095238095344e-01 -5.733470859107087612e-03 8.766118507248224501e-02 1.273399515733885691e-02 1.197802159076761727e-02 1.197802159076757043e-02 1.935457911694236088e-01
9.047619047619047672e-01 8.095238095238095344e-01 -6.803801576098151768e-03 8.680146543783097413e-02 7.118245855238962590e-03 7.545029131679556120e-03 7.545029131679533568e-03 1.986993185599786049e-01
9.523809523809523281e-01 8.095238095238095344e-01 -7.981516084039184597e-03 8.570832827068337878e-02 1.351429735120228274e-03 2.170649644231997799e-03 2.170649644231965273e-03 2.009825324479818653e-01
1.000000000000000000e+00 8.095238095238095344e-01 -9.196123319839910257e-03 8.444945381019874908e-02 -1.713391059454674129e-04 -6.082357120030576882e-04 -6.082357120030603987e-04 1.937716007431503351e-01
0.000000000000000000e+00 8.571428571428570953e-01 7.826849437436620219e-03 8.724597213282957175e-02 -6.376630903897193741e-04 1.133640406704232353e-03 1.133640406704265963e-03 1.946804802465949280e-01
4.761904761904761640e-02 8.571428571428570953e-01 6.589524837911287479e-03 8.861529884642870003e-02 2.451907723913435838e-03 -7.547777569903251632e-03 -7.547777569903253367e-03 2.082663967988443166e-01
9.523809523809523281e-02 8.571428571428570953e-01 5.427871253708060548e-03 8.964268314031660634e-02 1.326683996322321896e-02 -1.549665848925047690e-02 -1.549665848925047690e-02 2.038266046813916876e-01
1.428571428571428492e-01 8.571428571428570953e-01 4.442020806729625459e-03 9.035873778923000921e-02 2.138536195970182005e-02 -1.891449850856403297e-02 -1.891449850856402257e-02 1.960543086616326758e-01
1.904761904761904656e-01 8.571428571428570953e-01 3.624499054065587287e-03 9.085660022927503909e-02 2.873105949814524704e-02 -1.918190708475278963e-02 -1.918190708475285208e-02 1.872784809649565008e-01
2.380952380952380820e-01 8.571428571428570953e-01 2.933352551366149100e-03 9.120551811968999334e-02 3.256422825284477351e-02 -1.770386602179779140e-02 -1.770386602179779140e-02 1.799007679330419940e-01
2.857142857142856984e-01 8.571428571428570953e-01 2.326776126142056453e-03 9.144889379453262357e-02 3.501592575285219361e-02 -1.535711415073723156e-02 -1.535711415073722635e-02 1.747470072273263619e-01
3.333333333333333148e-01 8.571428571428570953e-01 1.772732775419597626e-03 9.161507044825548118e-02 3.621242270774951977e-02 -1.243192109596299305e-02 -1.243192109596298785e-02 1.707516727468046669e-01
3.809523809523809312e-01 8.571428571428570953e-01 1.250032604807203114e-03 9.172388757204197329e-02 3.667417058448545902e-02 -9.137766230886966087e-03 -9.137766230886966087e-03 1.684115871049502722e-01
4.285714285714285476e-01 8.571428571428570953e-01 7.445411795125627319e-04 9.178916159546147979e-02 3.697095237392645367e-02 -5.578682981359777034e-03 -5.578682981359770962e-03 1.667354748140099929e-01
4.761904761904761640e-01 8.571428571428570953e-01 2.475989845737351733e-04 9.181977242800536121e-02 3.691029129468677283e-02 -1.872056162092498909e-03 -1.872056162092478526e-03 1.661547833554038178e-01
5.238095238095238360e-01 8.571428571428570953e-01 -2.467405550623660371e-04 9.182009346070585387e-02 3.703805884772305712e-02 1.885852417485382997e-03 1.885852417485676816e-03 1.660169715638760424e-01
5.714285714285713969e-01 8.571428571428570953e-01 -7.434180494049908708e-04 9.179012577427791975e-02 3.688039060271771502e-02 5.594682480327912988e-03 5.594682480327778547e-03 1.668562735994769397e-01
6.190476190476190688e-01 8.571428571428570953e-01 -1.248242077907516911e-03 9.172553218176805745e-02 3.680376782681488157e-02 9.148140507911279792e-03 9.148140507911583369e-03 1.682117085651809174e-01
6.666666666666666297e-01 8.571428571428570953e-01 -1.770097458709406386e-03 9.161745955130394525e-02 3.622328577663689458e-02 1.245171883967103460e-02 1.245171883967056449e-02 1.708958527120989224e-01
7.142857142857143016e-01 8.571428571428570953e-01 -2.322604105481900806e-03 9.145214182562008687e-02 3.506667163623235911e-02 1.536664923414881451e-02 1.536664923414181490e-02 1.744636028871491273e-01
7.619047619047618625e-01 8.571428571428570953e-01 -2.927540679350657937e-03 9.120992439412074770e-02 3.286923174582225687e-02 1.775065561478206960e-02 1.775065561478597273e-02 1.800535114876656850e-01
8.095238095238095344e-01 8.571428571428570953e-01 -3.615948448174553798e-03 9.086250975928432394e-02 2.844857128091955387e-02 1.921623361168810912e-02 1.921623361168778646e-02 1.870678114023313909e-01
8.571428571428570953e-01 8.571428571428570953e-01 -4.430068920088791294e-03 9.036717438413675862e-02 2.248747687977692422e-02 1.909883796803830969e-02 1.909883796803886827e-02 1.958477178525029616e-01
9.047619047619047672e-01 8.571428571428570953e-01 -5.414574734450432018e-03 8.965550035621104585e-02 1.211063092856902619e-02 1.572253056091854617e-02 1.572253056091852882e-02 2.053332008997969249e-01
9.523809523809523281e-01 8.571428571428570953e-01 -6.577670344396157297e-03 8.862804379762892482e-02 3.359650861782950606e-03 7.490438551693737006e-03 7.490438551693738740e-03 2.064675498218602190e-01
1.000000000000000000e+00 8.571428571428570953e-01 -7.820578641258998931e-03 8.725590175162734052e-02 -1.729673784759127187e-03 -8.874375267099874004e-04 -8.874375267099947730e-04 1.973620325465803849e-01
0.000000000000000000e+00 9.047619047619047672e-01 6.181897817460133004e-03 9.009962263261081516e-02 -6.601712754080199357e-03 4.387693244684086162e-03 4.387693244684084427e-03 2.027030933935819457e-01
4.761904761904761640e-02 9.047619047619047672e-01 4.874338107105524731e-03 9.165229980506786611e-02 1.104362464724987364e-02 -1.978274798353824374e-02 -1.978274798353824027e-02 2.175813915139916399e-01
9.523809523809523281e-02 9.047619047619047672e-01 3.799677402294272983e-03 9.251762418366832330e-02 2.369951525395157244e-02 -2.789577615665145283e-02 -2.789577615665145283e-02 2.090255868289613295e-01
1.428571428571428492e-01 9.047619047619047672e-01 2.999129866049320050e-03 9.301436670263499296e-02 3.656391490403574501e-02 -2.757193189884933615e-02 -2.757193189884933615e-02 1.959171262340483610e-01
1.904761904761904656e-01 9.047619047619047672e-01 2.394007113659914893e-03 9.333007876415704007e-02 4.213609250463272449e-02 -2.425253218853943432e-02 -2.425253218853945861e-02 1.848675110064808003e-01
2.380952380952380820e-01 9.047619047619047672e-01 1.911168082327041867e-03 9.354588183388569400e-02 4.550903008946848016e-02 -2.052996987863081602e-02 -2.052996987863081602e-02 1.772888345951538769e-01
2.857142857142856984e-01 9.047619047619047672e-01 1.502192538013237544e-03 9.369614807859212580e-02 4.705069701906182400e-02 -1.675707457256967944e-02 -1.675707457256967944e-02 1.712834286121295846e-01
3.333333333333333148e-01 9.047619047619047672e-01 1.138000051268284662e-03 9.379982131572604798e-02 4.759429094003997385e-02 -1.305008173648600396e-02 -1.305008173648600049e-02 1.675283528189669968e-01
3.809523809523809312e-01 9.047619047619047672e-01 7.995509704897801190e-04 9.386846187135038100e-02 4.790032728822185559e-02 -9.341049137614226144e-03 -9.341049137614224410e-03 1.646469294060052546e-01
4.285714285714285476e-01 9.047619047619047672e-01 4.753216408708216462e-04 9.391011941589651191e-02 4.773916496137016463e-02 -5.620145200400216388e-03 -5.620145200400216388e-03 1.631892354266802903e-01
4.761904761904761640e-01 9.047619047619047672e-01 1.579595783364945764e-04 9.392976833513157209e-02 4.785782613362701138e-02 -1.875132008777420471e-03 -1.875132008777408979e-03 1.622582742502539088e-01
5.238095238095238360e-01 9.047619047619047672e-01 -1.572803721379095298e-04 9.392996157607644281e-02 4.770301435585502792e-02 1.877278351719453712e-03 1.877278351719513126e-03 1.624023807121713348e-01
5.714285714285713969e-01 9.047619047619047672e-01 -4.743862344545826280e-04 9.391064916554717201e-02 4.791184821385476023e-02 5.618793893111097629e-03 5.618793893111085486e-03 1.630060173436181370e-01
6.190476190476190688e-01 9.047619047619047672e-01 -7.981663125663565877e-04 9.386941587792123343e-02 4.778525574198678322e-02 9.340349439331645243e-03 9.340349439331742387e-03 1.648009813436153437e-01
6.666666666666666297e-01 9.047619047619047672e-01 -1.135738594552563501e-03 9.380113579852560057e-02 4.776069604768845567e-02 1.303716925277815207e-02 1.303716925278131447e-02 1.672579902209418434e-01
7.142857142857143016e-01 9.047619047619047672e-01 -1.498879143028106990e-03 9.369804907954758233e-02 4.706093510378200895e-02 1.675248271516366003e-02 1.675248271516955809e-02 1.714876826586324288e-01
7.619047619047618625e-01 9.047619047619047672e-01 -1.905848251665923695e-03 9.354830773246955444e-02 4.557092160785854162e-02 2.049586051486450289e-02 2.049586051486729579e-02 1.768846396234925455e-01
8.095238095238095344e-01 9.047619047619047672e-01 -2.386579985569955292e-03 9.333375553196641972e-02 4.261423798566393861e-02 2.428814263131036030e-02 2.428814263131113746e-02 1.851390762702760928e-01
8.571428571428570953e-01 9.047619047619047672e-01 -2.986560576026189504e-03 9.301915218837637778e-02 3.601902787749511337e-02 2.754841412205297560e-02 2.754841412205298948e-02 1.954757723215565790e-01
9.047619047619047672e-01 9.047619047619047672e-01 -3.778688984801447520e-03 9.252869853893773422e-02 2.674085076350718806e-02 2.841863211969454170e-02 2.841863211969453476e-02 2.087341716209963893e-01
9.523809523809523281e-01 9.047619047619047672e-01 -4.852274838466254930e-03 9.166897351557982965e-02 7.154487669057824940e-03 2.015080822800435073e-02 2.015080822800434726e-02 2.241777872543324335e-01
1.000000000000000000e+00 9.047619047619047672e-01 -6.138576926212876983e-03 9.012266400491837637e-02 -3.501131591400600575e-03 -2.112131274252613405e-03 -2.112131274252613839e-03 2.026511400168821420e-01
0.000000000000000000e+00 9.523809523809523281e-01 3.919164643362574307e-03 9.324385661749468035e-02 1.541663361512833749e-03 5.222325304370714280e-03 5.222325304370709076e-03 2.130612007959991616e-01
4.761904761904761640e-02 9.523809523809523281e-01 2.639122957525930763e-03 9.483339094756298993e-02 2.740699641927027072e-02 -4.517840442793475547e-02 -4.517840442793477629e-02 2.349541854712504929e-01
9.523809523809523281e-02 9.523809523809523281e-01 1.900682205227073943e-03 9.530723731352711003e-02 5.047515424284602925e-02 -4.200815083927572635e-02 -4.200815083927571247e-02 2.090967775347100377e-01
1.428571428571428492e-01 9.523809523809523281e-01 1.457242836900757548e-03 9.552616874581705553e-02 5.690085734387612809e-02 -3.388359868678943176e-02 -3.388359868678942483e-02 1.904755977659737254e-01
1.904761904761904656e-01 9.523809523809523281e-01 1.150289083390944409e-03 9.565818202322988462e-02 5.861807147938128543e-02 -2.711715616987107544e-02 -2.711715616987103727e-02 1.803640940713860941e-01
2.380952380952380820e-01 9.523809523809523281e-01 9.111309727373420771e-04 9.575052763872880790e-02 5.932485482034544760e-02 -2.175341289568986924e-02 -2.175341289568986924e-02 1.725284489559768542e-01
2.857142857142856984e-01 9.523809523809523281e-01 7.132652216337460058e-04 9.581571506118118087e-02 5.892609161165050097e-02 -1.712190153500923670e-02 -1.712190153500923670e-02 1.674763518517966010e-01
3.333333333333333148e-01 9.523809523809523281e-01 5.388434956541233263e-04 9.586205656188059865e-02 5.878440315190547327e-02 -1.302782663454419773e-02 -1.302782663454419426e-02 1.634530208265112527e-01
3.809523809523809312e-01 9.523809523809523281e-01 3.781845590011820367e-04 9.589312137716604623e-02 5.812601288882805750e-02 -9.170652225686710263e-03 -9.170652225686711997e-03 1.610766721884938080e-01
4.285714285714285476e-01 9.523809523809523281e-01 2.246729035382196457e-04 9.591247822841755810e-02 5.801262595318059517e-02 -5.467161707172117635e-03 -5.467161707172108961e-03 1.593142957328229636e-01
4.761904761904761640e-01 9.523809523809523281e-01 7.466377086411882106e-05 9.592154327613830467e-02 5.761481392606563473e-02 -1.817205369219415797e-03 -1.817205369219417098e-03 1.587076621181041369e-01
5.238095238095238360e-01 9.523809523809523281e-01 -7.431660483731594474e-05 9.592171783199038293e-02 5.782871829510314449e-02 1.812135454095092999e-03 1.812135454095123357e-03 1.585534038830490322e-01
5.714285714285713969e-01 9.523809523809523281e-01 -2.242197330212715868e-04 9.591257283476876949e-02 5.780161831189405824e-02 5.454456376836188877e-03 5.454456376836116886e-03 1.594577762044183666e-01
6.190476190476190688e-01 9.523809523809523281e-01 -3.773792663477054535e-04 9.589360418805806252e-02 5.836945060394532758e-02 9.163165711422772280e-03 9.163165711422912793e-03 1.608677022597070072e-01
6.666666666666666297e-01 9.523809523809523281e-01 -5.377198842440989281e-04 9.586239543746562231e-02 5.856506828917622254e-02 1.298850221246517465e-02 1.298850221246405402e-02 1.636275812680540453e-01
7.142857142857143016e-01 9.523809523809523281e-01 -7.111680010639248595e-04 9.581659650964112485e-02 5.921671376993086627e-02 1.710823766669559640e-02 1.710823766668554194e-02 1.671677047103323765e-01
7.619047619047618625e-01 9.523809523809523281e-01 -9.084684469024510841e-04 9.575106915211421821e-02 5.913524935807492472e-02 2.165239523677063918e-02 2.165239523677432720e-02 1.727863329872809661e-01
8.095238095238095344e-01 9.523809523809523281e-01 -1.145096291862688926e-03 9.565990049139566631e-02 5.895122501499095585e-02 2.711824676654051372e-02 2.711824676654049637e-02 1.798178774384293355e-01
8.571428571428570953e-01 9.523809523809523281e-01 -1.452073040470812371e-03 9.552607759524012199e-02 5.686740811799888967e-02 3.368911946237321264e-02 3.368911946237321958e-02 1.910733008784027132e-01
9.047619047619047672e-01 9.523809523809523281e-01 -1.881939708300931369e-03 9.531130289762709817e-02 5.116737684796919539e-02 4.250440708163515102e-02 4.250440708163515102e-02 2.062992321306046373e-01
9.523809523809523281e-01 9.523809523809523281e-01 -2.597852073102729920e-03 9.484939682736125144e-02 3.320411264441953947e-02 4.627458737479786532e-02 4.627458737479786532e-02 2.299745241480507241e-01
1.000000000000000000e+00 9.523809523809523281e-01 -3.933513754254206428e-03 9.322407286834501206e-02 -1.959800378849783919e-02 3.575566983855884857e-03 3.575566983855880954e-03 2.542540188548265134e-01
0.000000000000000000e+00 1.000000000000000000e+00 -2.273797112994292416e-20 9.780300000000000105e-02 1.031727601124356047e-01 -9.780624496002403301e-02 -9.780624496002403301e-02 3.852664250389674638e-01
4.761904761904761640e-02 1.000000000000000000e+00 -3.452896888909379331e-20 9.780300000000000105e-02 8.806064164423051122e-02 -6.123416449787577598e-02 -6.123416449787579680e-02 2.367740658587848823e-01
9.523809523809523281e-02 1.000000000000000000e+00 3.282655047053652720e-15 9.780300000000000105e-02 8.158098910334656007e-02 -4.106203976232701558e-02 -4.106203976232707109e-02 1.934662451568783248e-01
1.428571428571428492e-01 1.000000000000000000e+00 -3.010094476071631238e-20 9.780300000000000105e-02 7.804912378619868751e-02 -3.293984373017908029e-02 -3.293984373017908723e-02 1.825872888291376894e-01
1.904761904761904656e-01 1.000000000000000000e+00 3.389804428260966245e-20 9.780300000000000105e-02 7.461799845623286187e-02 -2.576017692762412603e-02 -2.576017692762413297e-02 1.735807659188781660e-01
2.380952380952380820e-01 1.000000000000000000e+00 -1.931706777554628233e-20 9.780300000000000105e-02 7.193247554400056254e-02 -2.060737853217695439e-02 -2.060737853217695439e-02 1.678013536329999167e-01
2.857142857142856984e-01 1.000000000000000000e+00 6.471272146482060043e-20 9.780299999999998717e-02 7.002350173533049282e-02 -1.604167614753714347e-02 -1.604167614753714347e-02 1.628812219316183307e-01
3.333333333333333148e-01 1.000000000000000000e+00 -1.604192970788498834e-20 9.780299999999998717e-02 6.849315253896508249e-02 -1.218921749806382328e-02 -1.218921749806382328e-02 1.597726161151740432e-01
3.809523809523809312e-01 1.000000000000000000e+00 3.009826827844085763e-15 9.780299999999998717e-02 6.755648803583214068e-02 -8.535376860158927492e-03 -8.535376860158927492e-03 1.572024463888855306e-01
4.285714285714285476e-01 1.000000000000000000e+00 -2.915099263033834250e-20 9.780300000000001492e-02 6.683966695526308288e-02 -5.089322585685460490e-03 -5.089322585685592329e-03 1.559224122277435842e-01
4.761904761904761640e-01 1.000000000000000000e+00 -4.648604658530664195e-17 9.780299999999998717e-02 6.660584705224659174e-02 -1.688385181268033282e-03 -1.688385181268040438e-03 1.550251009049230244e-01
5.238095238095238360e-01 1.000000000000000000e+00 6.060242696470346544e-21 9.780300000000000105e-02 6.652863872935255163e-02 1.684454909579986360e-03 1.684454909579968145e-03 1.551983624355056379e-01
5.714285714285713969e-01 1.000000000000000000e+00 1.665922686317539874e-15 9.780300000000000105e-02 6.691139570267622128e-02 5.068018997861431160e-03 5.068018997861388659e-03 1.557230891032289899e-01
6.190476190476190688e-01 1.000000000000000000e+00 1.461791049349279318e-20 9.780300000000000105e-02 6.747152926656091454e-02 8.541454466749283728e-03 8.541454466748928109e-03 1.573932761726460072e-01
6.666666666666666297e-01 1.000000000000000000e+00 -1.567622493529965882e-20 9.780300000000000105e-02 6.856108613715609923e-02 1.211311505859482759e-02 1.211311505859267307e-02 1.595083860173418799e-01
7.142857142857143016e-01 1.000000000000000000e+00 2.452855890106434960e-20 9.780300000000000105e-02 6.993491342706266434e-02 1.607694270800827385e-02 1.607694270800673689e-02 1.631320831237671187e-01
7.619047619047618625e-01 1.000000000000000000e+00 -1.723357767381998114e-15 9.780300000000000105e-02 7.199141395961894396e-02 2.039703103250134833e-02 2.039703103250001259e-02 1.674213489184258052e-01
8.095238095238095344e-01 1.000000000000000000e+00 3.856090972744993524e-20 9.780300000000000105e-02 7.456517047653921093e-02 2.591317235078590547e-02 2.591317235078551343e-02 1.740071939923391597e-01
8.571428571428570953e-01 1.000000000000000000e+00 6.174849473174576102e-16 9.780300000000000105e-02 7.799210119941031583e-02 3.256861102235628774e-02 3.256861102235626693e-02 1.816933098764786092e-01
9.047619047619047672e-01 1.000000000000000000e+00 6.557274758290629411e-20 9.780300000000000105e-02 8.277192074334049909e-02 4.320136909756962240e-02 4.320136909756944199e-02 1.955875751090039860e-01
9.523809523809523281e-01 1.000000000000000000e+00 -7.238897604423850829e-20 9.780300000000000105e-02 8.971339276456000156e-02 6.300621268023412491e-02 6.300621268023412491e-02 2.167665780505088624e-01
1.000000000000000000e+00 1.000000000000000000e+00 1.799536388483545266e-19 9.780299999999998717e-02 2.111927287979219470e-01 1.347617754131087975e-01 1.347617754131088252e-01 4.532550713273760246e-01
