0.000000000000000000e+00 0.000000000000000000e+00 -3.349359985416539668e-19 -2.821190845150880564e-19 1.517977059185208200e-01 8.448247539521791527e-02 8.448247539521790139e-02 2.585875350364721381e-01
4.761904761904761640e-02 0.000000000000000000e+00 -6.183535140330920918e-17 -2.463639138382984038e-19 5.240670049905808009e-02 4.262360044159810984e-02 4.262360044159806821e-02 1.004544895717860570e-01
9.523809523809523281e-02 0.000000000000000000e+00 -2.058699683247345645e-19 -1.392327332119796842e-19 5.007548574150647025e-02 3.223680506770380816e-02 3.223680506770380816e-02 9.434265053554592717e-02
1.428571428571428492e-01 0.000000000000000000e+00 -1.998601186892681872e-19 -1.656361219946493428e-19 4.955681664328395741e-02 2.673975988714304836e-02 2.673975988714301366e-02 9.170973189771269851e-02
1.904761904761904656e-01 0.000000000000000000e+00 -1.370558177107749955e-19 -1.210265143318842242e-19 4.991629122657990220e-02 2.263632687339603433e-02 2.263632687339602739e-02 9.271294051946764314e-02
2.380952380952380820e-01 0.000000000000000000e+00 -1.371633145332852798e-19 -1.634234537960671955e-19 5.058457373364327186e-02 1.876622320365967794e-02 1.876622320365968488e-02 9.391996472676122920e-02
2.857142857142856984e-01 0.000000000000000000e+00 -9.434698136907631769e-20 -1.225440266760334312e-19 5.134421215066208022e-02 1.517056588875502314e-02 1.517056588875502661e-02 9.535627393868077728e-02
3.333333333333333148e-01 0.000000000000000000e+00 -9.097770003656910278e-20 -1.227761881768656769e-19 5.200834664035564048e-02 1.164021439733308773e-02 1.164021439733309293e-02 9.674611312908311389e-02
3.809523809523809312e-01 0.000000000000000000e+00 -5.723204543384219883e-20 -1.254913755673635533e-19 5.260277692620798223e-02 8.252415446970648785e-03 8.252415446970648785e-03 9.770564213262225572e-02
4.285714285714285476e-01 0.000000000000000000e+00 -3.074517292084046557e-20 -1.978349664230685622e-19 5.294621975693410143e-02 4.905813660594417029e-03 4.905813660594416162e-03 9.854040553409378067e-02
4.761904761904761640e-01 0.000000000000000000e+00 -2.262338836410102495e-20 -1.273614708934742530e-19 5.318766371433877177e-02 1.621766270286811775e-03 1.621766270286811775e-03 9.879520612131903468e-02
5.238095238095238360e-01 0.000000000000000000e+00 -1.974515264481340711e-20 -1.273932051724850733e-19 5.314140286773753885e-02 -1.653746922834578277e-03 -1.653746922834578494e-03 9.891008087111372027e-02
5.714285714285713969e-01 0.000000000000000000e+00 1.104804846129861371e-20 -1.276836043842250315e-19 5.298992028356921263e-02 -4.952282511011198325e-03 -4.952282511011198325e-03 9.842700853545884032e-02
6.190476190476190688e-01 0.000000000000000000e+00 1.386572824184583760e-20 -1.275716889048798077e-19 5.256099676292980138e-02 -8.278366891145990877e-03 -8.278366891145990877e-03 9.780821832123716419e-02
6.666666666666666297e-01 0.000000000000000000e+00 6.037523620833480773e-20 -1.252487582262363453e-19 5.204008047605411524e-02 -1.171151633586952137e-02 -1.171151633586952137e-02 9.665620363943090709e-02
7.142857142857143016e-01 0.000000000000000000e+00 9.873153861173507423e-20 -1.660429648924436573e-19 5.132113029964027739e-02 -1.519998250747380680e-02 -1.519998250747380680e-02 9.540589133902288577e-02
7.619047619047618625e-01 0.000000000000000000e+00 8.168491490789625576e-20 -1.238261034923979358e-19 5.058462576354735840e-02 -1.888651108544161031e-02 -1.888651108544161031e-02 9.393886634035070182e-02
8.095238095238095344e-01 0.000000000000000000e+00 1.517250707648164991e-19 -1.627996535931219232e-19 4.992487737810144544e-02 -2.264515524610708624e-02 -2.264515524610708624e-02 9.254049020444639340e-02
8.571428571428570953e-01 0.000000000000000000e+00 1.227372317251335762e-19 -1.216264299977628176e-19 4.957928818847183450e-02 -2.689677116950045521e-02 -2.689677116950045521e-02 9.228232668468840105e-02
9.047619047619047672e-01 0.000000000000000000e+00 2.214011655290726907e-19 -1.694287683963482204e-19 4.934941249524574247e-02 -3.097998881458148210e-02 -3.097998881458148210e-02 9.256928123838616129e-02
9.523809523809523281e-01 0.000000000000000000e+00 1.737017572155381858e-19 -1.315921103282228117e-19 5.211159457382166793e-02 -4.151391523505113673e-02 -4.151391523505113673e-02 1.148104064487915077e-01
1.000000000000000000e+00 0.000000000000000000e+00 1.598675745115069949e-19 -1.057447271815974814e-19 6.907938094652325833e-02 -6.185286149939244610e-02 -6.185286149939243222e-02 2.086959117153337206e-01
0.000000000000000000e+00 4.761904761904761640e-02 7.598675114166734273e-03 6.680371479437960738e-03 -1.257420333774762408e-02 3.637462950616351422e-03 3.637462950616355325e-03 1.207791534173419529e-01
4.761904761904761640e-02 4.761904761904761640e-02 5.329324508396540011e-03 3.753853483246480729e-03 2.049457127757576408e-02 3.260778916957552537e-02 3.260778916957553231e-02 1.088566050456061668e-01
9.523809523809523281e-02 4.761904761904761640e-02 4.145977011310068676e-03 3.129558867999338370e-03 3.276211247519697500e-02 3.108904111655935720e-02 3.108904111655936414e-02 1.000020240127895144e-01
1.428571428571428492e-01 4.761904761904761640e-02 3.415912952934188705e-03 2.976974190787306813e-03 3.690801083635912583e-02 2.587406987373547240e-02 2.587406987373540301e-02 9.729435799597546675e-02
1.904761904761904656e-01 4.761904761904761640e-02 2.838345575593776999e-03 2.951702851963902263e-03 3.939532855083897889e-02 2.163412952236349121e-02 2.163412952236350162e-02 9.669470159151373478e-02
2.380952380952380820e-01 4.761904761904761640e-02 2.335474289579923118e-03 2.972230831351812663e-03 4.111573126717898291e-02 1.774918033921777522e-02 1.774918033921775440e-02 9.769790125753885501e-02
2.857142857142856984e-01 4.761904761904761640e-02 1.871545099583727615e-03 3.004191765767284892e-03 4.242823190594543353e-02 1.421653617862488235e-02 1.421653617862488929e-02 9.892909079397121941e-02
3.333333333333333148e-01 4.761904761904761640e-02 1.433053534497671054e-03 3.035895108872089989e-03 4.365492422518665178e-02 1.086189559578462464e-02 1.086189559578462464e-02 1.000491455100221139e-01
3.809523809523809312e-01 4.761904761904761640e-02 1.011480069721995903e-03 3.062256619733912371e-03 4.435798743412643769e-02 7.664126892680903427e-03 7.664126892680903427e-03 1.010691927144726915e-01
4.285714285714285476e-01 4.761904761904761640e-02 6.015903535618577882e-04 3.080259979435562290e-03 4.508130533421733643e-02 4.552145301461619185e-03 4.552145301461620053e-03 1.016498055920944804e-01
4.761904761904761640e-01 4.761904761904761640e-02 1.983432522783971420e-04 3.089788236485806194e-03 4.520549914953816972e-02 1.501589893941362129e-03 1.501589893941362346e-03 1.020667599832151690e-01
5.238095238095238360e-01 4.761904761904761640e-02 -2.027239167621412751e-04 3.089590407808043108e-03 4.536572812583188063e-02 -1.532841667207227900e-03 -1.532841667207216624e-03 1.019846528411175596e-01
5.714285714285713969e-01 4.761904761904761640e-02 -6.061556369281925196e-04 3.080604746227069528e-03 4.491387076988127836e-02 -4.588887124068999693e-03 -4.588887124068999693e-03 1.017324250463602642e-01
6.190476190476190688e-01 4.761904761904761640e-02 -1.016700634744074948e-03 3.062272778795640821e-03 4.449354168778103802e-02 -7.696661389594815217e-03 -7.696661389594815217e-03 1.009975721706682095e-01
6.666666666666666297e-01 4.761904761904761640e-02 -1.438994324667213767e-03 3.036433176095558115e-03 4.349851000630911707e-02 -1.091262150172064849e-02 -1.091262150172064849e-02 1.001188890881644922e-01
7.142857142857143016e-01 4.761904761904761640e-02 -1.879178038241322880e-03 3.004767832080915222e-03 4.249081618980733721e-02 -1.425742106764899160e-02 -1.425742106764899160e-02 9.890430934519872652e-02
7.619047619047618625e-01 4.761904761904761640e-02 -2.344909190736388545e-03 2.972944145379051613e-03 4.101494006092090694e-02 -1.783328965799543461e-02 -1.783328965799542767e-02 9.769424590067012082e-02
8.095238095238095344e-01 4.761904761904761640e-02 -2.852175792784753840e-03 2.954203579251834730e-03 3.926789461161647038e-02 -2.167367019569089656e-02 -2.167367019569089309e-02 9.688570793622033883e-02
8.571428571428570953e-01 4.761904761904761640e-02 -3.431175200459966185e-03 2.975725122688236551e-03 3.697011840015519690e-02 -2.603881427183100949e-02 -2.603881427183101643e-02 9.693601536431628585e-02
9.047619047619047672e-01 4.761904761904761640e-02 -4.192093555203804840e-03 3.138800367214587481e-03 3.192995229126476681e-02 -3.077346610614674696e-02 -3.077346610614674002e-02 1.021448791204084411e-01
9.523809523809523281e-01 4.761904761904761640e-02 -5.419849312043098846e-03 3.786393260590356462e-03 1.751816574621332945e-02 -3.200453013192145618e-02 -3.200453013192145618e-02 1.118578011033665026e-01
1.000000000000000000e+00 4.761904761904761640e-02 -7.586357960732247399e-03 6.667757598737756274e-03 6.017931397591710224e-04 3.070167575120049189e-03 3.070167575120065235e-03 9.368647181222461429e-02
0.000000000000000000e+00 9.523809523809523281e-02 1.179179996199528763e-02 1.057989004759888295e-02 -2.447430487079801844e-03 -9.999547168716570351e-04 -9.999547168716592035e-04 8.285604566370707857e-02
4.761904761904761640e-02 9.523809523809523281e-02 9.758440329224229645e-03 7.946009651166353882e-03 5.027707144927286501e-03 1.586581927759052324e-02 1.586581927759050936e-02 1.036886511271329497e-01
9.523809523809523281e-02 9.523809523809523281e-02 7.967897496355432277e-03 6.820992321678365916e-03 1.762029093357673701e-02 2.193335229046322957e-02 2.193335229046310120e-02 1.012366310693190025e-01
1.428571428571428492e-01 9.523809523809523281e-02 6.580002642537711999e-03 6.421055805848551248e-03 2.391194826116454369e-02 2.130433147321558751e-02 2.130433147321560139e-02 1.002182633489121510e-01
1.904761904761904656e-01 9.523809523809523281e-02 5.445942380366686555e-03 6.306951945497470992e-03 2.897169513174926644e-02 1.874254255995597487e-02 1.874254255995598528e-02 1.003668999599018202e-01
2.380952380952380820e-01 9.523809523809523281e-02 4.456936942425347714e-03 6.305759199376812126e-03 3.184973293580296155e-02 1.568535756360315073e-02 1.568535756360328257e-02 1.011074566323985763e-01
2.857142857142856984e-01 9.523809523809523281e-02 3.557605937863795881e-03 6.343569742464576222e-03 3.430777633670048510e-02 1.262871562075252967e-02 1.262871562075250711e-02 1.021392723040511347e-01
3.333333333333333148e-01 9.523809523809523281e-02 2.715862722429763891e-03 6.389456459879780913e-03 3.580589134937364748e-02 9.664626096870663347e-03 9.664626096870666816e-03 1.032187114749231610e-01
3.809523809523809312e-01 9.523809523809523281e-02 1.913321810017832702e-03 6.429713753899234802e-03 3.719972674088924819e-02 6.812900660581783924e-03 6.812900660581811679e-03 1.039808531566284583e-01
4.285714285714285476e-01 9.523809523809523281e-02 1.136533752554792689e-03 6.458543274330124338e-03 3.781234001106700826e-02 4.045896127501060272e-03 4.045896127501061139e-03 1.046476566781493478e-01
4.761904761904761640e-01 9.523809523809523281e-02 3.745324069980900269e-04 6.473420939085554673e-03 3.838481072337952132e-02 1.334508696575089585e-03 1.334508696575089802e-03 1.048587299123927979e-01
5.238095238095238360e-01 9.523809523809523281e-02 -3.827615611371141678e-04 6.473599750344219937e-03 3.819889819515815549e-02 -1.359155903955459009e-03 -1.359155903955459009e-03 1.049474995382827375e-01
5.714285714285713969e-01 9.523809523809523281e-02 -1.145199786767016727e-03 6.459010277345633710e-03 3.797942690547744665e-02 -4.072138332139795154e-03 -4.072138332139789950e-03 1.045655175538482279e-01
6.190476190476190688e-01 9.523809523809523281e-02 -1.922907511696793836e-03 6.430649956428651642e-03 3.699350922924058566e-02 -6.838739896986866657e-03 -6.838739896986866657e-03 1.040690193207331887e-01
6.666666666666666297e-01 9.523809523809523281e-02 -2.727046126362087791e-03 6.390933196820242947e-03 3.594653350773047845e-02 -9.695171226828969493e-03 -9.695171226828986841e-03 1.031602590275462195e-01
7.142857142857143016e-01 9.523809523809523281e-02 -3.571045365033244639e-03 6.345966104542177626e-03 3.406031169731198183e-02 -1.265671035711489652e-02 -1.265671035711489652e-02 1.022035563837280919e-01
7.619047619047618625e-01 9.523809523809523281e-02 -4.474481897533529040e-03 6.309458242472216344e-03 3.196373036974986537e-02 -1.572247669900348963e-02 -1.572247669900346881e-02 1.011399076016592513e-01
8.095238095238095344e-01 9.523809523809523281e-02 -5.468137412183582055e-03 6.313305096191578966e-03 2.852596876000312170e-02 -1.874548547798085898e-02 -1.874548547798084858e-02 1.003250617110390264e-01
8.571428571428570953e-01 9.523809523809523281e-02 -6.614216865127739431e-03 6.430756842363856765e-03 2.422799046822199376e-02 -2.131748496780891400e-02 -2.131748496780891400e-02 1.004327069643220632e-01
9.047619047619047672e-01 9.523809523809523281e-02 -8.020759420916729124e-03 6.845905200234207906e-03 1.557320617707573344e-02 -2.159650502100287847e-02 -2.159650502100286459e-02 1.012536153627500296e-01
9.523809523809523281e-01 9.523809523809523281e-02 -9.811990040895687479e-03 7.987260338420367617e-03 7.394800895578083032e-03 -1.564861493746944054e-02 -1.564861493746943708e-02 9.942676789155295569e-02
1.000000000000000000e+00 9.523809523809523281e-02 -1.189362350625438290e-02 1.064013170203993892e-02 -4.614261745325112969e-03 2.725663632138928573e-03 2.725663632139058244e-03 8.283835658721079576e-02
0.000000000000000000e+00 1.428571428571428492e-01 1.471025513074349089e-02 1.385568513188896803e-02 -1.190840151639256141e-03 -4.481914399149871612e-04 -4.481914399149800597e-04 7.579330528576683212e-02
4.761904761904761640e-02 1.428571428571428492e-01 1.284576651918950194e-02 1.186270984881861688e-02 2.265244265195958100e-03 7.531404691468708036e-03 7.531404691468686352e-03 9.077076365806574509e-02
9.523809523809523281e-02 1.428571428571428492e-01 1.092752912010564945e-02 1.071664422424340075e-02 8.155469412703996238e-03 1.352007825955414688e-02 1.352007825955415382e-02 9.890926344580069918e-02
1.428571428571428492e-01 1.428571428571428492e-01 9.185132456243683824e-03 1.019230445372239571e-02 1.542012455246401063e-02 1.529327079384016144e-02 1.529327079384016144e-02 1.008598749891006646e-01
1.904761904761904656e-01 1.428571428571428492e-01 7.644398330852546913e-03 9.997034572852980458e-03 2.004821918135364991e-02 1.449639790050764876e-02 1.449639790050765223e-02 1.025343386777782806e-01
2.380952380952380820e-01 1.428571428571428492e-01 6.261408935777711821e-03 9.956785779261873026e-03 2.434395641101004537e-02 1.263893897103750621e-02 1.263893897103751836e-02 1.036806794677707366e-01
2.857142857142856984e-01 1.428571428571428492e-01 4.992860897799676623e-03 9.980671630360173768e-03 2.699631680584053256e-02 1.036472954524373519e-02 1.036472954524374039e-02 1.048903907351121934e-01
3.333333333333333148e-01 1.428571428571428492e-01 3.806938094428749704e-03 1.002416141597164446e-02 2.943180986263656609e-02 8.009262002462278277e-03 8.009262002462280011e-03 1.057847153944696944e-01
3.809523809523809312e-01 1.428571428571428492e-01 2.679044591459989275e-03 1.006647502582146830e-02 3.077294390000834962e-02 5.667816379290085450e-03 5.667816379290085450e-03 1.066354032567417565e-01
4.285714285714285476e-01 1.428571428571428492e-01 1.590263552614064714e-03 1.009795618982961204e-02 3.199982400067705179e-02 3.373793226881820120e-03 3.373793226881820120e-03 1.070735675945014287e-01
4.761904761904761640e-01 1.428571428571428492e-01 5.239333597991434679e-04 1.011463824478427143e-02 3.228826541834160790e-02 1.115155273363687858e-03 1.115155273363687425e-03 1.074265183684342262e-01
5.238095238095238360e-01 1.428571428571428492e-01 -5.351783461357535005e-04 1.011492847019631117e-02 3.248926924729321486e-02 -1.129781975613384191e-03 -1.129781975613384191e-03 1.073406445026166972e-01
5.714285714285713969e-01 1.428571428571428492e-01 -1.602009987554813041e-03 1.009899751558308856e-02 3.177263589993732651e-02 -3.387438645081947055e-03 -3.387438645081947055e-03 1.071642899297877150e-01
6.190476190476190688e-01 1.428571428571428492e-01 -2.691958329495280824e-03 1.006829065448376984e-02 3.096006619649901287e-02 -5.681663732007239537e-03 -5.681663732007239537e-03 1.065566504612743132e-01
6.666666666666666297e-01 1.428571428571428492e-01 -3.821526019223340370e-03 1.002716128943841219e-02 2.915183020252604812e-02 -8.017416235997797125e-03 -8.017416235997797125e-03 1.058783611286030768e-01
7.142857142857143016e-01 1.428571428571428492e-01 -5.010330837865934958e-03 9.985207981175941994e-03 2.718978305389710415e-02 -1.037374773184522245e-02 -1.037374773184522418e-02 1.048261777068181522e-01
7.619047619047618625e-01 1.428571428571428492e-01 -6.282321369891449500e-03 9.963832922266954370e-03 2.392412181727403275e-02 -1.261991916173895931e-02 -1.261991916173895410e-02 1.037783242928247279e-01
8.095238095238095344e-01 1.428571428571428492e-01 -7.670995388690423494e-03 1.000787103258223357e-02 2.035186058145131704e-02 -1.447913528747493510e-02 -1.447913528747494030e-02 1.024343325072857580e-01
8.571428571428570953e-01 1.428571428571428492e-01 -9.219115853997815122e-03 1.020935996754917564e-02 1.457130968204552353e-02 -1.515662961193770496e-02 -1.515662961193768588e-02 1.011028230147766466e-01
9.047619047619047672e-01 1.428571428571428492e-01 -1.096344800506762404e-02 1.074575965736263884e-02 8.916151111423879436e-03 -1.335530351653121256e-02 -1.335530351653121603e-02 9.776693177765224951e-02
9.523809523809523281e-01 1.428571428571428492e-01 -1.287813794465285551e-02 1.189350328147384915e-02 1.657232949064223930e-03 -7.516558053511355510e-03 -7.516558053511355510e-03 9.197602762830672796e-02
1.000000000000000000e+00 1.428571428571428492e-01 -1.472849152497757858e-02 1.387939782855932870e-02 -4.414694453996769906e-04 5.732161292775109869e-04 5.732161292806655815e-04 7.394580454152599458e-02
0.000000000000000000e+00 1.904761904761904656e-01 1.665766542692865421e-02 1.686737617198830197e-02 -1.150987662594598021e-04 -2.198325196887107309e-04 -2.198325196887023283e-04 7.005828952166077983e-02
4.761904761904761640e-02 1.904761904761904656e-01 1.491577233942729432e-02 1.550134797304100927e-02 8.529659168727938504e-04 3.922309132446027795e-03 3.922309132446027795e-03 8.591234588590060395e-02
9.523809523809523281e-02 1.904761904761904656e-01 1.300031883916481258e-02 1.460321242590308446e-02 4.987058160258020338e-03 7.800380737230106810e-03 7.800380737230110280e-03 9.460025877348403334e-02
1.428571428571428492e-01 1.904761904761904656e-01 1.110509226074204818e-02 1.412121099382107267e-02 9.377508779348927084e-03 9.786841815347342710e-03 9.786841815347347914e-03 1.005238851471773748e-01
1.904761904761904656e-01 1.904761904761904656e-01 9.319039377289568826e-03 1.391165810386790769e-02 1.457230358646095271e-02 9.976815870823704802e-03 9.976815870823706536e-03 1.032580270625982344e-01
2.380952380952380820e-01 1.904761904761904656e-01 7.660902458154936548e-03 1.384908403434521006e-02 1.822740284137240943e-02 9.061995711164222769e-03 9.061995711164224504e-03 1.054610390766874545e-01
2.857142857142856984e-01 1.904761904761904656e-01 6.116782376205169743e-03 1.385605942729201817e-02 2.181835613771336904e-02 7.635090118502451534e-03 7.635090118502451534e-03 1.067419242803453738e-01
3.333333333333333148e-01 1.904761904761904656e-01 4.664736602520121525e-03 1.388877324351195722e-02 2.403860351767290321e-02 5.982833073731746304e-03 5.982833073731746304e-03 1.079063429345876873e-01
3.809523809523809312e-01 1.904761904761904656e-01 3.282297450179213778e-03 1.392466566654547780e-02 2.611567042711468098e-02 4.272119995847330383e-03 4.272119995847331250e-03 1.085690076839016110e-01
4.285714285714285476e-01 1.904761904761904656e-01 1.947961097787252044e-03 1.395276826566618951e-02 2.705608961617173014e-02 2.554409782523282824e-03 2.554409782523282390e-03 1.091607249418218573e-01
4.761904761904761640e-01 1.904761904761904656e-01 6.418882008376552810e-04 1.396797102052920250e-02 2.786828561755811187e-02 8.487049527381109902e-04 8.487049527381109902e-04 1.093191000168077104e-01
5.238095238095238360e-01 1.904761904761904656e-01 -6.550594530006914737e-04 1.396848900291445747e-02 2.763309946094952632e-02 -8.515000922411336114e-04 -8.515000922411336114e-04 1.094087473112628495e-01
5.714285714285713969e-01 1.904761904761904656e-01 -1.961678716011351891e-03 1.395428250334192731e-02 2.727391004785106529e-02 -2.556586268633403297e-03 -2.556586268633403731e-03 1.090725802995139160e-01
6.190476190476190688e-01 1.904761904761904656e-01 -3.297016722872443597e-03 1.392745412459660617e-02 2.583719470382279948e-02 -4.269399549963322389e-03 -4.269399549963322389e-03 1.086675229669876036e-01
6.666666666666666297e-01 1.904761904761904656e-01 -4.681197929105271674e-03 1.389309010034757777e-02 2.426405281877375142e-02 -5.978285654153691134e-03 -5.978285654153691134e-03 1.078078763012473712e-01
7.142857142857143016e-01 1.904761904761904656e-01 -6.135426238335840894e-03 1.386248497728243684e-02 2.145216284514025670e-02 -7.613118121779156519e-03 -7.613118121779156519e-03 1.068667067796009174e-01
7.619047619047618625e-01 1.904761904761904656e-01 -7.682523224872591164e-03 1.385848120181284830e-02 1.850774661630963033e-02 -9.037322048411964084e-03 -9.037322048411967554e-03 1.052965453321367678e-01
8.095238095238095344e-01 1.904761904761904656e-01 -9.344196393141409110e-03 1.392470589322976696e-02 1.405296592556336266e-02 -9.905728609175268318e-03 -9.905728609175266583e-03 1.034897755584316681e-01
8.571428571428570953e-01 1.904761904761904656e-01 -1.113211340228507061e-02 1.414022467223981228e-02 9.794423638882540639e-03 -9.706641808589393586e-03 -9.706641808589395320e-03 1.000096048862911396e-01
9.047619047619047672e-01 1.904761904761904656e-01 -1.302859308670187462e-02 1.462517880871120994e-02 4.465421678454964752e-03 -7.735840251970115683e-03 -7.735840251970113081e-03 9.523923129109226893e-02
9.523809523809523281e-01 1.904761904761904656e-01 -1.494331325122539786e-02 1.552266359498476189e-02 1.030550355351806009e-03 -3.817406832586260537e-03 -3.817406832586283088e-03 8.489456701840415731e-02
1.000000000000000000e+00 1.904761904761904656e-01 -1.668876447372586933e-02 1.688291179318721774e-02 -4.444970160797803260e-04 2.346402202154121929e-04 2.346402202153761161e-04 7.067755257930569135e-02
0.000000000000000000e+00 2.380952380952380820e-01 1.787935158930595986e-02 1.974795857096410881e-02 -2.741688395195639822e-04 -1.005523389977257601e-04 -1.005523389977231309e-04 6.835270745710424201e-02
4.761904761904761640e-02 2.380952380952380820e-01 1.619175633300920861e-02 1.896875240508383645e-02 6.288120948314124400e-04 1.904792097841999680e-03 1.904792097842004234e-03 8.192282346891519018e-02
9.523809523809523281e-02 2.380952380952380820e-01 1.429565045929406461e-02 1.842446371669648197e-02 2.886876766242435846e-03 4.002330659501810058e-03 4.002330659501877712e-03 9.290120260303917632e-02
1.428571428571428492e-01 2.380952380952380820e-01 1.233967452547703354e-02 1.810567054277237298e-02 6.954379696658081166e-03 5.310375766039520870e-03 5.310375766039520003e-03 9.911672066360693867e-02
1.904761904761904656e-01 2.380952380952380820e-01 1.042793522635304150e-02 1.795186602645537297e-02 1.069163069642800959e-02 5.702886065953365925e-03 5.702886065953367660e-03 1.037322231705019027e-01
2.380952380952380820e-01 2.380952380952380820e-01 8.607068330774866535e-03 1.789927796521414982e-02 1.493159258174836350e-02 5.406752236308189075e-03 5.406752236308188207e-03 1.061388330702166677e-01
2.857142857142856984e-01 2.380952380952380820e-01 6.887261126323350642e-03 1.789909184712426896e-02 1.789561883559123712e-02 4.684586391401602233e-03 4.684586391401602233e-03 1.080798544049436372e-01
3.333333333333333148e-01 2.380952380952380820e-01 5.258162789025105054e-03 1.792101304619509589e-02 2.082801911434793013e-02 3.749639035102307703e-03 3.749639035102307703e-03 1.091384019212185419e-01
3.809523809523809312e-01 2.380952380952380820e-01 3.701786867533500211e-03 1.794734572943766995e-02 2.249164822569352587e-02 2.711240974879776909e-03 2.711240974879776475e-03 1.100586769853548613e-01
4.285714285714285476e-01 2.380952380952380820e-01 2.197596540399200660e-03 1.796875565024726173e-02 2.402399616348828079e-02 1.636134510216523787e-03 1.636134510216523787e-03 1.104676792810072306e-01
4.761904761904761640e-01 2.380952380952380820e-01 7.244715997715517287e-04 1.798068419783127939e-02 2.440378225130785186e-02 5.484864282731459440e-04 5.484864282731459440e-04 1.108060687758305463e-01
5.238095238095238360e-01 2.380952380952380820e-01 -7.384532050036498240e-04 1.798131133153816827e-02 2.464321232988421484e-02 -5.404899174131264864e-04 -5.404899174131264864e-04 1.107156103694938165e-01
5.714285714285713969e-01 2.380952380952380820e-01 -2.211988797102356144e-03 1.797072387648506603e-02 2.375670272218376525e-02 -1.625818690351727618e-03 -1.625818690351728702e-03 1.105618702229612255e-01
6.190476190476190688e-01 2.380952380952380820e-01 -3.717085519769383097e-03 1.795081321839890609e-02 2.273152294254746769e-02 -2.698487068778886080e-03 -2.698487068778886947e-03 1.099546789442807371e-01
6.666666666666666297e-01 2.380952380952380820e-01 -5.274694802385700328e-03 1.792628136533312364e-02 2.050209981458143635e-02 -3.727898776388178029e-03 -3.727898776388178029e-03 1.092556913589573242e-01
7.142857142857143016e-01 2.380952380952380820e-01 -6.905412038170793444e-03 1.790665916743987979e-02 1.816922287265210212e-02 -4.657911106353373847e-03 -4.657911106353374714e-03 1.079179245746070687e-01
7.619047619047618625e-01 2.380952380952380820e-01 -8.627149047517032598e-03 1.790949852833590913e-02 1.452229546638204513e-02 -5.360467341474542055e-03 -5.360467341474539453e-03 1.063326851688209673e-01
8.095238095238095344e-01 2.380952380952380820e-01 -1.044920484776524182e-02 1.796562257560021039e-02 1.102443009428064578e-02 -5.650452803387576335e-03 -5.650452803387575468e-03 1.033756722254106641e-01
8.571428571428570953e-01 2.380952380952380820e-01 -1.236229500852162322e-02 1.812220095094371416e-02 6.535201322182853344e-03 -5.249030712306525411e-03 -5.249030712306525411e-03 9.951544665028935754e-02
9.047619047619047672e-01 2.380952380952380820e-01 -1.431736759309894247e-02 1.844311926861452733e-02 3.156607403640558553e-03 -3.938411876557384138e-03 -3.938411876557384138e-03 9.217601648239601153e-02
9.523809523809523281e-01 2.380952380952380820e-01 -1.621126756869644900e-02 1.898698335659376041e-02 4.949033887879450769e-04 -1.893820852163653713e-03 -1.893820852163653713e-03 8.238224887888066783e-02
1.000000000000000000e+00 2.380952380952380820e-01 -1.789296769520463959e-02 1.976198000692974341e-02 -4.161913876081994163e-05 9.494508192095792534e-05 9.494508192095425260e-05 6.780244899908183243e-02
0.000000000000000000e+00 2.857142857142856984e-01 1.843498435239213085e-02 2.256455999477494784e-02 -3.170273648216543710e-05 -2.230161290955682949e-06 -2.230161290951480819e-06 6.687661277590026265e-02
4.761904761904761640e-02 2.857142857142856984e-01 1.677656532013556412e-02 2.235140393267727107e-02 3.634086102112402215e-04 5.775605869593870931e-04 5.775605869593835153e-04 8.108627789666468522e-02
9.523809523809523281e-02 2.857142857142856984e-01 1.489438324811298217e-02 2.219791686075496193e-02 2.595387583983822886e-03 1.086753440614781838e-03 1.086753440614771863e-03 9.118173368531803935e-02
1.428571428571428492e-01 2.857142857142856984e-01 1.292447804127142344e-02 2.209903837336531923e-02 5.559907548636653686e-03 1.516767323595289048e-03 1.516767323595288831e-03 9.896994877118001077e-02
1.904761904761904656e-01 2.857142857142856984e-01 1.096892735813075753e-02 2.204748322037459324e-02 9.675153125444193800e-03 1.786639119025328678e-03 1.786639119025330846e-03 1.033060034830412671e-01
2.380952380952380820e-01 2.857142857142856984e-01 9.083213614101304234e-03 2.203155077944273996e-02 1.296961823289493471e-02 1.854378962640076652e-03 1.854378962640076652e-03 1.066327981948644449e-01
2.857142857142856984e-01 2.857142857142856984e-01 7.284568391437227196e-03 2.203762434684537058e-02 1.650499026209258091e-02 1.727271328041772407e-03 1.727271328041772407e-03 1.084372708793308049e-01
3.333333333333333148e-01 2.857142857142856984e-01 5.569937286871356162e-03 2.205380166110511644e-02 1.879190701142826464e-02 1.457095359647094489e-03 1.457095359647094706e-03 1.099129216442544105e-01
3.809523809523809312e-01 2.857142857142856984e-01 3.925167651510303411e-03 2.207177741336543986e-02 2.101570028831828071e-02 1.093398480386145993e-03 1.093398480386146426e-03 1.106759340072535347e-01
4.285714285714285476e-01 2.857142857142856984e-01 2.331677915156574969e-03 2.208626123852868578e-02 2.203367201234101083e-02 6.765205740999686353e-04 6.765205740999721048e-04 1.113125891418677987e-01
4.761904761904761640e-01 2.857142857142856984e-01 7.692475675563446164e-04 2.209446282965196393e-02 2.292405988969252809e-02 2.337432479538722118e-04 2.337432479538706939e-04 1.114795441635427070e-01
5.238095238095238360e-01 2.857142857142856984e-01 -7.829211913991992317e-04 2.209518549607337318e-02 2.266856759451340089e-02 -2.160951988433123367e-04 -2.160951988433125806e-04 1.115661660277563055e-01
5.714285714285713969e-01 2.857142857142856984e-01 -2.345685875732111091e-03 2.208848869088030423e-02 2.227914822859026339e-02 -6.571650250756184758e-04 -6.571650250756234631e-04 1.112173389277157365e-01
6.190476190476190688e-01 2.857142857142856984e-01 -3.939759656002355011e-03 2.207562392122328424e-02 2.072246284066972533e-02 -1.070638046131586673e-03 -1.070638046131588842e-03 1.107743885593488464e-01
6.666666666666666297e-01 2.857142857142856984e-01 -5.585381813529107300e-03 2.205953732145869012e-02 1.905815658035568336e-02 -1.428870064710349328e-03 -1.428870064710349545e-03 1.097769328683746021e-01
7.142857142857143016e-01 2.857142857142856984e-01 -7.301008903194045919e-03 2.204543731177413882e-02 1.615150424939943569e-02 -1.692563998691819791e-03 -1.692563998691818273e-03 1.085827744607685552e-01
7.619047619047618625e-01 2.857142857142856984e-01 -9.100337883546966503e-03 2.204181354075109706e-02 1.328530121522967893e-02 -1.810367441086400270e-03 -1.810367441086399836e-03 1.063759870281558301e-01
8.095238095238095344e-01 2.857142857142856984e-01 -1.098691791915517094e-02 2.206010958905083377e-02 9.281121866616759072e-03 -1.740810649959315072e-03 -1.740810649959314638e-03 1.035856979540996092e-01
8.571428571428570953e-01 2.857142857142856984e-01 -1.294166909539860161e-02 2.211349849516896365e-02 5.887350922261802913e-03 -1.467055808883947548e-03 -1.467055808883949500e-03 9.844567730494675761e-02
9.047619047619047672e-01 2.857142857142856984e-01 -1.491052945131999576e-02 2.221317762643976179e-02 2.338005444857775388e-03 -1.049288572232231652e-03 -1.049288572232231218e-03 9.166753891394460729e-02
9.523809523809523281e-01 2.857142857142856984e-01 -1.679108870562882189e-02 2.236528844808773064e-02 4.783400139982898905e-04 -5.591086608758320331e-04 -5.591086608758305153e-04 8.052153116529532639e-02
1.000000000000000000e+00 2.857142857142856984e-01 -1.845063782280012901e-02 2.257482778054797218e-02 -2.212421954247900050e-04 2.002251281256461738e-06 2.002251281256199158e-06 6.716887416690477119e-02
0.000000000000000000e+00 3.333333333333333148e-01 1.836774690128090831e-02 2.535670625201853073e-02 -2.891242910943834935e-04 1.075931337698599332e-04 1.075931337698600416e-04 6.712344756144360269e-02
4.761904761904761640e-02 3.333333333333333148e-01 1.670515282681074229e-02 2.571194191401823120e-02 5.244022728599636663e-04 -6.943759857490390411e-04 -6.943759857490389327e-04 8.081948716106517050e-02
9.523809523809523281e-02 3.333333333333333148e-01 1.482787869696831212e-02 2.595351381400390345e-02 2.688957877087463488e-03 -1.737303480004503096e-03 -1.737303480004503964e-03 9.186792315993451419e-02
1.428571428571428492e-01 3.333333333333333148e-01 1.288015080504500108e-02 2.608179313171332669e-02 6.514522393525868163e-03 -2.101921676098957286e-03 -2.101921676098957720e-03 9.835551121427264787e-02
1.904761904761904656e-01 3.333333333333333148e-01 1.095403534706469728e-02 2.614547124273791309e-02 9.813074135082701724e-03 -1.910652619030285028e-03 -1.910652619030284161e-03 1.033365516160990316e-01
2.380952380952380820e-01 3.333333333333333148e-01 9.091873400792491525e-03 2.617944415347992632e-02 1.366296291883583799e-02 -1.523607654961959190e-03 -1.523607654961959190e-03 1.061984241097258946e-01
2.857142857142856984e-01 3.333333333333333148e-01 7.307452204898531173e-03 2.620216011323947894e-02 1.632847551845902773e-02 -1.104996153293184803e-03 -1.104996153293184803e-03 1.084608026537975944e-01
3.333333333333333148e-01 3.333333333333333148e-01 5.597323560458738849e-03 2.621961457525572720e-02 1.908269752015514381e-02 -7.605452738426556406e-04 -7.605452738426572669e-04 1.097668917070975525e-01
3.809523809523809312e-01 3.333333333333333148e-01 3.949663181903042067e-03 2.623346643664477632e-02 2.062165628449555421e-02 -4.816063475042833071e-04 -4.816063475042833071e-04 1.108047210182123710e-01
4.285714285714285476e-01 3.333333333333333148e-01 2.348436290909003236e-03 2.624316088383735202e-02 2.211429800022201089e-02 -2.632571367136892827e-04 -2.632571367136892827e-04 1.113098375553523978e-01
4.761904761904761640e-01 3.333333333333333148e-01 7.755234177609707496e-04 2.624862956265391553e-02 2.245237501444951114e-02 -7.548530535597024541e-05 -7.548530535596863265e-05 1.116517699439839861e-01
5.238095238095238360e-01 3.333333333333333148e-01 -7.879322287377039935e-04 2.624929875007120383e-02 2.271241346525947405e-02 1.011239459887047835e-04 1.011239459887043363e-04 1.115866632401896485e-01
5.714285714285713969e-01 3.333333333333333148e-01 -2.361031160706373536e-03 2.624556086039209202e-02 2.183475679106991821e-02 2.885458571108194081e-04 2.885458571107675290e-04 1.113738960586318216e-01
6.190476190476190688e-01 3.333333333333333148e-01 -3.962659754405663259e-03 2.623732695442825003e-02 2.088879446713666141e-02 5.128018779884072498e-04 5.128018779884071414e-04 1.107142330049827039e-01
6.666666666666666297e-01 3.333333333333333148e-01 -5.610754679182121049e-03 2.622539074148122831e-02 1.876106432489510478e-02 7.896100249915573776e-04 7.896100249915570524e-04 1.098536486861673989e-01
7.142857142857143016e-01 3.333333333333333148e-01 -7.321322914527335704e-03 2.620964852655047889e-02 1.663494608643455858e-02 1.146957584936380463e-03 1.146957584936385234e-03 1.083005934855244545e-01
7.619047619047618625e-01 3.333333333333333148e-01 -9.106033293690791661e-03 2.618899425138254689e-02 1.328448610882236244e-02 1.555324569481848036e-03 1.555324569481848470e-03 1.063559818298275422e-01
8.095238095238095344e-01 3.333333333333333148e-01 -1.096777480826815337e-02 2.615645152764097328e-02 1.018981918889970070e-02 1.963020511771442714e-03 1.963020511771443582e-03 1.030106145357528868e-01
8.571428571428570953e-01 3.333333333333333148e-01 -1.289375298134184597e-02 2.609441828193776944e-02 6.100348875416117429e-03 2.126838743784454418e-03 2.126838743784454418e-03 9.871391398508970461e-02
9.047619047619047672e-01 3.333333333333333148e-01 -1.483963801154761751e-02 2.596488293137280690e-02 3.052330371196216793e-03 1.759752726784493760e-03 1.759752726784493976e-03 9.119322969584207905e-02
9.523809523809523281e-01 3.333333333333333148e-01 -1.671380674667086869e-02 2.572233449949148237e-02 3.982135897682541077e-04 7.560123075547587040e-04 7.560123075547592461e-04 8.130143308717986683e-02
1.000000000000000000e+00 3.333333333333333148e-01 -1.837185572054089028e-02 2.536253651021053157e-02 -7.526690606208749374e-05 -1.288634776761569598e-04 -1.288634776761556316e-04 6.659577489171918108e-02
0.000000000000000000e+00 3.809523809523809312e-01 1.763263156138656501e-02 2.815380398729230155e-02 -3.629300451426444203e-04 3.970052770912359946e-04 3.970052770912367536e-04 6.721838468967211710e-02
4.761904761904761640e-02 3.809523809523809312e-01 1.593985878983145490e-02 2.911307380676880427e-02 6.211641761333790450e-04 -2.748043491925073085e-03 -2.748043491925071351e-03 8.358810636506419645e-02
9.523809523809523281e-02 3.809523809523809312e-01 1.407767417031459238e-02 2.971155281234764273e-02 5.046417653904409877e-03 -5.270853982137750290e-03 -5.270853982137753760e-03 9.224458778642638523e-02
1.428571428571428492e-01 3.809523809523809312e-01 1.221269690019256664e-02 3.003035615816841697e-02 8.408534498232207721e-03 -5.877226229071132006e-03 -5.877226229071132006e-03 9.853380026003931424e-02
1.904761904761904656e-01 3.809523809523809312e-01 1.039839004297308730e-02 3.019460703177768296e-02 1.272614905028744692e-02 -5.500078320772680378e-03 -5.500078320772680378e-03 1.024881725505435021e-01
2.380952380952380820e-01 3.809523809523809312e-01 8.650940914005592758e-03 3.027946183258578561e-02 1.544314205669285525e-02 -4.620625797191426319e-03 -4.620625797191425452e-03 1.054393261581914321e-01
2.857142857142856984e-01 3.809523809523809312e-01 6.970319118725322102e-03 3.032666496089198374e-02 1.860231205508634106e-02 -3.702753816089811214e-03 -3.702753816089811214e-03 1.075496405879737133e-01
3.333333333333333148e-01 3.809523809523809312e-01 5.350844583789647266e-03 3.035294213499993565e-02 2.033115913881899592e-02 -2.767189337669204857e-03 -2.767189337669206158e-03 1.089865367905885618e-01
3.809523809523809312e-01 3.809523809523809312e-01 3.782198732992394716e-03 3.036942426705339579e-02 2.237036730541949042e-02 -1.927168548584030786e-03 -1.927168548584049000e-03 1.100640384595916177e-01
4.285714285714285476e-01 3.809523809523809312e-01 2.251669360407249597e-03 3.037804008661988686e-02 2.304898092301322157e-02 -1.119480382052846345e-03 -1.119480382052845911e-03 1.106047321185709836e-01
4.761904761904761640e-01 3.809523809523809312e-01 7.444998703139076674e-04 3.038315284395676913e-02 2.398325655596614606e-02 -3.611374416725046492e-04 -3.611374416725039987e-04 1.109957683999734379e-01
5.238095238095238360e-01 3.809523809523809312e-01 -7.547997369045535533e-04 3.038332493770194015e-02 2.358798533041998532e-02 3.898299529680717074e-04 3.898299529680717616e-04 1.108981205167596795e-01
5.714285714285713969e-01 3.809523809523809312e-01 -2.262052211318587702e-03 3.038087858481080400e-02 2.343928936375343566e-02 1.158047900769889173e-03 1.158047900769882451e-03 1.106882951404135479e-01
6.190476190476190688e-01 3.809523809523809312e-01 -3.792839196491287757e-03 3.037264771049424938e-02 2.195127785722365138e-02 1.948611120714592452e-03 1.948611120714591584e-03 1.099739247732754721e-01
6.666666666666666297e-01 3.809523809523809312e-01 -5.361599129360124921e-03 3.035888175677450146e-02 2.074019969820970616e-02 2.818665914076493029e-03 2.818665914076493029e-03 1.090284701090737940e-01
7.142857142857143016e-01 3.809523809523809312e-01 -6.981308565029820112e-03 3.033301903221800877e-02 1.814260521096106374e-02 3.716038189995767016e-03 3.716038189995767016e-03 1.074907590087802178e-01
7.619047619047618625e-01 3.809523809523809312e-01 -8.661694198020222779e-03 3.028835634551371725e-02 1.590942763576487506e-02 4.686604586015251546e-03 4.686604586015252413e-03 1.053988348901948591e-01
8.095238095238095344e-01 3.809523809523809312e-01 -1.040881136376162891e-02 3.020354845760833337e-02 1.218796924653085811e-02 5.494236437029492021e-03 5.494236437029492021e-03 1.025120822728173425e-01
8.571428571428570953e-01 3.809523809523809312e-01 -1.222155745715620620e-02 3.004082464563265567e-02 9.052682711080530659e-03 5.954031041410139460e-03 5.954031041410139460e-03 9.830402926584468071e-02
9.047619047619047672e-01 3.809523809523809312e-01 -1.408714930910256492e-02 2.972116991840389327e-02 4.307101402938821877e-03 5.239533939033368636e-03 5.239533939033369503e-03 9.274459739369700362e-02
9.523809523809523281e-01 3.809523809523809312e-01 -1.594648759438504343e-02 2.912060870952969463e-02 1.258040837225327243e-03 2.764615863067752897e-03 2.764615863067751596e-03 8.261284306380203835e-02
1.000000000000000000e+00 3.809523809523809312e-01 -1.764291251061284732e-02 2.816121547279343620e-02 -8.242526681746331716e-04 -4.670256056814317482e-04 -4.670256056814208519e-04 6.778368043603774651e-02
0.000000000000000000e+00 4.285714285714285476e-01 1.614042205824545162e-02 3.099925758832144593e-02 -3.803062017574634739e-03 1.261117368176809320e-03 1.261117368176803682e-03 6.994734219471901437e-02
4.761904761904761640e-02 4.285714285714285476e-01 1.435665157740762671e-02 3.262726995364473304e-02 4.452207864109690612e-03 -7.340412334105504699e-03 -7.340412334105537659e-03 8.634608240463147177e-02
9.523809523809523281e-02 4.285714285714285476e-01 1.259507554750375659e-02 3.345406296166102827e-02 8.276272318094439126e-03 -9.795082570493459859e-03 -9.795082570493452920e-03 9.248697288664076144e-02
1.428571428571428492e-01 4.285714285714285476e-01 1.093021723892745323e-02 3.389635359766463713e-02 1.372014190624266244e-02 -9.813320352010254655e-03 -9.813320352010254655e-03 9.778758095960600472e-02
1.904761904761904656e-01 4.285714285714285476e-01 9.334186947640677259e-03 3.413145084880984254e-02 1.630423677571875285e-02 -8.572053740604882593e-03 -8.572053740604882593e-03 1.001070433020842115e-01
2.380952380952380820e-01 4.285714285714285476e-01 7.795759313793062910e-03 3.427321784838240765e-02 1.966334936078178997e-02 -7.309414946720218902e-03 -7.309414946720218902e-03 1.039082669586354202e-01
2.857142857142856984e-01 4.285714285714285476e-01 6.302888074540163518e-03 3.434710051453284535e-02 2.122378989904345412e-02 -5.785621608930256385e-03 -5.785621608930258120e-03 1.048442984975429815e-01
3.333333333333333148e-01 4.285714285714285476e-01 4.853388648974799394e-03 3.439843386152249827e-02 2.360885235232396476e-02 -4.474438893548054845e-03 -4.474438893548054845e-03 1.075404744368448767e-01
3.809523809523809312e-01 4.285714285714285476e-01 3.438141625364753064e-03 3.441928330519425372e-02 2.432541263206703525e-02 -3.090310002055653149e-03 -3.090310002055653149e-03 1.074046576109822376e-01
4.285714285714285476e-01 4.285714285714285476e-01 2.050443126182081594e-03 3.443889924651262480e-02 2.581635296114152128e-02 -1.852332866767756464e-03 -1.852332866767757115e-03 1.092870335472066468e-01
4.761904761904761640e-01 4.285714285714285476e-01 6.790318845134525778e-04 3.443994341644474738e-02 2.566353121257642506e-02 -5.928280192375204273e-04 -5.928280192375196683e-04 1.083794865967102894e-01
5.238095238095238360e-01 4.285714285714285476e-01 -6.865724045682291632e-04 3.444608022984406437e-02 2.625701604855094212e-02 6.370227928952850198e-04 6.370227928952853450e-04 1.096082449200277420e-01
5.714285714285713969e-01 4.285714285714285476e-01 -2.057745873439441146e-03 3.443559490783456439e-02 2.521166546100701497e-02 1.859623705162465014e-03 1.859623705162460677e-03 1.080563237260627196e-01
6.190476190476190688e-01 4.285714285714285476e-01 -3.446122448185841118e-03 3.442820869756264140e-02 2.492245033873215221e-02 3.172855546098488078e-03 3.172855546098484608e-03 1.086005855392933456e-01
6.666666666666666297e-01 4.285714285714285476e-01 -4.860548312501594172e-03 3.439792989753822500e-02 2.298186681433280962e-02 4.443768324169773340e-03 4.443768324169773340e-03 1.063366479497168809e-01
7.142857142857143016e-01 4.285714285714285476e-01 -6.311272606285322009e-03 3.435855368680344746e-02 2.184168035494294183e-02 5.907194788368787947e-03 5.907194788368777538e-03 1.059741853223022390e-01
7.619047619047618625e-01 4.285714285714285476e-01 -7.802375067772649754e-03 3.427518054414022131e-02 1.900187783066917269e-02 7.234365254892907542e-03 7.234365254892910144e-03 1.027568410824266365e-01
8.095238095238095344e-01 4.285714285714285476e-01 -9.342585103426667009e-03 3.414443268877858512e-02 1.699177809979693365e-02 8.729916822265471749e-03 8.729916822265473483e-03 1.011548528240227562e-01
8.571428571428570953e-01 4.285714285714285476e-01 -1.093489051605124607e-02 3.389915086055048099e-02 1.292623855484486932e-02 9.678083515956390978e-03 9.678083515956389243e-03 9.671825116322840810e-02
9.047619047619047672e-01 4.285714285714285476e-01 -1.260160045590076258e-02 3.346667091469557320e-02 9.542663216962538053e-03 9.972925781349816984e-03 9.972925781349813515e-03 9.340132838049418351e-02
9.523809523809523281e-01 4.285714285714285476e-01 -1.436322157178139720e-02 3.262084701296079359e-02 2.280412824219142914e-03 7.100269841132615146e-03 7.100269841132614279e-03 8.703102874061463545e-02
1.000000000000000000e+00 4.285714285714285476e-01 -1.610714544028719192e-02 3.103752420613401647e-02 -2.741431985701052584e-04 -9.211333051881455663e-04 -9.211333051881442652e-04 6.874357578025076798e-02
0.000000000000000000e+00 4.761904761904761640e-01 1.338169625687098997e-02 3.419426837146015419e-02 4.035152401371274074e-03 -6.648597945001500677e-03 -6.648597945001500677e-03 8.473990870678400900e-02
4.761904761904761640e-02 4.761904761904761640e-01 1.175715179375719233e-02 3.624048204383252536e-02 1.118603002617588570e-02 -1.463969108730569027e-02 -1.463969108730569200e-02 8.601856830697304779e-02
9.523809523809523281e-02 4.761904761904761640e-01 1.040330591545754642e-02 3.706607058995717296e-02 1.607911223345823148e-02 -1.371650213095968948e-02 -1.371650213095968081e-02 9.002019266054051005e-02
1.428571428571428492e-01 4.761904761904761640e-01 9.094341267757464348e-03 3.761019958419804798e-02 1.841563286066634497e-02 -1.226556799864851784e-02 -1.226556799864851957e-02 9.113799451176801680e-02
1.904761904761904656e-01 4.761904761904761640e-01 7.836101747938962331e-03 3.788323938713096528e-02 2.080880389044582890e-02 -1.053290559942355979e-02 -1.053290559942355806e-02 9.590171763698400464e-02
2.380952380952380820e-01 4.761904761904761640e-01 6.578967973033294364e-03 3.812158553329433874e-02 2.229722276727361119e-02 -8.867979030260110182e-03 -8.867979030260110182e-03 9.663281196841935761e-02
2.857142857142856984e-01 4.761904761904761640e-01 5.353931506294411051e-03 3.820498991957282930e-02 2.412542109378891519e-02 -7.121627674327711890e-03 -7.121627674327723166e-03 1.005119382941299239e-01
3.333333333333333148e-01 4.761904761904761640e-01 4.135348839918777386e-03 3.832421474992776106e-02 2.505099717739515605e-02 -5.494160400352498218e-03 -5.494160400352495616e-03 1.001651052766519834e-01
3.809523809523809312e-01 4.761904761904761640e-01 2.942413384819545646e-03 3.832828125156807764e-02 2.633103730416877161e-02 -3.855361543327905961e-03 -3.855361543327905094e-03 1.031540257305394309e-01
4.285714285714285476e-01 4.761904761904761640e-01 1.756820503183656934e-03 3.839652580436122425e-02 2.664067180335737833e-02 -2.300954397730591971e-03 -2.300954397730591537e-03 1.019166069564580307e-01
4.761904761904761640e-01 4.761904761904761640e-01 5.838600632218389616e-04 3.836567146701050368e-02 2.730244390636316770e-02 -7.474958160332520777e-04 -7.474958160332514272e-04 1.041852112053755358e-01
5.238095238095238360e-01 4.761904761904761640e-01 -5.872585549755139026e-04 3.840891409478369017e-02 2.696187567764599807e-02 7.881435141133495952e-04 7.881435141133504626e-04 1.022425009678192692e-01
5.714285714285713969e-01 4.761904761904761640e-01 -1.762758879120109728e-03 3.835593159866877017e-02 2.697285812393745638e-02 2.324042946290078970e-03 2.324042946290078536e-03 1.038422195502728546e-01
6.190476190476190688e-01 4.761904761904761640e-01 -2.943329728431852768e-03 3.837381739089137933e-02 2.599225196854742029e-02 3.913314209204539311e-03 3.913314209204539311e-03 1.012249503457700317e-01
6.666666666666666297e-01 4.761904761904761640e-01 -4.143907381379895172e-03 3.828647230711677840e-02 2.536512385049602067e-02 5.499779288793025731e-03 5.499779288793025731e-03 1.020419007186519206e-01
7.142857142857143016e-01 4.761904761904761640e-01 -5.352303251195142039e-03 3.825204005957479753e-02 2.379936701315286257e-02 7.193926218898073939e-03 7.193926218898073939e-03 9.862603522891437435e-02
7.619047619047618625e-01 4.761904761904761640e-01 -6.590253924666833463e-03 3.808677861178269564e-02 2.258666708298003728e-02 8.851280834867894867e-03 8.851280834867894867e-03 9.843753099386851058e-02
8.095238095238095344e-01 4.761904761904761640e-01 -7.831665981142463956e-03 3.793017122526667895e-02 2.049838412777145805e-02 1.061966541436072317e-02 1.061966541436073358e-02 9.406893142396577367e-02
8.571428571428570953e-01 4.761904761904761640e-01 -9.109275829496891325e-03 3.757775896681051636e-02 1.870793074988296931e-02 1.221698945487687329e-02 1.221698945487685595e-02 9.290443027004924303e-02
9.047619047619047672e-01 4.761904761904761640e-01 -1.039250437583831392e-02 3.711162104841414511e-02 1.592552951637967937e-02 1.389882338333090633e-02 1.389882338333087337e-02 8.813299735819964120e-02
9.523809523809523281e-01 4.761904761904761640e-01 -1.178726981029962033e-02 3.619852233881456355e-02 1.199847201075203082e-02 1.460734863995517482e-02 1.460734863995518697e-02 8.778951186335061385e-02
1.000000000000000000e+00 4.761904761904761640e-01 -1.339554227897776610e-02 3.425249046970755412e-02 4.731346842844651700e-03 6.845448771097962896e-03 6.845448771097957692e-03 8.473208061200443453e-02
0.000000000000000000e+00 5.238095238095238360e-01 1.032928907938959924e-02 3.678978284475787480e-02 1.125061841423833503e-03 2.315825664440167471e-03 2.315825664440164869e-03 1.180367866161832480e-01
4.761904761904761640e-02 5.238095238095238360e-01 9.568021483886596928e-03 3.837098926278999234e-02 -1.974883226071050615e-02 -1.160873823149453053e-02 -1.160873823149452880e-02 9.329684298601674530e-02
9.523809523809523281e-02 5.238095238095238360e-01 8.706666471927436424e-03 3.926189694252855966e-02 -2.512881347470345000e-02 -1.368214860333606848e-02 -1.368214860333607369e-02 8.477660859449422104e-02
1.428571428571428492e-01 5.238095238095238360e-01 7.745587217642097878e-03 3.983845883086423179e-02 -2.912795620596251786e-02 -1.313505025855827256e-02 -1.313505025855827256e-02 9.296823951968979927e-02
1.904761904761904656e-01 5.238095238095238360e-01 6.748929590241170041e-03 4.019631845301225442e-02 -3.042398686260746818e-02 -1.156408037167292770e-02 -1.156408037167292943e-02 9.068525393900514486e-02
2.380952380952380820e-01 5.238095238095238360e-01 5.717559670341314237e-03 4.045440113014656808e-02 -3.043462509215701453e-02 -1.006497583679664444e-02 -1.006497583679664097e-02 9.846818431902115698e-02
2.857142857142856984e-01 5.238095238095238360e-01 4.681243658184394002e-03 4.060113309434323220e-02 -3.046221492003909834e-02 -8.233608629408349991e-03 -8.233608629408349991e-03 9.519383413457042920e-02
3.333333333333333148e-01 5.238095238095238360e-01 3.635220448124300025e-03 4.071716898900792914e-02 -2.942608060632649278e-02 -6.514542949281253333e-03 -6.514542949281254200e-03 1.021213606355117071e-01
3.809523809523809312e-01 5.238095238095238360e-01 2.594692759296367539e-03 4.076589526764694271e-02 -2.931421327742664285e-02 -4.621458163020947599e-03 -4.621458163020945864e-03 9.780479019091951887e-02
4.285714285714285476e-01 5.238095238095238360e-01 1.553676786790998601e-03 4.081545407789291535e-02 -2.827170056321078734e-02 -2.800451085494141956e-03 -2.800451085494142390e-03 1.039677406312848607e-01
4.761904761904761640e-01 5.238095238095238360e-01 5.170449943753628987e-04 4.081752797307679204e-02 -2.856971916254084226e-02 -9.125763978698313858e-04 -9.125763978698362647e-04 9.883379400869841958e-02
5.238095238095238360e-01 5.238095238095238360e-01 -5.192529330939154968e-04 4.083225337860096199e-02 -2.799322496026323409e-02 9.604507281167423086e-04 9.604507281167423086e-04 1.043140837542227278e-01
5.714285714285713969e-01 5.238095238095238360e-01 -1.557162003145006130e-03 4.080317019940713635e-02 -2.883610494765582316e-02 2.811261498014925534e-03 2.811261498014922932e-03 9.849093740846738554e-02
6.190476190476190688e-01 5.238095238095238360e-01 -2.595577244574182041e-03 4.078285412968481183e-02 -2.878613422830070961e-02 4.707352177418185762e-03 4.707352177418184895e-03 1.032362229764117734e-01
6.666666666666666297e-01 5.238095238095238360e-01 -3.639985160735993621e-03 4.070734603819146924e-02 -2.991543173924787746e-02 6.485665499052141458e-03 6.485665499052142326e-03 9.670327964361867534e-02
7.142857142857143016e-01 5.238095238095238360e-01 -4.680751882150393887e-03 4.061980334708105433e-02 -3.005727728549878811e-02 8.359304593137231731e-03 8.359304593137235201e-03 1.005208149832775982e-01
7.619047619047618625e-01 5.238095238095238360e-01 -5.723724579702514637e-03 4.044685724264584364e-02 -3.075809960442397323e-02 9.989588145153495760e-03 9.989588145153507903e-03 9.316364891257987446e-02
8.095238095238095344e-01 5.238095238095238360e-01 -6.747096515308482687e-03 4.021559403619991840e-02 -3.030173094046384810e-02 1.173598058526754452e-02 1.173598058526750636e-02 9.587964437402814177e-02
8.571428571428570953e-01 5.238095238095238360e-01 -7.753928037077271150e-03 3.983305849028067475e-02 -2.897708744489617058e-02 1.301097918022668665e-02 1.301097918022669359e-02 8.769633569308127319e-02
9.047619047619047672e-01 5.238095238095238360e-01 -8.703286367260854722e-03 3.928033177161337208e-02 -2.606960305833450064e-02 1.409232997070309495e-02 1.409232997070313485e-02 9.001579413287391640e-02
9.523809523809523281e-01 5.238095238095238360e-01 -9.583520361731545645e-03 3.836576324761012402e-02 -1.451205036896470457e-02 1.146044650118196485e-02 1.146044650118196138e-02 8.174762295600296325e-02
1.000000000000000000e+00 5.238095238095238360e-01 -1.034343885779914068e-02 3.679810199719500685e-02 -4.582931191956872430e-03 -3.177519811012633096e-03 -3.177519811012633963e-03 1.369496131702492014e-01
0.000000000000000000e+00 5.714285714285713969e-01 8.893358998059075135e-03 3.868110551052002244e-02 6.750606063326879472e-04 2.590861642684358715e-03 2.590861642684359149e-03 1.260272932250389166e-01
4.761904761904761640e-02 5.714285714285713969e-01 8.197913565497304614e-03 3.982424862200558552e-02 -4.406662087594364263e-04 -1.446570122684165014e-03 -1.446570122684169351e-03 9.817016518919537138e-02
9.523809523809523281e-02 5.714285714285713969e-01 7.520514050901636917e-03 4.071716000757236859e-02 -9.284412954277664401e-03 -7.578770743757470840e-03 -7.578770743757475177e-03 9.502531031209066059e-02
1.428571428571428492e-01 5.714285714285713969e-01 6.769537515101605417e-03 4.133687178142204238e-02 -1.354012301488938599e-02 -9.971583371766602755e-03 -9.971583371766602755e-03 9.339411154875676413e-02
1.904761904761904656e-01 5.714285714285713969e-01 5.947383237845368931e-03 4.175807818893470524e-02 -1.750429746662757538e-02 -1.059435984500297669e-02 -1.059435984500293679e-02 9.673008557546199093e-02
2.380952380952380820e-01 5.714285714285713969e-01 5.077401570359734752e-03 4.204654692246719005e-02 -1.913156428668796871e-02 -9.842458031398987686e-03 -9.842458031398989421e-03 9.773403127934092438e-02
2.857142857142856984e-01 5.714285714285713969e-01 4.176259575187122632e-03 4.223556828803520097e-02 -1.998740082188770611e-02 -8.718093228680228943e-03 -8.718093228680228943e-03 1.006769259295669100e-01
3.333333333333333148e-01 5.714285714285713969e-01 3.258277202270754361e-03 4.236123636197167835e-02 -2.036746024267079361e-02 -7.023421208707608665e-03 -7.023421208707613002e-03 1.010164685894973935e-01
3.809523809523809312e-01 5.714285714285713969e-01 2.330711424014338465e-03 4.243604537425205159e-02 -2.020140715585580851e-02 -5.217286859119775119e-03 -5.217286859119774252e-03 1.031451550955840984e-01
4.285714285714285476e-01 5.714285714285713969e-01 1.399195133936280465e-03 4.248198246498583602e-02 -2.031167395576211412e-02 -3.151708077765695819e-03 -3.151708077765695819e-03 1.027110487250661591e-01
4.761904761904761640e-01 5.714285714285713969e-01 4.658433133965071693e-04 4.250008618603116212e-02 -2.001095853848248660e-02 -1.056008188888809098e-03 -1.056008188888810399e-03 1.041358177713808397e-01
5.238095238095238360e-01 5.714285714285713969e-01 -4.678482401946504484e-04 4.250264070570827085e-02 -2.024350820036576598e-02 1.087554549909890318e-03 1.087554549909898124e-03 1.030306042471873657e-01
5.714285714285713969e-01 5.714285714285713969e-01 -1.401046065501052257e-03 4.248169514363489552e-02 -2.009153209785590963e-02 3.222889985888463798e-03 3.222889985888461196e-03 1.038040048985805902e-01
6.190476190476190688e-01 5.714285714285713969e-01 -2.332725590159713969e-03 4.244081185657545136e-02 -2.039104157982570345e-02 5.209544931481564604e-03 5.209544931481569809e-03 1.020362783159527026e-01
6.666666666666666297e-01 5.714285714285713969e-01 -3.259825733204624668e-03 4.236309176012618971e-02 -2.022642576863194902e-02 7.135848478752595918e-03 7.135848478752601122e-03 1.020934035325623268e-01
7.142857142857143016e-01 5.714285714285713969e-01 -4.178209386018580385e-03 4.224226239080695888e-02 -2.004584144959260447e-02 8.667704802208743911e-03 8.667704802208745646e-03 9.956301125107788752e-02
7.619047619047618625e-01 5.714285714285713969e-01 -5.078544739908815581e-03 4.205017790176794612e-02 -1.921240001860059082e-02 1.000089538575311965e-02 1.000089538575312138e-02 9.882449248658689567e-02
8.095238095238095344e-01 5.714285714285713969e-01 -5.949343999430751866e-03 4.176598644928980475e-02 -1.718315096921880711e-02 1.048793756099013208e-02 1.048793756099013902e-02 9.551668327794057833e-02
8.571428571428570953e-01 5.714285714285713969e-01 -6.770272194262574698e-03 4.134189826705442911e-02 -1.433033453790292372e-02 1.020737455415163773e-02 1.020737455415160824e-02 9.476988560580898446e-02
9.047619047619047672e-01 5.714285714285713969e-01 -7.520878097340471559e-03 4.072423313569330933e-02 -7.350148728761233576e-03 7.355389586181766692e-03 7.355389586181727661e-03 9.246252705094099023e-02
9.523809523809523281e-01 5.714285714285713969e-01 -8.195291251544055064e-03 3.982803695192321108e-02 -2.656710052631672953e-03 1.136069010677345044e-03 1.136069010677354801e-03 1.021508062869571631e-01
1.000000000000000000e+00 5.714285714285713969e-01 -8.885706141546047612e-03 3.868797913152777906e-02 2.424825065816758971e-03 -2.909250736270520190e-03 -2.909250736270526261e-03 1.229287898217146652e-01
0.000000000000000000e+00 6.190476190476190688e-01 7.920575280904109880e-03 4.045191389215652827e-02 1.104784210208656673e-04 7.470509160650598253e-04 7.470509160650593916e-04 1.180997219890503602e-01
4.761904761904761640e-02 6.190476190476190688e-01 7.225568852704905738e-03 4.133942671807839392e-02 2.102652449846767306e-04 1.608890660977160564e-03 1.608890660977159914e-03 1.065005414822156049e-01
9.523809523809523281e-02 6.190476190476190688e-01 6.576728210992619644e-03 4.215394167282118798e-02 -2.063873516972370651e-03 -2.574486556258101608e-03 -2.574486556258103777e-03 9.829534884820072260e-02
1.428571428571428492e-01 6.190476190476190688e-01 5.908824568123191741e-03 4.278641245826143163e-02 -6.117674771271553597e-03 -6.154883445514796811e-03 -6.154883445514797678e-03 9.746200023780580979e-02
1.904761904761904656e-01 6.190476190476190688e-01 5.197432251829690007e-03 4.324664833644575879e-02 -8.641962386304501836e-03 -7.986222329434944020e-03 -7.986222329434942285e-03 9.736429397349363746e-02
2.380952380952380820e-01 6.190476190476190688e-01 4.446028129087039107e-03 4.356921469134645425e-02 -1.082756520356493481e-02 -8.528779626206531295e-03 -8.528779626206531295e-03 9.884480896583330845e-02
2.857142857142856984e-01 6.190476190476190688e-01 3.665029744415284826e-03 4.378890753500171845e-02 -1.197903614440798230e-02 -7.990402189260573107e-03 -7.990402189260573107e-03 9.978727286717162248e-02
3.333333333333333148e-01 6.190476190476190688e-01 2.864537724051907305e-03 4.393328442088750146e-02 -1.256723984310472407e-02 -6.829579758843191961e-03 -6.829579758843191961e-03 1.009929931997149838e-01
3.809523809523809312e-01 6.190476190476190688e-01 2.052229046587235404e-03 4.402428771748683606e-02 -1.299154146718850718e-02 -5.148519353600396198e-03 -5.148519353600395330e-03 1.015521374851770520e-01
4.285714285714285476e-01 6.190476190476190688e-01 1.233225142802419315e-03 4.407672048748303290e-02 -1.296028380933162381e-02 -3.203162400713718567e-03 -3.203162400713717699e-03 1.022278453318099106e-01
4.761904761904761640e-01 6.190476190476190688e-01 4.109402904059897754e-04 4.410099066761838382e-02 -1.317451857872478128e-02 -1.068685507625398955e-03 -1.068685507625396786e-03 1.022889369302421997e-01
5.238095238095238360e-01 6.190476190476190688e-01 -4.123062701511998377e-04 4.410138290121862897e-02 -1.299102333899511581e-02 1.112650349299002016e-03 1.112650349299004185e-03 1.024662022938635786e-01
5.714285714285713969e-01 6.190476190476190688e-01 -1.234527936803688462e-03 4.407842463910478792e-02 -1.312599622760393832e-02 3.233141679430155506e-03 3.233141679430152904e-03 1.020383092059830160e-01
6.190476190476190688e-01 6.190476190476190688e-01 -2.053384535458684882e-03 4.402674112022494229e-02 -1.284417947013328197e-02 5.208151591160326693e-03 5.208151591160327561e-03 1.017249549600100916e-01
6.666666666666666297e-01 6.190476190476190688e-01 -2.865529849405135544e-03 4.393697897082930043e-02 -1.265330476872510504e-02 6.845833193418486042e-03 6.845833193418487776e-03 1.007813208761582507e-01
7.142857142857143016e-01 6.190476190476190688e-01 -3.665756509111279659e-03 4.379321793308937200e-02 -1.195344775618746580e-02 8.066858111929768940e-03 8.066858111929767206e-03 9.998536053465888196e-02
7.619047619047618625e-01 6.190476190476190688e-01 -4.446531596330947390e-03 4.357452264813565374e-02 -1.071388224755737660e-02 8.526959571974440655e-03 8.526959571974456267e-03 9.855217837540415637e-02
8.095238095238095344e-01 6.190476190476190688e-01 -5.197664179486143239e-03 4.325225936017196987e-02 -8.912163648710237293e-03 8.075309999245796483e-03 8.075309999245798218e-03 9.773891467460711635e-02
8.571428571428570953e-01 6.190476190476190688e-01 -5.908273231570402087e-03 4.279235690132606601e-02 -5.558314736456551088e-03 6.123573597819554487e-03 6.123573597819629080e-03 9.674423534616832798e-02
9.047619047619047672e-01 6.190476190476190688e-01 -6.576133083765579174e-03 4.215873718028069483e-02 -2.655657532535800683e-03 2.578490719088796877e-03 2.578490719088809453e-03 9.956975624085546983e-02
9.523809523809523281e-01 6.190476190476190688e-01 -7.225744137480211333e-03 4.134428728739448361e-02 2.429091137284547692e-04 -1.478214292939799201e-03 -1.478214292939801586e-03 1.054712687264946630e-01
1.000000000000000000e+00 6.190476190476190688e-01 -7.920523398968166290e-03 4.045274485829115224e-02 2.101761725800275408e-04 -8.199263268487997714e-04 -8.199263268488020482e-04 1.188061772886898071e-01
0.000000000000000000e+00 6.666666666666666297e-01 7.143645008068833478e-03 4.213383051801607854e-02 -1.193026255404614577e-05 4.185176377677546009e-04 4.185176377677546009e-04 1.144279815023450664e-01
4.761904761904761640e-02 6.666666666666666297e-01 6.456257977099702332e-03 4.289019128166510902e-02 2.983373768157834643e-04 1.740589641854985246e-03 1.740589641854985246e-03 1.077641189401323946e-01
9.523809523809523281e-02 6.666666666666666297e-01 5.805717973692565113e-03 4.362317302180105522e-02 -2.771261819084396352e-04 -5.451715499183780889e-04 -5.451715499183776552e-04 1.029642459861271342e-01
1.428571428571428492e-01 6.666666666666666297e-01 5.165834312237534663e-03 4.423610348425477401e-02 -1.354495889413247743e-03 -3.714853957807985000e-03 -3.714853957807985867e-03 9.994123428770428086e-02
1.904761904761904656e-01 6.666666666666666297e-01 4.515793139811027056e-03 4.470566734748866039e-02 -3.087390151068942698e-03 -6.048489794422778204e-03 -6.048489794422778204e-03 9.934457168582895570e-02
2.380952380952380820e-01 6.666666666666666297e-01 3.848948259066281921e-03 4.504602029348205722e-02 -4.101423434194715646e-03 -7.165841901691377865e-03 -7.165841901691376997e-03 9.912675902012385576e-02
2.857142857142856984e-01 6.666666666666666297e-01 3.166671884488681758e-03 4.528253823378079745e-02 -5.075912457828625837e-03 -7.201829571898629018e-03 -7.201829571898629018e-03 9.948999733749781804e-02
3.333333333333333148e-01 6.666666666666666297e-01 2.472769131469752715e-03 4.544054739997327452e-02 -5.542416752237683264e-03 -6.365055869630581627e-03 -6.365055869630581627e-03 9.978056827517566008e-02
3.809523809523809312e-01 6.666666666666666297e-01 1.770895209535284500e-03 4.554110394185581501e-02 -5.884772121441512148e-03 -4.937763752880137101e-03 -4.937763752880137101e-03 1.001216255194618127e-01
4.285714285714285476e-01 6.666666666666666297e-01 1.064129539481862424e-03 4.559978087131534574e-02 -6.045486335938219172e-03 -3.100041358518085006e-03 -3.100041358518082837e-03 1.003205465539260544e-01
4.761904761904761640e-01 6.666666666666666297e-01 3.547145544191178260e-04 4.562687877242848494e-02 -6.104017942339551653e-03 -1.046315092322538422e-03 -1.046315092322534085e-03 1.004512802270528804e-01
5.238095238095238360e-01 6.666666666666666297e-01 -3.554847383450068115e-04 4.562732718539023319e-02 -6.116397571794859704e-03 1.082016551651956635e-03 1.082016551651999135e-03 1.004327147393013764e-01
5.714285714285713969e-01 6.666666666666666297e-01 -1.064785629659246351e-03 4.560122139063738089e-02 -6.033280137999798461e-03 3.141381713317403356e-03 3.141381713317922039e-03 1.003307226055897006e-01
6.190476190476190688e-01 6.666666666666666297e-01 -1.771381489206969896e-03 4.554343170285046760e-02 -5.860048279410370355e-03 4.970059514902576067e-03 4.970059514902576935e-03 1.000814421445178765e-01
6.666666666666666297e-01 6.666666666666666297e-01 -2.472935792980720908e-03 4.544380655415075632e-02 -5.573830375451923128e-03 6.413526777103173600e-03 6.413526777103173600e-03 9.980386802062941876e-02
7.142857142857143016e-01 6.666666666666666297e-01 -3.166540622956326954e-03 4.528661793980541528e-02 -4.964712755944439455e-03 7.232065159793415673e-03 7.232065159793425214e-03 9.940330664920662973e-02
7.619047619047618625e-01 6.666666666666666297e-01 -3.848404608608214320e-03 4.505082058410584539e-02 -4.241857322325998277e-03 7.215758942295388487e-03 7.215758942295391956e-03 9.922667503330137584e-02
8.095238095238095344e-01 6.666666666666666297e-01 -4.514829073978525280e-03 4.471101022006839648e-02 -2.832248355570935426e-03 6.076807987807355052e-03 6.076807987807320358e-03 9.911595760292372936e-02
8.571428571428570953e-01 6.666666666666666297e-01 -5.164649257594569262e-03 4.424148931044343674e-02 -1.619424530674534865e-03 3.724459187130059554e-03 3.724459187130279864e-03 1.003052428917245997e-01
9.047619047619047672e-01 6.666666666666666297e-01 -5.804614077788910337e-03 4.362833301553444010e-02 -7.723689022904532383e-05 5.896927663765371601e-04 5.896927663765914786e-04 1.024968636644503772e-01
9.523809523809523281e-01 6.666666666666666297e-01 -6.455021011687128718e-03 4.289539902088430195e-02 2.874120491201163051e-04 -1.811892727790611474e-03 -1.811892727790613208e-03 1.079873066325199166e-01
1.000000000000000000e+00 6.666666666666666297e-01 -7.142669822478710066e-03 4.213945372032580627e-02 -3.000425023159860116e-05 -3.978236168733480325e-04 -3.978236168733511767e-04 1.143195424306455849e-01
0.000000000000000000e+00 7.142857142857143016e-01 6.458081327017940569e-03 4.376330343507520149e-02 -9.629463042037457769e-05 3.000647892129506395e-04 3.000647892129508563e-04 1.112389353177340445e-01
4.761904761904761640e-02 7.142857142857143016e-01 5.778646221035551103e-03 4.445343485280038587e-02 3.634742545896328192e-04 1.369653279227363209e-03 1.369653279227365378e-03 1.085513773580201180e-01
9.523809523809523281e-02 7.142857142857143016e-01 5.125546880773356948e-03 4.512641039609883997e-02 9.740904725029223606e-04 -4.153431134712077285e-04 -4.153431134712075659e-04 1.054391315637274174e-01
1.428571428571428492e-01 7.142857142857143016e-01 4.497421805791227724e-03 4.570396862313597097e-02 1.305051354841067334e-03 -3.082411753499450947e-03 -3.082411753499453982e-03 1.029550200519798869e-01
1.904761904761904656e-01 7.142857142857143016e-01 3.886168012509666220e-03 4.615765380204740059e-02 1.455650512124547586e-03 -5.341997162174576957e-03 -5.341997162174576090e-03 1.009911752838827670e-01
2.380952380952380820e-01 7.142857142857143016e-01 3.284131730949594718e-03 4.649276670325928895e-02 1.304769189931243587e-03 -6.577715956683298157e-03 -6.577715956683302494e-03 9.991716714644274799e-02
2.857142857142856984e-01 7.142857142857143016e-01 2.686263251782786392e-03 4.672910675275027126e-02 1.225402860352294400e-03 -6.761120008386595909e-03 -6.761120008386595909e-03 9.912504502253510763e-02
3.333333333333333148e-01 7.142857142857143016e-01 2.089753365055418803e-03 4.688876509951464544e-02 1.030778193113501958e-03 -6.084201522408822817e-03 -6.084201522408822817e-03 9.877667336439863166e-02
3.809523809523809312e-01 7.142857142857143016e-01 1.493222242741618685e-03 4.699136196644385088e-02 9.448488947342100928e-04 -4.756790641680545828e-03 -4.756790641680545828e-03 9.852664704632424497e-02
4.285714285714285476e-01 7.142857142857143016e-01 8.961864906393478226e-04 4.705169688045416493e-02 8.349489041632078079e-04 -3.010890695095877999e-03 -3.010890695095878866e-03 9.845217340963002828e-02
4.761904761904761640e-01 7.142857142857143016e-01 2.986957948307992399e-04 4.707965375706830990e-02 8.133956272455738004e-04 -1.018315157550005916e-03 -1.018315157550004181e-03 9.839237132582963341e-02
5.238095238095238360e-01 7.142857142857143016e-01 -2.989326000774871210e-04 4.708005821886786929e-02 7.987717344174242139e-04 1.050729484624318569e-03 1.050729484624316401e-03 9.840660802603377888e-02
5.714285714285713969e-01 7.142857142857143016e-01 -8.962936857153802487e-04 4.705294116788678871e-02 8.662727309973301208e-04 3.040550885270176546e-03 3.040550885270173510e-03 9.842052166113891831e-02
6.190476190476190688e-01 7.142857142857143016e-01 -1.493068701747466082e-03 4.699340521670602316e-02 9.305248678637240926e-04 4.794611009355857940e-03 4.794611009355852736e-03 9.854253380558947173e-02
6.666666666666666297e-01 7.142857142857143016e-01 -2.089229222615238482e-03 4.689166128854645871e-02 1.093556996848752284e-03 6.114497264231635691e-03 6.114497264231667784e-03 9.871219222259841608e-02
7.142857142857143016e-01 7.142857142857143016e-01 -2.685277912517508407e-03 4.673274344337811220e-02 1.195482407403950734e-03 6.804336614706251417e-03 6.804336614706280907e-03 9.917072415566528798e-02
7.619047619047618625e-01 7.142857142857143016e-01 -3.282629621788971889e-03 4.649722254961895229e-02 1.401440447990821630e-03 6.614306746407680807e-03 6.614306746407713766e-03 9.980728846831757317e-02
8.095238095238095344e-01 7.142857142857143016e-01 -3.884217513294895441e-03 4.616261872726780402e-02 1.406346712658987537e-03 5.374909660747356765e-03 5.374909660747357633e-03 1.011053577271157633e-01
8.571428571428570953e-01 7.142857142857143016e-01 -4.495168654123537361e-03 4.570934994216546698e-02 1.378209145538064270e-03 3.134697720134452161e-03 3.134697720137647955e-03 1.028221589852050671e-01
9.047619047619047672e-01 7.142857142857143016e-01 -5.123117376856669951e-03 4.513201343545578115e-02 9.726511981467954619e-04 4.171950958237149358e-04 4.171950958242089526e-04 1.055380927372102373e-01
9.523809523809523281e-01 7.142857142857143016e-01 -5.776155083869557831e-03 4.445827924771468542e-02 3.444997914264943365e-04 -1.311362103605264286e-03 -1.311362103605305703e-03 1.086343618613169332e-01
1.000000000000000000e+00 7.142857142857143016e-01 -6.455014088347621991e-03 4.376644398102495781e-02 -2.233477562028549340e-05 -3.138153551719655176e-04 -3.138153551719730528e-04 1.111171492175539455e-01
0.000000000000000000e+00 7.619047619047618625e-01 5.798509516454605078e-03 4.534987157300426897e-02 -3.617588198069523597e-05 2.912982896085000522e-04 2.912982896085000522e-04 1.087614689168151932e-01
4.761904761904761640e-02 7.619047619047618625e-01 5.125038066578637731e-03 4.602394307275550073e-02 4.740544278767716232e-04 4.240421828440315991e-04 4.240421828440315991e-04 1.095765177787998285e-01
9.523809523809523281e-02 7.619047619047618625e-01 4.470544293483382468e-03 4.665842294008839403e-02 2.141422293132679185e-03 -1.568191535810852313e-03 -1.568191535810837785e-03 1.078175575172508754e-01
1.428571428571428492e-01 7.619047619047618625e-01 3.854043009472444235e-03 4.719227628156088400e-02 3.853757035161384410e-03 -4.093728265931895899e-03 -4.093728265931888960e-03 1.053536652644692234e-01
1.904761904761904656e-01 7.619047619047618625e-01 3.278407870577046759e-03 4.760855410646171876e-02 5.480733507466689983e-03 -5.996314119313588507e-03 -5.996314119313588507e-03 1.027089900347130241e-01
2.380952380952380820e-01 7.619047619047618625e-01 2.736576842358857693e-03 4.791608366315015799e-02 6.487467357515079407e-03 -6.932936638069399186e-03 -6.932936638069392248e-03 1.004315293425781935e-01
2.857142857142856984e-01 7.619047619047618625e-01 2.218532864626829824e-03 4.813369452512418489e-02 7.110398176697983047e-03 -6.916056943185609762e-03 -6.916056943185609762e-03 9.886694151449487711e-02
3.333333333333333148e-01 7.619047619047618625e-01 1.715465081560514421e-03 4.828171395359370788e-02 7.432453562657263119e-03 -6.112304188077009523e-03 -6.112304188077012992e-03 9.767039647890747578e-02
3.809523809523809312e-01 7.619047619047618625e-01 1.221086107279298859e-03 4.837742937413589545e-02 7.531077749419031776e-03 -4.743069702673949339e-03 -4.743069702673957146e-03 9.700875782331531971e-02
4.285714285714285476e-01 7.619047619047618625e-01 7.312634677715565239e-04 4.843411726537382583e-02 7.600104269985127024e-03 -2.984011968993444466e-03 -2.984011968993444033e-03 9.654333261903323693e-02
4.761904761904761640e-01 7.619047619047618625e-01 2.435919524494180061e-04 4.846045595169677644e-02 7.572460120170769644e-03 -1.010796436875549195e-03 -1.010796436875551797e-03 9.639028585673783955e-02
5.238095238095238360e-01 7.619047619047618625e-01 -2.434225394378637642e-04 4.846080368215473222e-02 7.611003851442374804e-03 1.034569682706344956e-03 1.034569682706333246e-03 9.635000199741183824e-02
5.714285714285713969e-01 7.619047619047618625e-01 -7.309454565825716527e-04 4.843512938399271300e-02 7.577928629399315053e-03 3.011166315633511097e-03 3.011166315632923460e-03 9.657440783943244123e-02
6.190476190476190688e-01 7.619047619047618625e-01 -1.220440543524380170e-03 4.837915982361185030e-02 7.581528509530304806e-03 4.766459899638914380e-03 4.766459899638931727e-03 9.693984841477175374e-02
6.666666666666666297e-01 7.619047619047618625e-01 -1.714385082043931455e-03 4.828412396646121485e-02 7.436859674220387510e-03 6.145697858980797394e-03 6.145697858980838160e-03 9.771368600823777950e-02
7.142857142857143016e-01 7.619047619047618625e-01 -2.216828052958461515e-03 4.813689609551299181e-02 7.151714000016286439e-03 6.945039271336559197e-03 6.945039271336900071e-03 9.876603043970573481e-02
7.619047619047618625e-01 7.619047619047618625e-01 -2.734221748980116863e-03 4.791998265393261625e-02 6.549906540221233503e-03 6.973735191341358559e-03 6.973735191341403662e-03 1.004903277181355969e-01
8.095238095238095344e-01 7.619047619047618625e-01 -3.275405373559511345e-03 4.761330825508695852e-02 5.451913908774478484e-03 6.044290816046330242e-03 6.044290816046379682e-03 1.026502698713382816e-01
8.571428571428570953e-01 7.619047619047618625e-01 -3.850482061626615393e-03 4.719762025911866665e-02 3.996592542325834614e-03 4.123556836575612179e-03 4.123556836575621720e-03 1.053276865439967680e-01
9.047619047619047672e-01 7.619047619047618625e-01 -4.466821519224578423e-03 4.666392823717083888e-02 2.029503447818544609e-03 1.626010682121622856e-03 1.626010682119011881e-03 1.080352168259445522e-01
9.523809523809523281e-01 7.619047619047618625e-01 -5.121501917298386213e-03 4.602934802343451592e-02 5.506940847400224092e-04 -4.539052986428426047e-04 -4.539052986427830820e-04 1.093076666176163031e-01
1.000000000000000000e+00 7.619047619047618625e-01 -5.796109776127446843e-03 4.535481194563096424e-02 -1.941938624857613067e-04 -2.812005156611314754e-04 -2.812005156611920281e-04 1.090784763547545111e-01
0.000000000000000000e+00 8.095238095238095344e-01 5.116003201351256892e-03 4.691282593237100507e-02 -3.664078282796632982e-04 3.432571848896197515e-04 3.432571848896199683e-04 1.081704100528207979e-01
4.761904761904761640e-02 8.095238095238095344e-01 4.439722085221906034e-03 4.761026026139004302e-02 8.998546013282323871e-04 -1.102441650385604108e-03 -1.102441650385621672e-03 1.109670530636609892e-01
9.523809523809523281e-02 8.095238095238095344e-01 3.785184302263817739e-03 4.821705674157023003e-02 3.596345751838866695e-03 -4.157947732619924307e-03 -4.157947732619924307e-03 1.107842381912626517e-01
1.428571428571428492e-01 8.095238095238095344e-01 3.190063597503376997e-03 4.869527836859416370e-02 7.313982856485147684e-03 -6.586788322793189418e-03 -6.586788322793189418e-03 1.073667451304623072e-01
1.904761904761904656e-01 8.095238095238095344e-01 2.661748189939058210e-03 4.905325456188501521e-02 9.903912679966132837e-03 -7.884340549587505811e-03 -7.884340549587505811e-03 1.037923918916372479e-01
2.380952380952380820e-01 8.095238095238095344e-01 2.188852398954803033e-03 4.931239643140970796e-02 1.198454075588402563e-02 -8.145649582657701199e-03 -8.145649582657701199e-03 1.006694432976816128e-01
2.857142857142856984e-01 8.095238095238095344e-01 1.755391178907514697e-03 4.949482112115694693e-02 1.309672765417775782e-02 -7.589180558982976284e-03 -7.589180558982976284e-03 9.814273279123450489e-02
3.333333333333333148e-01 8.095238095238095344e-01 1.347404821728248343e-03 4.961909489523711608e-02 1.372895788255835969e-02 -6.448009716637163879e-03 -6.448009716637163012e-03 9.651345893272884890e-02
3.809523809523809312e-01 8.095238095238095344e-01 9.545331197067489929e-04 4.969993976446768214e-02 1.404882264204333243e-02 -4.877428524076038267e-03 -4.877428524076038267e-03 9.529734073295387242e-02
4.285714285714285476e-01 8.095238095238095344e-01 5.700960325200963956e-04 4.974807210706373717e-02 1.412772908912071461e-02 -3.031436068174693521e-03 -3.031436068174693955e-03 9.468601674738802432e-02
4.761904761904761640e-01 8.095238095238095344e-01 1.897424414273391402e-04 4.977054522701312989e-02 1.421396921296846742e-02 -1.021936322101269900e-03 -1.021936322101271851e-03 9.430877110429841670e-02
5.238095238095238360e-01 8.095238095238095344e-01 -1.893368164069661106e-04 4.977079943915672933e-02 1.416853273038103621e-02 1.038741686027981745e-03 1.038741686027960711e-03 9.436166110741214808e-02
5.714285714285713969e-01 8.095238095238095344e-01 -5.695068191260975769e-04 4.974886302397091981e-02 1.418594490891528052e-02 3.046560698136512382e-03 3.046560698136451667e-03 9.461161329593475999e-02
6.190476190476190688e-01 8.095238095238095344e-01 -9.536312094288693520e-04 4.970125946655065685e-02 1.403565995411199321e-02 4.897768636972965085e-03 4.897768636972948605e-03 9.535217071659729537e-02
6.666666666666666297e-01 8.095238095238095344e-01 -1.345929498327999791e-03 4.962101311305171930e-02 1.377523812079771946e-02 6.464264760169316330e-03 6.464264760170012822e-03 9.640094176404302717e-02
7.142857142857143016e-01 8.095238095238095344e-01 -1.753270771160774476e-03 4.949736041743822701e-02 1.316455250030183072e-02 7.618514681041299585e-03 7.618514681044077745e-03 9.821077565990792013e-02
7.619047619047618625e-01 8.095238095238095344e-01 -2.185782399173462776e-03 4.931572090480177556e-02 1.194955849062146087e-02 8.172956054516259880e-03 8.172956054516948565e-03 1.005535275136988232e-01
8.095238095238095344e-01 8.095238095238095344e-01 -2.657675473649305942e-03 4.905743123190366151e-02 1.015068887949098324e-02 7.937005066454623503e-03 7.937005066453369298e-03 1.037998297768243788e-01
8.571428571428570953e-01 8.095238095238095344e-01 -3.185261588392217756e-03 4.870065837360143535e-02 7.074441754070886351e-03 6.654456439313305785e-03 6.654456439313333541e-03 1.075254395385110279e-01
9.047619047619047672e-01 8.095238095238095344e-01 -3.779889764498369376e-03 4.822303635435073316e-02 3.954581030685932509e-03 4.191682850932843679e-03 4.191682850932846281e-03 1.103885103110917310e-01
9.523809523809523281e-01 8.095238095238095344e-01 -4.434175602243380435e-03 4.761573792815764622e-02 7.507942972901222563e-04 1.205916469018637315e-03 1.205916469018554265e-03 1.116569624711050979e-01
1.000000000000000000e+00 8.095238095238095344e-01 -5.108957399910457955e-03 4.691636322788844682e-02 -9.518839219245758452e-05 -3.379087289028877999e-04 -3.379087289029025993e-04 1.076508893017480706e-01
0.000000000000000000e+00 8.571428571428570953e-01 4.348249687465248134e-03 4.846998451823825160e-02 -3.542572724312462022e-04 6.298002259469140862e-04 6.298002259469085568e-04 1.081558223592307827e-01
4.761904761904761640e-02 8.571428571428570953e-01 3.660847132173376036e-03 4.923072158134900178e-02 1.362170957750945179e-03 -4.193209761062863597e-03 -4.193209761062863597e-03 1.157035537771489292e-01
9.523809523809523281e-02 8.571428571428570953e-01 3.015484029838429603e-03 4.980149063350922112e-02 7.370466646300396878e-03 -8.609254716269679197e-03 -8.609254716269679197e-03 1.132370026007865488e-01
1.428571428571428492e-01 8.571428571428570953e-01 2.467789337072548439e-03 5.019929877179439559e-02 1.188075664424651824e-02 -1.050805472699466170e-02 -1.050805472699465476e-02 1.089190603675442431e-01
1.904761904761904656e-01 8.571428571428570953e-01 2.013610585592474998e-03 5.047588901626371555e-02 1.596169972115863214e-02 -1.065661504708911335e-02 -1.065661504708911682e-02 1.040436005360863558e-01
2.380952380952380820e-01 8.571428571428570953e-01 1.629640306314906507e-03 5.066973228871656659e-02 1.809123791830255512e-02 -9.835481123260826977e-03 -9.835481123260826977e-03 9.994487107394882386e-02
2.857142857142856984e-01 8.571428571428570953e-01 1.292653403412874231e-03 5.080494099696283850e-02 1.945329208490422304e-02 -8.531730083774830345e-03 -8.531730083774799120e-03 9.708167068188783277e-02
3.333333333333333148e-01 8.571428571428570953e-01 9.848515419001347034e-04 5.089726136014176977e-02 2.011801261540516542e-02 -6.906622831119530251e-03 -6.906622831119531118e-03 9.486204041490406413e-02
3.809523809523809312e-01 8.571428571428570953e-01 6.944625582265374431e-04 5.095771531780109859e-02 2.037453921358973671e-02 -5.076536794981546287e-03 -5.076536794981548022e-03 9.356199283607333217e-02
4.285714285714285476e-01 8.571428571428570953e-01 4.136339886183709258e-04 5.099397866414535213e-02 2.053941798552044035e-02 -3.099268322996140759e-03 -3.099268322996143361e-03 9.263081934111863647e-02
4.761904761904761640e-01 8.571428571428570953e-01 1.375549914300691363e-04 5.101098468222557691e-02 2.050571738592595061e-02 -1.040031201149068611e-03 -1.040031201149072297e-03 9.230821297519289925e-02
5.238095238095238360e-01 8.571428571428570953e-01 -1.370780861454026648e-04 5.101116303372578431e-02 2.057669935985344950e-02 1.047695787506000911e-03 1.047695787505978793e-03 9.223165086879044072e-02
5.714285714285713969e-01 8.571428571428570953e-01 -4.130100274467950585e-04 5.099451431904338666e-02 2.048910589040991992e-02 3.108156933520147408e-03 3.108156933519699416e-03 9.269792977754709451e-02
6.190476190476190688e-01 8.571428571428570953e-01 -6.934678210592576039e-04 5.095862898987130879e-02 2.044653768157754861e-02 5.082300282143786298e-03 5.082300282143881708e-03 9.345094920287418117e-02
6.666666666666666297e-01 8.571428571428570953e-01 -9.833874770602761117e-04 5.089858863961341240e-02 2.012404765372226290e-02 6.917621577584238783e-03 6.917621577587997062e-03 9.494214039560093521e-02
7.142857142857143016e-01 8.571428571428570953e-01 -1.290335614156114729e-03 5.080674545867802649e-02 1.948148424233208525e-02 8.537027352273532377e-03 8.537027352298597396e-03 9.692422382592667807e-02
7.619047619047618625e-01 8.571428571428570953e-01 -1.626411488527561202e-03 5.067218021895617680e-02 1.826068430324160122e-02 9.861475341539555073e-03 9.861475341534784583e-03 1.000297286043467099e-01
8.095238095238095344e-01 8.571428571428570953e-01 -2.008860248985345695e-03 5.047917208849150850e-02 1.580476182273151883e-02 1.067568533982007038e-02 1.067568533982046937e-02 1.039265618901618476e-01
8.571428571428570953e-01 8.571428571428570953e-01 -2.461149400048838823e-03 5.020398576896507176e-02 1.249304271100961337e-02 1.061046553779946763e-02 1.061046553780194482e-02 1.088042876958222466e-01
9.047619047619047672e-01 8.571428571428570953e-01 -3.008097074694193480e-03 4.980861130900633010e-02 6.728128293640545793e-03 8.734739200506118698e-03 8.734739200506130841e-03 1.140740004998799934e-01
9.523809523809523281e-01 8.571428571428570953e-01 -3.654261302441807070e-03 4.923780210979406685e-02 1.866472700992255441e-03 4.161354750935205432e-03 4.161354750935208034e-03 1.147041943454776142e-01
1.000000000000000000e+00 8.571428571428570953e-01 -4.344765911810024618e-03 4.847550097312660483e-02 -9.609298804188050411e-04 -4.930208481779201979e-04 -4.930208481779273537e-04 1.096455736369881667e-01
0.000000000000000000e+00 9.047619047619047672e-01 3.434387676366844593e-03 5.005534590700572856e-02 -3.667618196685865171e-03 2.437607358158822967e-03 2.437607358158822533e-03 1.126128296631144776e-01
4.761904761904761640e-02 9.047619047619047672e-01 2.707965615058683783e-03 5.091794433614875437e-02 6.135347026270818183e-03 -1.099041554641281421e-02 -1.099041554641281247e-02 1.208785508411120146e-01
9.523809523809523281e-02 9.047619047619047672e-01 2.110931890163860510e-03 5.139868010203804682e-02 1.316639736352146102e-02 -1.549765342032766863e-02 -1.549765342032766516e-02 1.161253260161545231e-01
1.428571428571428492e-01 9.047619047619047672e-01 1.666183258916675543e-03 5.167464816813049922e-02 2.031328605745335095e-02 -1.531773994380393120e-02 -1.531773994380393120e-02 1.088428479077493960e-01
1.904761904761904656e-01 9.047619047619047672e-01 1.330003952033658246e-03 5.185004375786508163e-02 2.340894028028718196e-02 -1.347362899366402744e-02 -1.347362899366402050e-02 1.027041727813308020e-01
2.380952380952380820e-01 9.047619047619047672e-01 1.061760045737466900e-03 5.196993435215867263e-02 2.528279449415571714e-02 -1.140553882144121171e-02 -1.140553882144121171e-02 9.849379699742356886e-02
2.857142857142856984e-01 9.047619047619047672e-01 8.345514100075675018e-04 5.205341559921797256e-02 2.613927612164190437e-02 -9.309485873638558354e-03 -9.309485873638558354e-03 9.515746034005664877e-02
3.333333333333333148e-01 9.047619047619047672e-01 6.322222507046782554e-04 5.211101184207007214e-02 2.644127274454402196e-02 -7.250045409151919910e-03 -7.250045409151921645e-03 9.307130712165924413e-02
3.809523809523809312e-01 9.047619047619047672e-01 4.441949836056119675e-04 5.214914548408362827e-02 2.661129293791583000e-02 -5.189471743086016518e-03 -5.189471743086017386e-03 9.147051633667517556e-02
4.285714285714285476e-01 9.047619047619047672e-01 2.640675782617199117e-04 5.217228856438702739e-02 2.652175831188865324e-02 -3.122302889095783518e-03 -3.122302889095784385e-03 9.066068634817105176e-02
4.761904761904761640e-01 9.047619047619047672e-01 8.775532129827024570e-05 5.218320463062881692e-02 2.658768118535358507e-02 -1.041740004870139865e-03 -1.041740004870143118e-03 9.014348569458187355e-02
5.238095238095238360e-01 9.047619047619047672e-01 -8.737798452080697493e-05 5.218331198670927984e-02 2.650167464209316967e-02 1.042932417641616056e-03 1.042932417641591987e-03 9.022354484004949104e-02
5.714285714285713969e-01 9.047619047619047672e-01 -2.635479080299864773e-04 5.217258286974853915e-02 2.661769345207933707e-02 3.121552162875721684e-03 3.121552162875590279e-03 9.055889852411945495e-02
6.190476190476190688e-01 9.047619047619047672e-01 -4.434257292031814571e-04 5.214967548773413730e-02 2.654736430112547910e-02 5.189083021794833883e-03 5.189083021793906673e-03 9.155610074634810969e-02
6.666666666666666297e-01 9.047619047619047672e-01 -6.309658858621995008e-04 5.211174211029207665e-02 2.653372002650136730e-02 7.242871807081334608e-03 7.242871807073465035e-03 9.292110567849644343e-02
7.142857142857143016e-01 9.047619047619047672e-01 -8.327106350152831560e-04 5.205447171085991059e-02 2.614496394657227912e-02 9.306934841780663617e-03 9.306934841773669212e-03 9.527093481015652676e-02
7.619047619047618625e-01 9.047619047619047672e-01 -1.058804584258447824e-03 5.197128207359447832e-02 2.531717867104123221e-02 1.138658917493331514e-02 1.138658917492965661e-02 9.826924423542957032e-02
8.095238095238095344e-01 9.047619047619047672e-01 -1.325877769760715934e-03 5.185208640664817209e-02 2.367457665871280578e-02 1.349341257295807138e-02 1.349341257295711034e-02 1.028550423723938873e-01
8.571428571428570953e-01 9.047619047619047672e-01 -1.659200320014195479e-03 5.167730677132031242e-02 2.001057104314150903e-02 1.530467451225249464e-02 1.530467451225249118e-02 1.085976512898044755e-01
9.047619047619047672e-01 9.047619047619047672e-01 -2.099271658222694008e-03 5.140483252163222105e-02 1.485602820181847541e-02 1.578812895540083333e-02 1.578812895540082986e-02 1.159634286783131907e-01
9.523809523809523281e-01 9.047619047619047672e-01 -2.695708243592006594e-03 5.092720750865557811e-02 3.974715371673395378e-03 1.119489345998366317e-02 1.119489345998366664e-02 1.245432151412716459e-01
1.000000000000000000e+00 9.047619047619047672e-01 -3.410320514562329916e-03 5.006814666939937708e-02 -1.945073106337127976e-03 -1.173406263476178693e-03 -1.173406263476179127e-03 1.125839666760377195e-01
0.000000000000000000e+00 9.523809523809523281e-01 2.177313690756933155e-03 5.180214256527472527e-02 8.564796453088351731e-04 2.901291835755338486e-03 2.901291835755338052e-03 1.183673337755700300e-01
4.761904761904761640e-02 9.523809523809523281e-01 1.466179420847503728e-03 5.268521719309080670e-02 1.522610912190753771e-02 -2.509911357108493210e-02 -2.509911357108493210e-02 1.305301030395828732e-01
9.523809523809523281e-02 9.523809523809523281e-01 1.055934558459610930e-03 5.294846517418173165e-02 2.804175235718899331e-02 -2.333786157723260341e-02 -2.333786157723259300e-02 1.161648764081844726e-01
1.428571428571428492e-01 9.523809523809523281e-01 8.095793538336584945e-04 5.307009374767608645e-02 3.161158741318220028e-02 -1.882422149265233421e-02 -1.882422149265233768e-02 1.058197765366482579e-01
1.904761904761904656e-01 9.523809523809523281e-01 6.390494907729695048e-04 5.314343445734980020e-02 3.256559526632563095e-02 -1.506508676104950477e-02 -1.506508676104950824e-02 1.002022744840908863e-01
2.380952380952380820e-01 9.523809523809523281e-01 5.061838737430331137e-04 5.319473757707147976e-02 3.295825267801484604e-02 -1.208522938648846912e-02 -1.208522938648846912e-02 9.584913830886267194e-02
2.857142857142856984e-01 9.523809523809523281e-01 3.962584564631853649e-04 5.323095281176727644e-02 3.273671756187632176e-02 -9.512167519445013236e-03 -9.512167519445013236e-03 9.304241769540563811e-02
3.333333333333333148e-01 9.523809523809523281e-01 2.993574975856997896e-04 5.325669808993359344e-02 3.265800175103864694e-02 -7.237681463637755941e-03 -7.237681463637754206e-03 9.080723379250814353e-02
3.809523809523809312e-01 9.523809523809523281e-01 2.101025327784303840e-04 5.327395632064771402e-02 3.229222938270071008e-02 -5.094806792057128553e-03 -5.094806792057129420e-03 8.948704010475801163e-02
4.285714285714285476e-01 9.523809523809523281e-01 1.248182797436137546e-04 5.328471012689871972e-02 3.222923664066670857e-02 -3.037312059514087146e-03 -3.037312059514087146e-03 8.850794207378483158e-02
4.761904761904761640e-01 9.523809523809523281e-01 4.147987270250720436e-05 5.328974626452118862e-02 3.200822995889939654e-02 -1.009558538434219546e-03 -1.009558538434219980e-03 8.817092339893423114e-02
5.238095238095238360e-01 9.523809523809523281e-01 -4.128700268739705741e-05 5.328984323999415990e-02 3.212706571929804106e-02 1.006741919020463913e-03 1.006741919020456757e-03 8.808522437946693373e-02
5.714285714285713969e-01 9.523809523809523281e-01 -1.245665183450145612e-04 5.328476268598308224e-02 3.211201017307071387e-02 3.030253542413219488e-03 3.030253542413205176e-03 8.858765344599939251e-02
6.190476190476190688e-01 9.523809523809523281e-01 -2.096551479708203545e-04 5.327422454892120907e-02 3.242747255786353894e-02 5.090647617342825525e-03 5.090647617343014610e-03 8.937094569966645696e-02
6.666666666666666297e-01 9.523809523809523281e-01 -2.987332690244512358e-04 5.325688635414756178e-02 3.253614904950686421e-02 7.215834562466018169e-03 7.215834562467522174e-03 9.090421181550660534e-02
7.142857142857143016e-01 9.523809523809523281e-01 -3.950933339242370637e-04 5.323144250535628147e-02 3.289817431658780683e-02 9.504576481437399318e-03 9.504576481450291783e-03 9.287094706131947264e-02
7.619047619047618625e-01 9.523809523809523281e-01 -5.047046927232983447e-04 5.319503841784144899e-02 3.285291631003472296e-02 1.202910846484325780e-02 1.202910846483841618e-02 9.599240721524368580e-02
8.095238095238095344e-01 9.523809523809523281e-01 -6.361646065900252150e-04 5.314438916188656686e-02 3.275068056389583704e-02 1.506569264806365861e-02 1.506569264806426056e-02 9.989882079917125624e-02
8.571428571428570953e-01 9.523809523809523281e-01 -8.067072447057249077e-04 5.307004310846690637e-02 3.159300451002477333e-02 1.871617747907070722e-02 1.871617747907073845e-02 1.061518338214149093e-01
9.047619047619047672e-01 9.523809523809523281e-01 -1.045522060166963760e-03 5.295072383201514937e-02 2.842632047109743335e-02 2.361355948980323888e-02 2.361355948980325622e-02 1.146106845169960753e-01
9.523809523809523281e-01 9.523809523809523281e-01 -1.443251151723536074e-03 5.269410934853412110e-02 1.844672924689163759e-02 2.570810409710393152e-02 2.570810409710392458e-02 1.277636245266766390e-01
1.000000000000000000e+00 9.523809523809523281e-01 -2.185285419029887096e-03 5.179115159352519482e-02 -1.088777988249823268e-02 1.986426102138953449e-03 1.986426102138951714e-03 1.412522326971196729e-01
0.000000000000000000e+00 1.000000000000000000e+00 -1.263220618330846158e-20 5.433500000000000135e-02 5.731820006264316814e-02 -5.433680275559443773e-02 -5.433680275559444467e-02 2.140369027994932782e-01
4.761904761904761640e-02 1.000000000000000000e+00 -1.918276049394740802e-20 5.433500000000000135e-02 4.892257869171493662e-02 -3.401898027663641244e-02 -3.401898027663641244e-02 1.315411476994778062e-01
9.523809523809523281e-02 1.000000000000000000e+00 -4.415015491310618759e-15 5.433500000000000135e-02 4.532277172409412969e-02 -2.281224431259005689e-02 -2.281224431259019567e-02 1.074812473094003823e-01
1.428571428571428492e-01 1.000000000000000000e+00 -1.672274708931311845e-20 5.433500000000000135e-02 4.336062432519170728e-02 -1.829991318347334861e-02 -1.829991318347336249e-02 1.014373826826987790e-01
1.904761904761904656e-01 1.000000000000000000e+00 1.883224682367768409e-20 5.433500000000000135e-02 4.145444358671829949e-02 -1.431120940425018376e-02 -1.431120940425018202e-02 9.643375884380837870e-02
2.380952380952380820e-01 1.000000000000000000e+00 -1.073170431974357788e-20 5.433500000000000135e-02 3.996248641334126245e-02 -1.144854362899308704e-02 -1.144854362899308704e-02 9.322297424053210824e-02
2.857142857142856984e-01 1.000000000000000000e+00 3.595151192491274579e-20 5.433500000000000135e-02 3.890194540849512689e-02 -8.912042304177979907e-03 -8.912042304177978172e-03 9.048956773977381851e-02
3.333333333333333148e-01 1.000000000000000000e+00 -8.912183171042636645e-21 5.433500000000000135e-02 3.805175141048149773e-02 -6.771787498921585935e-03 -6.771787498921584200e-03 8.876256450839117851e-02
3.809523809523809312e-01 1.000000000000000000e+00 2.233006514200241581e-15 5.433500000000000135e-02 3.753138224211537838e-02 -4.741876033407982881e-03 -4.741876033407982881e-03 8.733469243822490624e-02
4.285714285714285476e-01 1.000000000000000000e+00 -1.619499590573754855e-20 5.433500000000000135e-02 3.713314830851705689e-02 -2.827401436563349059e-03 -2.827401436563370743e-03 8.662356234872731209e-02
4.761904761904761640e-01 1.000000000000000000e+00 -2.204606908960282616e-16 5.433500000000000135e-02 3.700324836219635177e-02 -9.379917673779866738e-04 -9.379917673779775665e-04 8.612505605824485877e-02
5.238095238095238360e-01 1.000000000000000000e+00 3.366801498035987471e-21 5.433500000000000135e-02 3.696035484862721793e-02 9.358082830837842741e-04 9.358082830837982603e-04 8.622131246406730676e-02
5.714285714285713969e-01 1.000000000000000000e+00 1.460525233501317792e-14 5.433500000000000135e-02 3.717299761296153499e-02 2.815566110312546239e-03 2.815566110312651624e-03 8.651282728066003735e-02
6.190476190476190688e-01 1.000000000000000000e+00 8.121061385299922166e-21 5.433500000000000135e-02 3.748418292694855741e-02 4.745252481644568997e-03 4.745252481643370303e-03 8.744070898535029335e-02
6.666666666666666297e-01 1.000000000000000000e+00 -8.709013852900476106e-21 5.433500000000000135e-02 3.808949229858229341e-02 6.729508365890311469e-03 6.729508365884906071e-03 8.861577000975620622e-02
7.142857142857143016e-01 1.000000000000000000e+00 1.362697716725927768e-20 5.433500000000000135e-02 3.885272968160582985e-02 8.931634837798867535e-03 8.931634837801254514e-03 9.062893506872850280e-02
7.619047619047618625e-01 1.000000000000000000e+00 2.943876987888416447e-16 5.433500000000000135e-02 3.999522997757846976e-02 1.133168390702876845e-02 1.133168390703005908e-02 9.301186051031051782e-02
8.095238095238095344e-01 1.000000000000000000e+00 2.142272762633993203e-20 5.433500000000000135e-02 4.142509470922705467e-02 1.439620686157995835e-02 1.439620686158002427e-02 9.667066332909900195e-02
8.571428571428570953e-01 1.000000000000000000e+00 1.148864125697550791e-15 5.433500000000000135e-02 4.332894511077418909e-02 1.809367279021635577e-02 1.809367279021643557e-02 1.009407277090653560e-01
9.047619047619047672e-01 1.000000000000000000e+00 3.642930421272954072e-20 5.433500000000000135e-02 4.598440041302260389e-02 2.400076060975260897e-02 2.400076060975261591e-02 1.086597639494379652e-01
9.523809523809523281e-01 1.000000000000000000e+00 -4.021609780235071448e-20 5.433500000000000135e-02 4.984077375809636140e-02 3.500345148901405634e-02 3.500345148901405634e-02 1.204258766947264025e-01
1.000000000000000000e+00 1.000000000000000000e+00 9.997424380463305932e-20 5.433499999999998747e-02 1.173292937766142741e-01 7.486765300727574179e-02 7.486765300727574179e-02 2.518083729596308773e-01
