0.000000000000000000e+00 0.000000000000000000e+00 -4.689103979583112780e-19 -3.949667183211124842e-19 2.125167882859219926e-01 1.182754655533036631e-01 1.182754655533036631e-01 3.620225490510529109e-01
4.761904761904761640e-02 0.000000000000000000e+00 -4.200827274836547320e-17 -3.449094793736079527e-19 7.336938069867821044e-02 5.967304061823822114e-02 5.967304061823822114e-02 1.406362854004955254e-01
9.523809523809523281e-02 0.000000000000000000e+00 -2.882179556546420163e-19 -1.949258264967714231e-19 7.010568003811283588e-02 4.513152709478598923e-02 4.513152709478600311e-02 1.320797107497632406e-01
1.428571428571428492e-01 0.000000000000000000e+00 -2.798041661649658324e-19 -2.318905707925100526e-19 6.937954330059614705e-02 3.743566384200831126e-02 3.743566384200841535e-02 1.283936246567915218e-01
1.904761904761904656e-01 0.000000000000000000e+00 -1.918781447950747189e-19 -1.694371200646300223e-19 6.988280771720571660e-02 3.169085762275485746e-02 3.169085762275487134e-02 1.297981167272494740e-01
2.380952380952380820e-01 0.000000000000000000e+00 -1.920286403466016980e-19 -2.287928353144873329e-19 7.081840322710003521e-02 2.627271248512484322e-02 2.627271248512484322e-02 1.314879506174638779e-01
2.857142857142856984e-01 0.000000000000000000e+00 -1.320857739167070999e-19 -1.715616373464437993e-19 7.188189701092752293e-02 2.123879224425754414e-02 2.123879224425754414e-02 1.334987835141538959e-01
3.333333333333333148e-01 0.000000000000000000e+00 -1.273687800511976057e-19 -1.718866634476114758e-19 7.281168529650119958e-02 1.629630015626497633e-02 1.629630015626497633e-02 1.354445583807239728e-01
3.809523809523809312e-01 0.000000000000000000e+00 -8.012486360737114835e-20 -1.756879257943132309e-19 7.364388769669287516e-02 1.155338162575650883e-02 1.155338162575650883e-02 1.367878989856745053e-01
4.285714285714285476e-01 0.000000000000000000e+00 -4.304324208915315545e-20 -2.769689529922992996e-19 7.412470765970825826e-02 6.868139124829688788e-03 6.868139124829688788e-03 1.379565677477319618e-01
4.761904761904761640e-01 0.000000000000000000e+00 -3.167274370972925583e-20 -1.783060592508632079e-19 7.446272920007522556e-02 2.270472778399962050e-03 2.270472778399962050e-03 1.383132885698470094e-01
5.238095238095238360e-01 0.000000000000000000e+00 -2.764321370272771210e-20 -1.783504872414811393e-19 7.439796401483385335e-02 -2.315245691968653881e-03 -2.315245691968654748e-03 1.384741132195610458e-01
5.714285714285713969e-01 0.000000000000000000e+00 1.546726784582418606e-20 -1.787570461379218763e-19 7.418588839699996607e-02 -6.933195515418263261e-03 -6.933195515418263261e-03 1.377978119496470200e-01
6.190476190476190688e-01 0.000000000000000000e+00 1.941201953858970126e-20 -1.786003644668414759e-19 7.358539546810240195e-02 -1.158971364760750730e-02 -1.158971364760750730e-02 1.369315056497323879e-01
6.666666666666666297e-01 0.000000000000000000e+00 8.452533069169737903e-20 -1.753482615167311386e-19 7.285611266646435658e-02 -1.639612287023576795e-02 -1.639612287023576795e-02 1.353186850951037801e-01
7.142857142857143016e-01 0.000000000000000000e+00 1.382241540563921237e-19 -2.324601508492220898e-19 7.184958241925518130e-02 -2.127997551039571139e-02 -2.127997551039571139e-02 1.335682478740639889e-01
7.619047619047618625e-01 0.000000000000000000e+00 1.143588808708963335e-19 -1.733565448892995970e-19 7.081847606892345548e-02 -2.644111551955490372e-02 -2.644111551955490372e-02 1.315144128763423292e-01
8.095238095238095344e-01 0.000000000000000000e+00 2.124150990707408935e-19 -2.279195150303811070e-19 6.989482832932795986e-02 -3.170321734453897949e-02 -3.170321734453897949e-02 1.295566862862209678e-01
8.571428571428570953e-01 0.000000000000000000e+00 1.718321244151703907e-19 -1.702770019968780076e-19 6.941100346386080977e-02 -3.765547963729905245e-02 -3.765547963729905245e-02 1.291952573585667952e-01
9.047619047619047672e-01 0.000000000000000000e+00 3.099616317407060233e-19 -2.372002757548922271e-19 6.908917749334364533e-02 -4.337198434041561468e-02 -4.337198434041560774e-02 1.295969937337413391e-01
9.523809523809523281e-01 0.000000000000000000e+00 2.431824601017578802e-19 -1.842289544595131593e-19 7.295623240335137594e-02 -5.811948132907232556e-02 -5.811948132907232556e-02 1.607345690283107642e-01
1.000000000000000000e+00 0.000000000000000000e+00 2.238146043161131921e-19 -1.480426180542359155e-19 9.671113332513442407e-02 -8.659400609915086922e-02 -8.659400609915086922e-02 2.921742764014736982e-01
0.000000000000000000e+00 4.761904761904761640e-02 1.063814515983332008e-02 9.352520071212873723e-03 -1.760388467284675421e-02 5.092448130863298783e-03 5.092448130863301385e-03 1.690908147842715148e-01
4.761904761904761640e-02 4.761904761904761640e-02 7.461054311755184985e-03 5.255394876544923488e-03 2.869239978860739504e-02 4.565090483740681659e-02 4.565090483740682353e-02 1.523992470638443619e-01
9.523809523809523281e-02 4.761904761904761640e-02 5.804367815834259904e-03 4.381382415199210588e-03 4.586695746527834350e-02 4.352465756319436052e-02 4.352465756319435358e-02 1.400028336178951727e-01
1.428571428571428492e-01 4.761904761904761640e-02 4.782278134107667729e-03 4.167763867102208288e-03 5.167121517090200039e-02 3.622369782326536475e-02 3.622369782326519128e-02 1.362121011943573934e-01
1.904761904761904656e-01 4.761904761904761640e-02 3.973683805831429786e-03 4.132383992749154474e-03 5.515345997116861965e-02 3.028778133132081427e-02 3.028778133132081773e-02 1.353725822281209579e-01
2.380952380952380820e-01 4.761904761904761640e-02 3.269664005411889503e-03 4.161123163892486466e-03 5.756202377404704557e-02 2.484885247490495330e-02 2.484885247490496371e-02 1.367770617605542915e-01
2.857142857142856984e-01 4.761904761904761640e-02 2.620163139417148838e-03 4.205868472074241436e-03 5.939952466832191386e-02 1.990315065007530054e-02 1.990315065007530054e-02 1.385007271115585581e-01
3.333333333333333148e-01 4.761904761904761640e-02 2.006274948296595060e-03 4.250253152421020961e-03 6.111689391525935294e-02 1.520665383409744963e-02 1.520665383409744963e-02 1.400688037140275788e-01
3.809523809523809312e-01 4.761904761904761640e-02 1.416072097610568056e-03 4.287159267627569867e-03 6.210118240777617177e-02 1.072977764975147075e-02 1.072977764975147075e-02 1.414968698002644909e-01
4.285714285714285476e-01 4.761904761904761640e-02 8.422264949863162136e-04 4.312363971209810971e-03 6.311382746790522580e-02 6.373003422043787419e-03 6.373003422043789154e-03 1.423097278289346679e-01
4.761904761904761640e-01 4.761904761904761640e-02 2.776805531895052553e-04 4.325703531080156601e-03 6.328769880935534997e-02 2.102225851518939662e-03 2.102225851518940095e-03 1.428934639765028769e-01
5.238095238095238360e-01 4.761904761904761640e-02 -2.838134834672441050e-04 4.325426570931273883e-03 6.351201937616327009e-02 -2.145978334088762939e-03 -2.145978334088718270e-03 1.427785139775574474e-01
5.714285714285713969e-01 4.761904761904761640e-02 -8.486178916997889551e-04 4.312846644718176803e-03 6.287941907783259343e-02 -6.424441973697362675e-03 -6.424441973697360073e-03 1.424253950649150002e-01
6.190476190476190688e-01 4.761904761904761640e-02 -1.423380888642271011e-03 4.287181890314142006e-03 6.229095836289542248e-02 -1.077532594543792813e-02 -1.077532594543792466e-02 1.413966010389431094e-01
6.666666666666666297e-01 4.761904761904761640e-02 -2.014592054534726940e-03 4.251006446533802871e-03 6.089791400885959799e-02 -1.527767010240640468e-02 -1.527767010240640468e-02 1.401664447234475530e-01
7.142857142857143016e-01 4.761904761904761640e-02 -2.630849253538350245e-03 4.206674964913030210e-03 5.948714266584229776e-02 -1.996038949474930602e-02 -1.996038949474930602e-02 1.384660330837308162e-01
7.619047619047618625e-01 4.761904761904761640e-02 -3.282872867031770212e-03 4.162121803530756219e-03 5.742091608531058738e-02 -2.496660552122265120e-02 -2.496660552122265120e-02 1.367719442609405811e-01
8.095238095238095344e-01 4.761904761904761640e-02 -3.993046109898499250e-03 4.135885010952734114e-03 5.497505245626343323e-02 -3.034313827396922097e-02 -3.034313827396922097e-02 1.356399911107055989e-01
8.571428571428570953e-01 4.761904761904761640e-02 -4.803645280643956475e-03 4.166015171763753737e-03 5.175816576021292220e-02 -3.645433998056835795e-02 -3.645433998056835795e-02 1.357104215100478906e-01
9.047619047619047672e-01 4.761904761904761640e-02 -5.868930977285434503e-03 4.394320514100462025e-03 4.470193320777091084e-02 -4.308285254860937802e-02 -4.308285254860937802e-02 1.430028307685739519e-01
9.523809523809523281e-01 4.761904761904761640e-02 -7.587789036860456693e-03 5.300950564826565313e-03 2.452543204469863694e-02 -4.480634218469183028e-02 -4.480634218469183722e-02 1.566009215447149716e-01
1.000000000000000000e+00 4.761904761904761640e-02 -1.062090114502532191e-02 9.334860638233098695e-03 8.425103956638000996e-04 4.298234605168529607e-03 4.298234605168521801e-03 1.311610605371193727e-01
0.000000000000000000e+00 9.523809523809523281e-02 1.650851994679304949e-02 1.481184606663787928e-02 -3.426402681911956422e-03 -1.399936603620649186e-03 -1.399936603620651789e-03 1.159984639291840591e-01
4.761904761904761640e-02 9.523809523809523281e-02 1.366181646091367552e-02 1.112441351163249124e-02 7.038790002900080847e-03 2.221214698862172821e-02 2.221214698862172821e-02 1.451641115779829239e-01
9.523809523809523281e-02 9.523809523809523281e-02 1.115505649489741818e-02 9.549389250349279643e-03 2.466840730701064591e-02 3.070669320663066762e-02 3.070669320663053578e-02 1.417312834970484714e-01
1.428571428571428492e-01 9.523809523809523281e-02 9.212003699552372485e-03 8.989478128187927686e-03 3.347672756562083962e-02 2.982606406246221878e-02 2.982606406246222572e-02 1.403055686884573661e-01
1.904761904761904656e-01 9.523809523809523281e-02 7.624319332513081367e-03 8.829732723696592095e-03 4.056037318443760087e-02 2.623955958392319016e-02 2.623955958392319016e-02 1.405136599438513711e-01
2.380952380952380820e-01 9.523809523809523281e-02 6.239711719395097528e-03 8.828062879127568721e-03 4.458962611012283472e-02 2.195950058903848798e-02 2.195950058903853655e-02 1.415504392853556004e-01
2.857142857142856984e-01 9.523809523809523281e-02 4.980648313008991836e-03 8.880997639450509754e-03 4.803088687137813118e-02 1.768020186905091759e-02 1.768020186905087249e-02 1.429949812256696151e-01
3.333333333333333148e-01 9.523809523809523281e-02 3.802207811401338636e-03 8.945239043831943945e-03 5.012824788911859203e-02 1.353047653561748054e-02 1.353047653561748054e-02 1.445061960648926780e-01
3.809523809523809312e-01 9.523809523809523281e-02 2.678650534024399656e-03 9.001599255459175400e-03 5.207961743724433962e-02 9.538060924811010005e-03 9.538060924811032557e-03 1.455731944192845129e-01
4.285714285714285476e-01 9.523809523809523281e-02 1.591147253576142076e-03 9.041960584062220391e-03 5.293727601550012041e-02 5.664254578496350293e-03 5.664254578496350293e-03 1.465067193494125897e-01
4.761904761904761640e-01 9.523809523809523281e-02 5.243453697969894254e-04 9.062789314719817829e-03 5.373873501273633557e-02 1.868312175209390844e-03 1.868312175209391277e-03 1.468022218773564203e-01
5.238095238095238360e-01 9.523809523809523281e-02 -5.358661855924552178e-04 9.063039650481934106e-03 5.347845747322776955e-02 -1.902818265523474866e-03 -1.902818265523474649e-03 1.469264993536203157e-01
5.714285714285713969e-01 9.523809523809523281e-02 -1.603279701474309184e-03 9.042614388284605023e-03 5.317119766766346955e-02 -5.700993664989802492e-03 -5.700993664989788615e-03 1.463917245754038088e-01
6.190476190476190688e-01 9.523809523809523281e-02 -2.692070516376602468e-03 9.002909939000774617e-03 5.179091292093671028e-02 -9.574235855796454919e-03 -9.574235855796454919e-03 1.456966270490446802e-01
6.666666666666666297e-01 9.523809523809523281e-02 -3.817864576907983431e-03 8.947306475548390953e-03 5.032514691083769115e-02 -1.357323971756847596e-02 -1.357323971756846381e-02 1.444243626385835477e-01
7.142857142857143016e-01 9.523809523809523281e-02 -4.999463511047649508e-03 8.884352546358352531e-03 4.768443637627291232e-02 -1.771939449998996899e-02 -1.771939449998996899e-02 1.430849789372720116e-01
7.619047619047618625e-01 9.523809523809523281e-02 -6.264274656547251692e-03 8.833241539459921535e-03 4.474922251767500525e-02 -2.201146737860519217e-02 -2.201146737860516442e-02 1.415958706423091351e-01
8.095238095238095344e-01 9.523809523809523281e-02 -7.655392377056456817e-03 8.838627134668387494e-03 3.993635626400484501e-02 -2.624367966915594833e-02 -2.624367966915594833e-02 1.404550863954562023e-01
8.571428571428570953e-01 9.523809523809523281e-02 -9.259903611179100269e-03 9.003059579309961868e-03 3.391918665549958911e-02 -2.984447895495076844e-02 -2.984447895495075456e-02 1.406057897500516130e-01
9.047619047619047672e-01 9.523809523809523281e-02 -1.122906318928371810e-02 9.584267280327962713e-03 2.180248864790450963e-02 -3.023510702943212752e-02 -3.023510702943213793e-02 1.417550615078533027e-01
9.523809523809523281e-01 9.523809523809523281e-02 -1.373678605725430803e-02 1.118216447378869369e-02 1.035272125380825615e-02 -2.190806091246185611e-02 -2.190806091246185611e-02 1.391974750481858591e-01
1.000000000000000000e+00 9.523809523809523281e-02 -1.665107290875660756e-02 1.489618438285637662e-02 -6.459966443452069482e-03 3.815929084994806354e-03 3.815929084994724389e-03 1.159736992221007817e-01
0.000000000000000000e+00 1.428571428571428492e-01 2.059435718304013577e-02 1.939795918464384816e-02 -1.667176212294745833e-03 -6.274680158801506594e-04 -6.274680158801610678e-04 1.061106274000728905e-01
4.761904761904761640e-02 1.428571428571428492e-01 1.798407312686456719e-02 1.660779378834562059e-02 3.171341971281534632e-03 1.054396656805658972e-02 1.054396656805629134e-02 1.270790691212962398e-01
9.523809523809523281e-02 1.428571428571428492e-01 1.529854076814709217e-02 1.500330191394057613e-02 1.141765717777890911e-02 1.892810956337847086e-02 1.892810956337846739e-02 1.384729688241185530e-01
1.428571428571428492e-01 1.428571428571428492e-01 1.285918543874041767e-02 1.426922623521126310e-02 2.158817437343680742e-02 2.141057911138678771e-02 2.141057911138677383e-02 1.412038249847220039e-01
1.904761904761904656e-01 1.428571428571428492e-01 1.070215766319286901e-02 1.399584840199411505e-02 2.806750685389853422e-02 2.029495706071303071e-02 2.029495706071303071e-02 1.435480741488857348e-01
2.380952380952380820e-01 1.428571428571428492e-01 8.765972510088222008e-03 1.393950009096663056e-02 3.408153897541680438e-02 1.769451455944919677e-02 1.769451455944921064e-02 1.451529512548823675e-01
2.857142857142856984e-01 1.428571428571428492e-01 6.990005256918948445e-03 1.397294028250434250e-02 3.779484352817785719e-02 1.451062136334044586e-02 1.451062136334044586e-02 1.468465470291567543e-01
3.333333333333333148e-01 1.428571428571428492e-01 5.329713332199725873e-03 1.403382598236069950e-02 4.120453380769735496e-02 1.121296680345486296e-02 1.121296680345486296e-02 1.480986015522676724e-01
3.809523809523809312e-01 1.428571428571428492e-01 3.750662428043134451e-03 1.409306503615044212e-02 4.308212146000430648e-02 7.934942930998953661e-03 7.934942930998953661e-03 1.492895645594434217e-01
4.285714285714285476e-01 1.428571428571428492e-01 2.226368973658689968e-03 1.413713866576141870e-02 4.479975360094664433e-02 4.723310517618851956e-03 4.723310517618852823e-03 1.499029946322976703e-01
4.761904761904761640e-01 1.428571428571428492e-01 7.335067037180086503e-04 1.416049354269764346e-02 4.520357158568445027e-02 1.561217382704378331e-03 1.561217382704378331e-03 1.503971257158014663e-01
5.238095238095238360e-01 1.428571428571428492e-01 -7.492496845908045182e-04 1.416089985827487761e-02 4.548497694620216164e-02 -1.581694765863450591e-03 -1.581694765863450591e-03 1.502769023036273632e-01
5.714285714285713969e-01 1.428571428571428492e-01 -2.242813982576477832e-03 1.413859652181778670e-02 4.448169025988545078e-02 -4.742414103073980258e-03 -4.742414103073980258e-03 1.500300059017222187e-01
6.190476190476190688e-01 1.428571428571428492e-01 -3.768741661295208628e-03 1.409560691627837967e-02 4.334409267511490915e-02 -7.954329224870569648e-03 -7.954329224870569648e-03 1.491793106458010054e-01
6.666666666666666297e-01 1.428571428571428492e-01 -5.350136426913080535e-03 1.403802580521388253e-02 4.081256228353859206e-02 -1.122438273037476564e-02 -1.122438273037477084e-02 1.482297055800493590e-01
7.142857142857143016e-01 1.428571428571428492e-01 -7.014463173014303700e-03 1.397929117364538412e-02 3.806569627544071494e-02 -1.452324682465119463e-02 -1.452324682465119116e-02 1.467566487895282656e-01
7.619047619047618625e-01 1.428571428571428492e-01 -8.795249917848834906e-03 1.394936609117119336e-02 3.349377054424573785e-02 -1.766788682648180384e-02 -1.766788682648180731e-02 1.452896540098908840e-01
8.095238095238095344e-01 1.428571428571428492e-01 -1.073939354416491611e-02 1.401101944561569147e-02 2.849260481402446019e-02 -2.027078940235993096e-02 -2.027078940235993096e-02 1.434080655101604984e-01
8.571428571428570953e-01 1.428571428571428492e-01 -1.290676219559935660e-02 1.429310395456981353e-02 2.039983355484980762e-02 -2.121928145684763567e-02 -2.121928145684764955e-02 1.415439522207064815e-01
9.047619047619047672e-01 1.428571428571428492e-01 -1.534882720709099257e-02 1.504406352030781928e-02 1.248261155598506464e-02 -1.869742492310870127e-02 -1.869742492310870474e-02 1.368737044887516907e-01
9.523809523809523281e-01 1.428571428571428492e-01 -1.802939312251460729e-02 1.665090459406425374e-02 2.320126128661402325e-03 -1.052318127491964385e-02 -1.052318127491962824e-02 1.287664386796776028e-01
1.000000000000000000e+00 1.428571428571428492e-01 -2.061988813496992007e-02 1.943115695998310494e-02 -6.180572235620331251e-04 8.025025809882189824e-04 8.025025809864568286e-04 1.035241263581291732e-01
0.000000000000000000e+00 1.904761904761904656e-01 2.332073159769896403e-02 2.361432664078291083e-02 -1.611382727630416873e-04 -3.077655275636286252e-04 -3.077655275636902621e-04 9.808160533032390938e-02
4.761904761904761640e-02 1.904761904761904656e-01 2.088208127519706331e-02 2.170188716225692274e-02 1.194152283622779533e-03 5.491232785422940632e-03 5.491232785423000480e-03 1.202772842402610176e-01
9.523809523809523281e-02 1.904761904761904656e-01 1.820044637482969019e-02 2.044449739626393037e-02 6.981881424357060453e-03 1.092053303211508279e-02 1.092053303211507065e-02 1.324403622828755900e-01
1.428571428571428492e-01 1.904761904761904656e-01 1.554712916503781135e-02 1.976969539134938031e-02 1.312851229105978235e-02 1.370157854147893185e-02 1.370157854147892665e-02 1.407334392060473061e-01
1.904761904761904656e-01 1.904761904761904656e-01 1.304665512820439577e-02 1.947632134541472590e-02 2.040122502110469985e-02 1.396754221915083409e-02 1.396754221915083409e-02 1.445612378876512394e-01
2.380952380952380820e-01 1.904761904761904656e-01 1.072526344141594597e-02 1.938871764808330553e-02 2.551836397792676958e-02 1.268679399562601742e-02 1.268679399562602089e-02 1.476454547073591250e-01
2.857142857142856984e-01 1.904761904761904656e-01 8.563495326686295164e-03 1.939848319820885666e-02 3.054569859279980190e-02 1.068912616590212902e-02 1.068912616590212902e-02 1.494386939924820523e-01
3.333333333333333148e-01 1.904761904761904656e-01 6.530631243527198690e-03 1.944428254091682198e-02 3.365404492474018822e-02 8.375966303242854752e-03 8.375966303242854752e-03 1.510688801084193456e-01
3.809523809523809312e-01 1.904761904761904656e-01 4.595216430249908675e-03 1.949453193316372582e-02 3.656193859795635326e-02 5.980967994171739952e-03 5.980967994171738217e-03 1.519966107574541869e-01
4.285714285714285476e-01 1.904761904761904656e-01 2.727145536901155309e-03 1.953387557193269827e-02 3.787852546263281023e-02 3.576173695494165496e-03 3.576173695494166364e-03 1.528250149185322315e-01
4.761904761904761640e-01 1.904761904761904656e-01 8.986434811717127933e-04 1.955515942874088212e-02 3.901559986459026547e-02 1.188186933842844562e-03 1.188186933842844129e-03 1.530467400235409614e-01
5.238095238095238360e-01 1.904761904761904656e-01 -9.170832342019748316e-04 1.955588460408029181e-02 3.868633924533891599e-02 -1.192100129099662141e-03 -1.192100129099662358e-03 1.531722462357938963e-01
5.714285714285713969e-01 1.904761904761904656e-01 -2.746350202416895144e-03 1.953599550467880960e-02 3.818347406698447549e-02 -3.579220775958664221e-03 -3.579220775958665522e-03 1.527016124193182611e-01
6.190476190476190688e-01 1.904761904761904656e-01 -4.615823412022427262e-03 1.949843577443536452e-02 3.617207258535064945e-02 -5.977159370093874068e-03 -5.977159370093874068e-03 1.521345321537769801e-01
6.666666666666666297e-01 1.904761904761904656e-01 -6.553677100748397412e-03 1.945032614048671643e-02 3.396967394628327974e-02 -8.369599915713524241e-03 -8.369599915713524241e-03 1.509310268217534112e-01
7.142857142857143016e-01 1.904761904761904656e-01 -8.589596733671189463e-03 1.940747896819551219e-02 3.003302798318057548e-02 -1.065836537067565634e-02 -1.065836537067565634e-02 1.496133894914562223e-01
7.619047619047618625e-01 1.904761904761904656e-01 -1.075553251482264973e-02 1.940187368253808511e-02 2.591084526276140471e-02 -1.265225086795391737e-02 -1.265225086795391737e-02 1.474151634648043496e-01
8.095238095238095344e-01 1.904761904761904656e-01 -1.308187495039900457e-02 1.949458825052178754e-02 1.967415229554811754e-02 -1.386802005280664100e-02 -1.386802005280664621e-02 1.448856857812025334e-01
8.571428571428570953e-01 1.904761904761904656e-01 -1.558495876319979448e-02 1.979631454113568029e-02 1.371219309450565429e-02 -1.358929853235481960e-02 -1.358929853235480920e-02 1.400134468408595900e-01
9.047619047619047672e-01 1.904761904761904656e-01 -1.824003032138344152e-02 2.047525033219589966e-02 6.251590349991773855e-03 -1.083017635257470419e-02 -1.083017635257471113e-02 1.333349238079818699e-01
9.523809523809523281e-01 1.904761904761904656e-01 -2.092063855171808623e-02 2.173172903298077954e-02 1.442770497542053467e-03 -5.344369565688631210e-03 -5.344369565688612128e-03 1.188523938258883722e-01
1.000000000000000000e+00 1.904761904761904656e-01 -2.336427026321790876e-02 2.363607651046052693e-02 -6.222958224792455488e-04 3.284963083103251396e-04 3.284963083103377706e-04 9.894857361099483606e-02
0.000000000000000000e+00 2.380952380952380820e-01 2.503109222502677284e-02 2.764714199934917988e-02 -3.838363753214981940e-04 -1.407732745998934310e-04 -1.407732745998907747e-04 9.569379043995442091e-02
4.761904761904761640e-02 2.380952380952380820e-01 2.266845886621135508e-02 2.655625336711685963e-02 8.803369327601975403e-04 2.666708936981634914e-03 2.666708936981637950e-03 1.146919528564850632e-01
9.523809523809523281e-02 2.380952380952380820e-01 2.001391064300984957e-02 2.579424920337455157e-02 4.041627472723687345e-03 5.603262923290921495e-03 5.603262923290898076e-03 1.300616836442547997e-01
1.428571428571428492e-01 2.380952380952380820e-01 1.727554433566642900e-02 2.534793875988119310e-02 9.736131575299858398e-03 7.434526072429828089e-03 7.434526072429796864e-03 1.387634089289827288e-01
1.904761904761904656e-01 2.380952380952380820e-01 1.459910931689281828e-02 2.513261243703740488e-02 1.496828297500410292e-02 7.984040492318607296e-03 7.984040492318603827e-03 1.452251124386967629e-01
2.380952380952380820e-01 2.380952380952380820e-01 1.204989566308355478e-02 2.505898915129982710e-02 2.090422961443910710e-02 7.569453130825697790e-03 7.569453130825699524e-03 1.485943662982696922e-01
2.857142857142856984e-01 2.380952380952380820e-01 9.642165576851430622e-03 2.505872858597404246e-02 2.505386636982599724e-02 6.558420947959739920e-03 6.558420947959741655e-03 1.513117961669196709e-01
3.333333333333333148e-01 2.380952380952380820e-01 7.361427904633704132e-03 2.508941826467337571e-02 2.915922676007869432e-02 5.249494649145189373e-03 5.249494649145189373e-03 1.527937626897007406e-01
3.809523809523809312e-01 2.380952380952380820e-01 5.182501614545627008e-03 2.512628402121279067e-02 3.148830751598005739e-02 3.795737364814094281e-03 3.795737364814093847e-03 1.540821477794953875e-01
4.285714285714285476e-01 2.380952380952380820e-01 3.076635156557890657e-03 2.515625791034628578e-02 3.363359462889609769e-02 2.290588314263344166e-03 2.290588314263344166e-03 1.546547509934468323e-01
4.761904761904761640e-01 2.380952380952380820e-01 1.014260239678931117e-03 2.517295787696439968e-02 3.416529515183772125e-02 7.678809995875949613e-04 7.678809995875957202e-04 1.551284962861616823e-01
5.238095238095238360e-01 2.380952380952380820e-01 -1.033834487006380070e-03 2.517383586415351815e-02 3.450049726183223447e-02 -7.566858843265331135e-04 -7.566858843265334388e-04 1.550018545172385520e-01
5.714285714285713969e-01 2.380952380952380820e-01 -3.096784315944573450e-03 2.515901342707969890e-02 3.325938381107136632e-02 -2.276146166425838113e-03 -2.276146166425842450e-03 1.547866183121228700e-01
6.190476190476190688e-01 2.380952380952380820e-01 -5.203919727676297249e-03 2.513113850575937960e-02 3.182413211956047761e-02 -3.777881896338649431e-03 -3.777881896338649431e-03 1.539365505219831565e-01
6.666666666666666297e-01 2.380952380952380820e-01 -7.384572723341262593e-03 2.509679391146745972e-02 2.870293974039612311e-02 -5.219058286918564805e-03 -5.219058286918570877e-03 1.529579679025690198e-01
7.142857142857143016e-01 2.380952380952380820e-01 -9.667576853439333734e-03 2.506932283441701964e-02 2.543691202172129046e-02 -6.521075548922780803e-03 -6.521075548922781670e-03 1.510850944044935806e-01
7.619047619047618625e-01 2.380952380952380820e-01 -1.207800866652507590e-02 2.507329793967244883e-02 2.033121365291792187e-02 -7.504654277919905331e-03 -7.504654277919914004e-03 1.488657592365249804e-01
8.095238095238095344e-01 2.380952380952380820e-01 -1.462888678687260594e-02 2.515187160584043610e-02 1.543420213223596626e-02 -7.910633924341650344e-03 -7.910633924341650344e-03 1.447259411165491838e-01
8.571428571428570953e-01 2.380952380952380820e-01 -1.730721301193154094e-02 2.537108133132141841e-02 9.149281851203804050e-03 -7.348642997110741044e-03 -7.348642997110741044e-03 1.393216253102226576e-01
9.047619047619047672e-01 2.380952380952380820e-01 -2.004431463033974278e-02 2.582036697606071227e-02 4.419250364627004372e-03 -5.513776626647023948e-03 -5.513776626647023081e-03 1.290464230743859630e-01
9.523809523809523281e-01 2.380952380952380820e-01 -2.269577459617177703e-02 2.658177669923087599e-02 6.928647443132625663e-04 -2.651349193019808363e-03 -2.651349193019807930e-03 1.153351484304734886e-01
1.000000000000000000e+00 2.380952380952380820e-01 -2.505015477327979245e-02 2.766677200969686404e-02 -5.826679337070093029e-05 1.329231146072241704e-04 1.329231146072272333e-04 9.492342859929360499e-02
0.000000000000000000e+00 2.857142857142856984e-01 2.580897809334728454e-02 3.159038399268516983e-02 -4.438383110198376800e-05 -3.122225833929117585e-06 -3.122225833929117585e-06 9.362725788625692047e-02
4.761904761904761640e-02 2.857142857142856984e-01 2.348719144818808835e-02 3.129196550574795538e-02 5.087720542881871187e-04 8.085848217424010083e-04 8.085848217424006831e-04 1.135207890553404930e-01
9.523809523809523281e-02 2.857142857142856984e-01 2.085213654735645211e-02 3.107708360505681555e-02 3.633542617588173766e-03 1.521454816863961014e-03 1.521454816863962098e-03 1.276544271594552971e-01
1.428571428571428492e-01 2.857142857142856984e-01 1.809426925777828099e-02 3.093865372271132133e-02 7.783870568107215809e-03 2.123474253050267567e-03 2.123474253050266266e-03 1.385579282796913780e-01
1.904761904761904656e-01 2.857142857142856984e-01 1.535649830138095112e-02 3.086647650852391428e-02 1.354521437562954296e-02 2.501294766638206737e-03 2.501294766638205436e-03 1.446284048762733754e-01
2.380952380952380820e-01 2.857142857142856984e-01 1.271649905974029347e-02 3.084417109121984774e-02 1.815746552605409375e-02 2.596130547682377627e-03 2.596130547682378928e-03 1.492859174728226046e-01
2.857142857142856984e-01 2.857142857142856984e-01 1.019839574801030199e-02 3.085267408558345706e-02 2.310698636695296404e-02 2.418179859255762364e-03 2.418179859255762797e-03 1.518121792310735407e-01
3.333333333333333148e-01 2.857142857142856984e-01 7.797912201618332866e-03 3.087532232554720396e-02 2.630866981600380600e-02 2.039933503505128500e-03 2.039933503505128500e-03 1.538780903019505431e-01
3.809523809523809312e-01 2.857142857142856984e-01 5.495234712112995190e-03 3.090048837871157278e-02 2.942198040364475686e-02 1.530757872548249793e-03 1.530757872548249576e-03 1.549463076101459391e-01
4.285714285714285476e-01 2.857142857142856984e-01 3.264349081217897582e-03 3.092076573394023781e-02 3.084714081728546012e-02 9.471288037624795222e-04 9.471288037624774623e-04 1.558376247986231755e-01
4.761904761904761640e-01 2.857142857142856984e-01 1.076946594577735637e-03 3.093224796151289313e-02 3.209368384559933146e-02 3.272405471380647989e-04 3.272405471380592694e-04 1.560713618289938653e-01
5.238095238095238360e-01 2.857142857142856984e-01 -1.096089667960420009e-03 3.093325969450280710e-02 3.173599463233168355e-02 -3.025332784028566071e-04 -3.025332784028563361e-04 1.561926324388828446e-01
5.714285714285713969e-01 2.857142857142856984e-01 -3.283960226025681509e-03 3.092388416723271943e-02 3.119080752004349186e-02 -9.200310350975350951e-04 -9.200310350975640433e-04 1.557042744987997274e-01
6.190476190476190688e-01 2.857142857142856984e-01 -5.515663518402278212e-03 3.090587348971079312e-02 2.901144797691498217e-02 -1.498893264533179923e-03 -1.498893264533185127e-03 1.550841439830094037e-01
6.666666666666666297e-01 2.857142857142856984e-01 -7.819534538941495111e-03 3.088335225004407159e-02 2.668141921256906093e-02 -2.000418090658252941e-03 -2.000418090658257278e-03 1.536877060157921249e-01
7.142857142857143016e-01 2.857142857142856984e-01 -1.022141246447065728e-02 3.086361223648573932e-02 2.261210594913578079e-02 -2.369589598118747309e-03 -2.369589598118755115e-03 1.520158842451197756e-01
7.619047619047618625e-01 2.857142857142856984e-01 -1.274047303696753189e-02 3.085853895705369804e-02 1.859942170138476417e-02 -2.534514417581405516e-03 -2.534514417581404215e-03 1.489263818394948036e-01
8.095238095238095344e-01 2.857142857142856984e-01 -1.538168508681871972e-02 3.088415342467131994e-02 1.299357061326193545e-02 -2.437134909926450682e-03 -2.437134909926450682e-03 1.450199771357243705e-01
8.571428571428570953e-01 2.857142857142856984e-01 -1.811833673355785213e-02 3.095889789322980173e-02 8.242291291053915891e-03 -2.053878132663056622e-03 -2.053878132663055321e-03 1.378239482267979155e-01
9.047619047619047672e-01 2.857142857142856984e-01 -2.087474123184963545e-02 3.109844867701608978e-02 3.273207621090235865e-03 -1.469004001455945924e-03 -1.469004001455945707e-03 1.283345544781894776e-01
9.523809523809523281e-01 2.857142857142856984e-01 -2.350752418779443811e-02 3.131140382732328781e-02 6.696760197375838716e-04 -7.827521256595036930e-04 -7.827521256595027172e-04 1.127301436314324390e-01
1.000000000000000000e+00 2.857142857142856984e-01 -2.583089295192183416e-02 3.160475889276794653e-02 -3.097390703606719975e-04 2.803151629023677837e-06 2.803151629030331281e-06 9.403642383558123707e-02
0.000000000000000000e+00 3.333333333333333148e-01 2.571484566179119136e-02 3.549938875282557249e-02 -4.047740075904004194e-04 1.506303872961106411e-04 1.506303872961103159e-04 9.397282658603337002e-02
4.761904761904761640e-02 3.333333333333333148e-01 2.338721395753241838e-02 3.599671867962594279e-02 7.341631820183608034e-04 -9.721263800560843915e-04 -9.721263800560829820e-04 1.131472820255128575e-01
9.523809523809523281e-02 3.333333333333333148e-01 2.075903017575359347e-02 3.633491933960524695e-02 3.764541027941578893e-03 -2.432224872003995245e-03 -2.432224872003997847e-03 1.286150924239223836e-01
1.428571428571428492e-01 3.333333333333333148e-01 1.803221112706094101e-02 3.651451038439856162e-02 9.120331350938854983e-03 -2.942690346537839199e-03 -2.942690346537839199e-03 1.376977156999890373e-01
1.904761904761904656e-01 3.333333333333333148e-01 1.533564948588841612e-02 3.660365973983294163e-02 1.373830378911526824e-02 -2.674913666635485212e-03 -2.674913666635488248e-03 1.446711722625462493e-01
2.380952380952380820e-01 3.333333333333333148e-01 1.272862276110771004e-02 3.665122181487187603e-02 1.912814808636120051e-02 -2.133050716929595601e-03 -2.133050716929595601e-03 1.486777937535763428e-01
2.857142857142856984e-01 3.333333333333333148e-01 1.023043308685608194e-02 3.668302415853508247e-02 2.285986572584411403e-02 -1.546994614609219958e-03 -1.546994614609220392e-03 1.518451237153148614e-01
3.333333333333333148e-01 3.333333333333333148e-01 7.836252984640353775e-03 3.670746040535807081e-02 2.671577652822198362e-02 -1.064763383382182375e-03 -1.064763383382182375e-03 1.536736483899376060e-01
3.809523809523809312e-01 3.333333333333333148e-01 5.529528454662500057e-03 3.672685301130265700e-02 2.887031879830067801e-02 -6.742488865061475834e-04 -6.742488865061473666e-04 1.551266094255040195e-01
4.285714285714285476e-01 3.333333333333333148e-01 3.287810807270889844e-03 3.674042523737230254e-02 3.096001720031851812e-02 -3.685599914049992936e-04 -3.685599914049988057e-04 1.558337725774971705e-01
4.761904761904761640e-01 3.333333333333333148e-01 1.085732784863673896e-03 3.674808138771560456e-02 3.143332502022219005e-02 -1.056794275022151217e-04 -1.056794275022017725e-04 1.563124779215770144e-01
5.238095238095238360e-01 3.333333333333333148e-01 -1.103105120234609436e-03 3.674901825009980333e-02 3.179737885134360786e-02 1.415735243737102601e-04 1.415735243737110190e-04 1.562213285362253068e-01
5.714285714285713969e-01 3.333333333333333148e-01 -3.305443624990743977e-03 3.674378520454914254e-02 3.056865950749071068e-02 4.039642001369610235e-04 4.039642001366829799e-04 1.559234544820888302e-01
6.190476190476190688e-01 3.333333333333333148e-01 -5.547723656169708910e-03 3.673225773617963541e-02 2.924431225402030626e-02 7.179226293546594941e-04 7.179226293546584099e-04 1.549999262069925998e-01
6.666666666666666297e-01 3.333333333333333148e-01 -7.855056550856687539e-03 3.671554703807390629e-02 2.626549005484658111e-02 1.105454034776304955e-03 1.105454034776304087e-03 1.537951081606075687e-01
7.142857142857143016e-01 3.333333333333333148e-01 -1.024985208033995371e-02 3.669350793717089665e-02 2.328892452100286142e-02 1.605740619093678481e-03 1.605740619093658532e-03 1.516208308797782900e-01
7.619047619047618625e-01 3.333333333333333148e-01 -1.274844661116876325e-02 3.666459195193575576e-02 1.859828055251905310e-02 2.177454397115806926e-03 2.177454397115806059e-03 1.488983745621063892e-01
8.095238095238095344e-01 3.333333333333333148e-01 -1.535488473157706375e-02 3.661903213869750068e-02 1.426574686457618944e-02 2.748228716438867562e-03 2.748228716438868430e-03 1.442148603504541937e-01
8.571428571428570953e-01 3.333333333333333148e-01 -1.805125417388089501e-02 3.653218559471324567e-02 8.540488425566988492e-03 2.977574241376231695e-03 2.977574241376232996e-03 1.381994795792771957e-01
9.047619047619047672e-01 3.333333333333333148e-01 -2.077549321616868616e-02 3.635083610392236125e-02 4.273262519391566976e-03 2.463653817860261396e-03 2.463653817860262264e-03 1.276705215746176958e-01
9.523809523809523281e-01 3.333333333333333148e-01 -2.339932944534167669e-02 3.601126829928725376e-02 5.574990258839887828e-04 1.058417230604871868e-03 1.058417230604871868e-03 1.138220063220283101e-01
1.000000000000000000e+00 3.333333333333333148e-01 -2.572059800875464708e-02 3.550755111429911015e-02 -1.053736675826533376e-04 -1.804088686621831844e-04 -1.804088686621822628e-04 9.323408484886012981e-02
0.000000000000000000e+00 3.809523809523809312e-01 2.468568418592988201e-02 3.941532558220871979e-02 -5.081020627591422518e-04 5.558073879498954747e-04 5.558073879498962337e-04 9.410573856571242957e-02
4.761904761904761640e-02 3.809523809523809312e-01 2.231580230576174148e-02 4.075830332947616430e-02 8.696298466585890676e-04 -3.847260888669741009e-03 -3.847260888669740142e-03 1.170233489111141695e-01
9.523809523809523281e-02 3.809523809523809312e-01 1.970874383843818078e-02 4.159617393728647083e-02 7.064984715474131177e-03 -7.379195574995171120e-03 -7.379195574995168518e-03 1.291424229009912328e-01
1.428571428571428492e-01 3.809523809523809312e-01 1.709777566026742662e-02 4.204249862143569910e-02 1.177194829753192874e-02 -8.228116720699162404e-03 -8.228116720699160669e-03 1.379473203640615708e-01
1.904761904761904656e-01 3.809523809523809312e-01 1.455774606016022391e-02 4.227244984448856602e-02 1.781660867039813051e-02 -7.700109649085737536e-03 -7.700109649085740138e-03 1.434834415707646749e-01
2.380952380952380820e-01 3.809523809523809312e-01 1.211131727960577248e-02 4.239124656562011373e-02 2.162039887937031168e-02 -6.468876116060412289e-03 -6.468876116060412289e-03 1.476150566214674831e-01
2.857142857142856984e-01 3.809523809523809312e-01 9.758446766213332846e-03 4.245733094524869328e-02 2.604323687712365581e-02 -5.183855342527231638e-03 -5.183855342527229036e-03 1.505694968231598707e-01
3.333333333333333148e-01 3.809523809523809312e-01 7.491182417303413055e-03 4.249411898899985163e-02 2.846362279434332121e-02 -3.874065072742760053e-03 -3.874065072742761788e-03 1.525811515068200286e-01
3.809523809523809312e-01 3.809523809523809312e-01 5.295078226187244219e-03 4.251719397387467014e-02 3.131851422759374809e-02 -2.698035968019744761e-03 -2.698035968019748231e-03 1.540896538434265439e-01
4.285714285714285476e-01 3.809523809523809312e-01 3.152337104568070196e-03 4.252925612126777499e-02 3.226857329222342086e-02 -1.567272534874970032e-03 -1.567272534874969382e-03 1.548466249660006011e-01
4.761904761904761640e-01 3.809523809523809312e-01 1.042299818437476648e-03 4.253641398153971270e-02 3.357655917836036702e-02 -5.055924183365098764e-04 -5.055924183365071659e-04 1.553940757599837630e-01
5.238095238095238360e-01 3.809523809523809312e-01 -1.056719631668505497e-03 4.253665491278289107e-02 3.302317946264270859e-02 5.457619341431094043e-04 5.457619341431092959e-04 1.552573687235709321e-01
5.714285714285713969e-01 3.809523809523809312e-01 -3.166873095847715786e-03 4.253323001873526854e-02 3.281500510927697067e-02 1.621267061108750025e-03 1.621267061108716849e-03 1.549636131965884678e-01
6.190476190476190688e-01 3.809523809523809312e-01 -5.309974875089816873e-03 4.252170679469212400e-02 3.073178900020438406e-02 2.728055569158523760e-03 2.728055569158523326e-03 1.539634946826187456e-01
6.666666666666666297e-01 3.809523809523809312e-01 -7.506238781106105290e-03 4.250243445948448384e-02 2.903627957742628551e-02 3.946132279976487939e-03 3.946132279976487071e-03 1.526398581526294540e-01
7.142857142857143016e-01 3.809523809523809312e-01 -9.773831991043637965e-03 4.246622664510722039e-02 2.539964729529535850e-02 5.202453466207468576e-03 5.202453466207466841e-03 1.504870626123252508e-01
7.619047619047618625e-01 3.809523809523809312e-01 -1.212637187723014133e-02 4.240369888371947615e-02 2.227319868985324150e-02 6.561246420562005105e-03 6.561246420562003370e-03 1.475583688456695020e-01
8.095238095238095344e-01 3.809523809523809312e-01 -1.457233590926811789e-02 4.228496784065183256e-02 1.706315694515071757e-02 7.691931011861176046e-03 7.691931011861174311e-03 1.435169151820862299e-01
8.571428571428570953e-01 3.809523809523809312e-01 -1.711018044002106039e-02 4.205715450388647358e-02 1.267375579552929184e-02 8.335643457968376982e-03 8.335643457968375247e-03 1.376256409722489971e-01
9.047619047619047672e-01 3.809523809523809312e-01 -1.972200903274601291e-02 4.160963788576609729e-02 6.029941964146270234e-03 7.335347514654203677e-03 7.335347514654201942e-03 1.298424363512608037e-01
9.523809523809523281e-01 3.809523809523809312e-01 -2.232508263214121741e-02 4.076885219334167726e-02 1.761257172148596390e-03 3.870462208304209679e-03 3.870462208304229629e-03 1.156579802893416553e-01
1.000000000000000000e+00 3.809523809523809312e-01 -2.470007751486018657e-02 3.942570166191269876e-02 -1.153953735419285245e-03 -6.538358479717017169e-04 -6.538358479717296893e-04 9.489715261043205063e-02
0.000000000000000000e+00 4.285714285714285476e-01 2.259659088154149231e-02 4.339896062365013185e-02 -5.324286824636853717e-03 1.765564315420076842e-03 1.765564315420054290e-03 9.792627907263411202e-02
4.761904761904761640e-02 4.285714285714285476e-01 2.009931220836633919e-02 4.567817793510262764e-02 6.233091009852042425e-03 -1.027657726771376810e-02 -1.027657726771390861e-02 1.208845153666025518e-01
9.523809523809523281e-02 4.285714285714285476e-01 1.763310576650296488e-02 4.683568814632451532e-02 1.158678124532799142e-02 -1.371311559867937312e-02 -1.371311559867936965e-02 1.294817620412809789e-01
1.428571428571428492e-01 4.285714285714285476e-01 1.530230413449614434e-02 4.745489503673059467e-02 1.920819866873258938e-02 -1.373864849281151990e-02 -1.373864849281151990e-02 1.369026133434513848e-01
1.904761904761904656e-01 4.285714285714285476e-01 1.306786172669424824e-02 4.778403118833365187e-02 2.282593148599441207e-02 -1.200087523683834347e-02 -1.200087523683834347e-02 1.401498606229113486e-01
2.380952380952380820e-01 4.285714285714285476e-01 1.091406303930803762e-02 4.798250498773545814e-02 2.752868910504068303e-02 -1.023318092540533193e-02 -1.023318092540533193e-02 1.454715737418801613e-01
2.857142857142856984e-01 4.285714285714285476e-01 8.824043304353901621e-03 4.808594072034595712e-02 2.971330585867320781e-02 -8.099870252513274513e-03 -8.099870252513279717e-03 1.467820178965647537e-01
3.333333333333333148e-01 4.285714285714285476e-01 6.794744108562067453e-03 4.815780740613143790e-02 3.305239329319750730e-02 -6.264214450975130223e-03 -6.264214450975130223e-03 1.505566642115647169e-01
3.809523809523809312e-01 4.285714285714285476e-01 4.813398275508137120e-03 4.818699662727186916e-02 3.405557768488027409e-02 -4.326434002896280967e-03 -4.326434002896280967e-03 1.503665206553547184e-01
4.285714285714285476e-01 4.285714285714285476e-01 2.870620376652264875e-03 4.821445894511765251e-02 3.614289414560334368e-02 -2.593266013481700886e-03 -2.593266013481700886e-03 1.530018469660905656e-01
4.761904761904761640e-01 4.285714285714285476e-01 9.506446383160374516e-04 4.821592078302276013e-02 3.592894369760082918e-02 -8.299592269318629631e-04 -8.299592269318666494e-04 1.517312812353835694e-01
5.238095238095238360e-01 4.285714285714285476e-01 -9.612013663980229937e-04 4.822451232178186914e-02 3.675982246794279318e-02 8.918319100505440848e-04 8.918319100505434343e-04 1.534515428879162091e-01
5.714285714285713969e-01 4.285714285714285476e-01 -2.880844222817625054e-03 4.820983287096840264e-02 3.529633164543233975e-02 2.603473187204759318e-03 2.603473187204751078e-03 1.512788532164937028e-01
6.190476190476190688e-01 4.285714285714285476e-01 -4.824571427462446237e-03 4.819949217658769242e-02 3.489143047429143357e-02 4.441997764367689415e-03 4.441997764367689415e-03 1.520408197551278429e-01
6.666666666666666297e-01 4.285714285714285476e-01 -6.804767637504358958e-03 4.815710185655376618e-02 3.217461354024781645e-02 6.221275653627314668e-03 6.221275653627313801e-03 1.488713071297799451e-01
7.142857142857143016e-01 4.285714285714285476e-01 -8.835781648796208615e-03 4.810197516152939223e-02 3.057835249692585772e-02 8.270072703633831596e-03 8.270072703633831596e-03 1.483638594512733389e-01
7.619047619047618625e-01 4.285714285714285476e-01 -1.092332509488355002e-02 4.798525276179661792e-02 2.660262896287064055e-02 1.012811135677944147e-02 1.012811135677943973e-02 1.438595775155242229e-01
8.095238095238095344e-01 4.285714285714285476e-01 -1.307961914479927393e-02 4.780220576429018015e-02 2.378848933956967046e-02 1.222188355107262613e-02 1.222188355107262439e-02 1.416167939534478670e-01
8.571428571428570953e-01 4.285714285714285476e-01 -1.530884672247427927e-02 4.745881120477182108e-02 1.809673397675047243e-02 1.354931692231978700e-02 1.354931692231977833e-02 1.354055516284881910e-01
9.047619047619047672e-01 4.285714285714285476e-01 -1.764224063826376129e-02 4.685333928057427988e-02 1.335972850375307872e-02 1.396209609389301512e-02 1.396209609389300645e-02 1.307618597326992427e-01
9.523809523809523281e-01 4.285714285714285476e-01 -2.010851020049650092e-02 4.566918581814521233e-02 3.192577953908638539e-03 9.940377777584453664e-03 9.940377777584444990e-03 1.218434402368593766e-01
1.000000000000000000e+00 4.285714285714285476e-01 -2.255000361640436407e-02 4.345253388858795474e-02 -3.838004779921951460e-04 -1.289586627263065392e-03 -1.289586627263075800e-03 9.624100609233371406e-02
0.000000000000000000e+00 4.761904761904761640e-01 1.873437475961726648e-02 4.787197572004452117e-02 5.649213361973271820e-03 -9.308037123014128306e-03 -9.308037123014135245e-03 1.186358721895042073e-01
4.761904761904761640e-02 4.761904761904761640e-01 1.646001251125790710e-02 5.073667486136577282e-02 1.566044203694960668e-02 -2.049556752226320069e-02 -2.049556752226321110e-02 1.204259956298508044e-01
9.523809523809523281e-02 4.761904761904761640e-01 1.456462828163834940e-02 5.189249882594026975e-02 2.251075712630247819e-02 -1.920310298329466758e-02 -1.920310298329466758e-02 1.260282697245935501e-01
1.428571428571428492e-01 4.761904761904761640e-01 1.273207777485825358e-02 5.265427941787748783e-02 2.578188600480951428e-02 -1.717179519814941019e-02 -1.717179519814941713e-02 1.275931923164037585e-01
1.904761904761904656e-01 4.761904761904761640e-01 1.097054244711240766e-02 5.303653514198317098e-02 2.913232544667142612e-02 -1.474606783921145713e-02 -1.474606783921145713e-02 1.342624046918239888e-01
2.380952380952380820e-01 4.761904761904761640e-01 9.210555162244218538e-03 5.337021974661219220e-02 3.121611187423709369e-02 -1.241517064235996524e-02 -1.241517064235996178e-02 1.352859367559298975e-01
2.857142857142856984e-01 4.761904761904761640e-01 7.495504108809125828e-03 5.348698588740216642e-02 3.377558953130741642e-02 -9.970278744058314047e-03 -9.970278744058268944e-03 1.407167136118090411e-01
3.333333333333333148e-01 4.761904761904761640e-01 5.789488375883204523e-03 5.365390064989904173e-02 3.507139604835398522e-02 -7.691824560485150362e-03 -7.691824560485146026e-03 1.402311473873115166e-01
3.809523809523809312e-01 4.761904761904761640e-01 4.119378738744460498e-03 5.365959375219526983e-02 3.686345222584430648e-02 -5.397506160656147071e-03 -5.397506160656147071e-03 1.444156360227378810e-01
4.285714285714285476e-01 4.761904761904761640e-01 2.459548704453890389e-03 5.375513612610607894e-02 3.729694052472298099e-02 -3.221336156840944737e-03 -3.221336156840942568e-03 1.426832497390485843e-01
4.761904761904761640e-01 4.761904761904761640e-01 8.174040885074530848e-04 5.371194005381487585e-02 3.822342146884470659e-02 -1.046494142424164719e-03 -1.046494142424159732e-03 1.458592956875124080e-01
5.238095238095238360e-01 4.761904761904761640e-01 -8.221619769687017569e-04 5.377247973269728976e-02 3.774662594868705146e-02 1.103400919760933472e-03 1.103400919760933905e-03 1.431395013549234263e-01
5.714285714285713969e-01 4.761904761904761640e-01 -2.467862430770850768e-03 5.369830423813624215e-02 3.776200137351367475e-02 3.253660124798865919e-03 3.253660124798865051e-03 1.453791073703795400e-01
6.190476190476190688e-01 4.761904761904761640e-01 -4.120661619806845026e-03 5.372334434724762575e-02 3.638915275595318299e-02 5.478639892821484704e-03 5.478639892821482102e-03 1.417149304840868984e-01
6.666666666666666297e-01 4.761904761904761640e-01 -5.801470333934068309e-03 5.360106122996340788e-02 3.551117339066520162e-02 7.699691004328153981e-03 7.699691004328152247e-03 1.428586610058613926e-01
7.142857142857143016e-01 4.761904761904761640e-01 -7.493224551674993600e-03 5.355285608340466796e-02 3.331911381840037267e-02 1.007149670639770518e-02 1.007149670639770345e-02 1.380764493203651411e-01
7.619047619047618625e-01 4.761904761904761640e-01 -9.226355494535223856e-03 5.332149005649631374e-02 3.162133391599109694e-02 1.239179316869943454e-02 1.239179316869943974e-02 1.378125433909730968e-01
8.095238095238095344e-01 4.761904761904761640e-01 -1.096433237360166027e-02 5.310223971537319371e-02 2.869773777876966081e-02 1.486753158016174137e-02 1.486753158016173616e-02 1.316965039934158144e-01
8.571428571428570953e-01 4.761904761904761640e-01 -1.275298616129866454e-02 5.260886255353451613e-02 2.619110304985119986e-02 1.710378523685615257e-02 1.710378523685615604e-02 1.300662023780808363e-01
9.047619047619047672e-01 4.761904761904761640e-01 -1.454950612617613923e-02 5.195626946777990446e-02 2.229574132293149838e-02 1.945835273666160492e-02 1.945835273666142451e-02 1.233861963014713237e-01
9.523809523809523281e-01 4.761904761904761640e-01 -1.650217773442175587e-02 5.067793127434042089e-02 1.679786081504201084e-02 2.045028809592678090e-02 2.045028809592685029e-02 1.229053166086833959e-01
1.000000000000000000e+00 4.761904761904761640e-01 -1.875375919057095317e-02 4.795348665759037454e-02 6.623885579993254308e-03 9.583628279543057391e-03 9.583628279543041778e-03 1.186249128568004213e-01
0.000000000000000000e+00 5.238095238095238360e-01 1.446100471114330349e-02 5.150569598266151877e-02 1.575086577981738706e-03 3.242155930189671853e-03 3.242155930189664914e-03 1.652515012626479818e-01
4.761904761904761640e-02 5.238095238095238360e-01 1.339523007743907181e-02 5.371938496790635426e-02 -2.764836516497413965e-02 -1.625223352423655135e-02 -1.625223352423655482e-02 1.306155801804250172e-01
9.523809523809523281e-02 5.238095238095238360e-01 1.218933306069620338e-02 5.496665571954031243e-02 -3.518033886447192310e-02 -1.915500804456385722e-02 -1.915500804456386069e-02 1.186872520323917352e-01
1.428571428571428492e-01 5.238095238095238360e-01 1.084382210469667790e-02 5.577384236321018818e-02 -4.077913868846540224e-02 -1.838907036197765660e-02 -1.838907036197765313e-02 1.301555353275224980e-01
1.904761904761904656e-01 5.238095238095238360e-01 9.448501426335317518e-03 5.627484583421736575e-02 -4.259358160765457785e-02 -1.618971252034063363e-02 -1.618971252034063016e-02 1.269593555146492636e-01
2.380952380952380820e-01 5.238095238095238360e-01 8.004583538475412707e-03 5.663616158220535074e-02 -4.260847512903469941e-02 -1.409096617151456808e-02 -1.409096617151456808e-02 1.378554580466634094e-01
2.857142857142856984e-01 5.238095238095238360e-01 6.553741121455527140e-03 5.684158633208072353e-02 -4.264710088819324840e-02 -1.152705208116988102e-02 -1.152705208116988102e-02 1.332713677882989278e-01
3.333333333333333148e-01 5.238095238095238360e-01 5.089308627371284983e-03 5.700403658461125622e-02 -4.119651284870801816e-02 -9.120360128980617084e-03 -9.120360128980617084e-03 1.429699048897393188e-01
3.809523809523809312e-01 5.238095238095238360e-01 3.632569863011849906e-03 5.707225337470584609e-02 -4.103989858832123722e-02 -6.470041428212466514e-03 -6.470041428212468249e-03 1.369267062673590052e-01
4.285714285714285476e-01 5.238095238095238360e-01 2.175147501503575751e-03 5.714163570905014811e-02 -3.958038078799943488e-02 -3.920631519699188140e-03 -3.920631519699188140e-03 1.455548368838871232e-01
4.761904761904761640e-01 5.238095238095238360e-01 7.238629921214950139e-04 5.714453916230750885e-02 -3.999760682788763150e-02 -1.277606956969482314e-03 -1.277606956969485784e-03 1.383673116120660296e-01
5.238095238095238360e-01 5.238095238095238360e-01 -7.269541063345659688e-04 5.716515473004129405e-02 -3.919051494429140470e-02 1.344631019373840851e-03 1.344631019373843236e-03 1.460397172559055323e-01
5.714285714285713969e-01 5.238095238095238360e-01 -2.180026804405698140e-03 5.712443827916981881e-02 -4.037054692671787626e-02 3.935766097220871375e-03 3.935766097220870507e-03 1.378873123718255267e-01
6.190476190476190688e-01 5.238095238095238360e-01 -3.633808142406299516e-03 5.709599578155852978e-02 -4.030058791959335862e-02 6.590293048382970913e-03 6.590293048382974382e-03 1.445307121669843209e-01
6.666666666666666297e-01 5.238095238095238360e-01 -5.095979225032660521e-03 5.699028445346773775e-02 -4.188160443494575585e-02 9.079931698669902601e-03 9.079931698669897397e-03 1.353845915010406520e-01
7.142857142857143016e-01 5.238095238095238360e-01 -6.553052635012671101e-03 5.686772468591324431e-02 -4.208018819971758723e-02 1.170302643041486873e-02 1.170302643041487220e-02 1.407291409765635548e-01
7.619047619047618625e-01 5.238095238095238360e-01 -8.013214411585497729e-03 5.662560013970385775e-02 -4.306133944602840574e-02 1.398542340321357914e-02 1.398542340321356874e-02 1.304291084776480758e-01
8.095238095238095344e-01 5.238095238095238360e-01 -9.445935121433829060e-03 5.630183165067949302e-02 -4.242242331692019919e-02 1.643037281928160648e-02 1.643037281928150586e-02 1.342315021235320760e-01
8.571428571428570953e-01 5.238095238095238360e-01 -1.085549925191007896e-02 5.576628188639261297e-02 -4.056792242287963340e-02 1.821537085234252104e-02 1.821537085234251410e-02 1.227748699703081481e-01
9.047619047619047672e-01 5.238095238095238360e-01 -1.218460091416705832e-02 5.499246448025836564e-02 -3.649744428166978166e-02 1.972926195898398738e-02 1.972926195898400473e-02 1.260221117860345075e-01
9.523809523809523281e-01 5.238095238095238360e-01 -1.341692850642599820e-02 5.371206854665383501e-02 -2.031687051654381196e-02 1.604462510161857799e-02 1.604462510161857799e-02 1.144466721384216484e-01
1.000000000000000000e+00 5.238095238095238360e-01 -1.448081440092061772e-02 5.151734279607266681e-02 -6.416103668728949209e-03 -4.448527735422103287e-03 -4.448527735422103287e-03 1.917294584383563427e-01
0.000000000000000000e+00 5.714285714285713969e-01 1.245070259728053158e-02 5.415354771472871698e-02 9.450848488640773435e-04 3.627206299737931530e-03 3.627206299737928061e-03 1.764382105150643087e-01
4.761904761904761640e-02 5.714285714285713969e-01 1.147707899169399595e-02 5.575394807080867599e-02 -6.169326923016406512e-04 -2.025198171773740386e-03 -2.025198171773753397e-03 1.374382312648393112e-01
9.523809523809523281e-02 5.714285714285713969e-01 1.052871967126010368e-02 5.700402401060160329e-02 -1.299817813592874655e-02 -1.061027904122941769e-02 -1.061027904122941942e-02 1.330354344369984176e-01
1.428571428571428492e-01 5.714285714285713969e-01 9.477352521140137639e-03 5.787162049399114522e-02 -1.895617222083207515e-02 -1.396021672045719315e-02 -1.396021672045718448e-02 1.307517561682867979e-01
1.904761904761904656e-01 5.714285714285713969e-01 8.326336532981338037e-03 5.846130946450861510e-02 -2.450601645329538933e-02 -1.483210378299154586e-02 -1.483210378299146606e-02 1.354221198055942932e-01
2.380952380952380820e-01 5.714285714285713969e-01 7.108362198501297878e-03 5.886516569145419653e-02 -2.678419000138238665e-02 -1.377944124395273466e-02 -1.377944124395273640e-02 1.368276437910548871e-01
2.857142857142856984e-01 5.714285714285713969e-01 5.846763405259690002e-03 5.912979560324943540e-02 -2.798236115070628846e-02 -1.220533052014973266e-02 -1.220533052014973266e-02 1.409476963012381290e-01
3.333333333333333148e-01 5.714285714285713969e-01 4.561588083176653166e-03 5.930573090676061199e-02 -2.851444433972816911e-02 -9.832789692176489502e-03 -9.832789692176491236e-03 1.414230560252777436e-01
3.809523809523809312e-01 5.714285714285713969e-01 3.262995993617583048e-03 5.941046352395302349e-02 -2.828197001823059067e-02 -7.304201602756616937e-03 -7.304201602756616937e-03 1.444032171338230086e-01
4.285714285714285476e-01 5.714285714285713969e-01 1.958873187508284371e-03 5.947477545097978185e-02 -2.843634353804661008e-02 -4.412391308860797931e-03 -4.412391308860797931e-03 1.437954682151224572e-01
4.761904761904761640e-01 5.714285714285713969e-01 6.521806387525122886e-04 5.950012066044359227e-02 -2.801534195393940926e-02 -1.478411464450100129e-03 -1.478411464450100129e-03 1.457901448799124033e-01
5.238095238095238360e-01 5.714285714285713969e-01 -6.549875362751874470e-04 5.950369698799141266e-02 -2.834091148052257300e-02 1.522576369879477401e-03 1.522576369879474582e-03 1.442428459460498857e-01
5.714285714285713969e-01 5.714285714285713969e-01 -1.961464491703949261e-03 5.947437320108856645e-02 -2.812814493700985935e-02 4.512045980251275235e-03 4.512045980251274367e-03 1.453256068579387716e-01
6.190476190476190688e-01 5.714285714285713969e-01 -3.265815826225906739e-03 5.941713659920529189e-02 -2.854745821175548939e-02 7.293362904074904632e-03 7.293362904074908969e-03 1.428507896423084900e-01
6.666666666666666297e-01 5.714285714285713969e-01 -4.563756026488669307e-03 5.930832846417629506e-02 -2.831699607608916675e-02 9.990187870258661340e-03 9.990187870258663075e-03 1.429307649455786589e-01
7.142857142857143016e-01 5.714285714285713969e-01 -5.849493140428209739e-03 5.913916734712937329e-02 -2.806417802942437131e-02 1.213478672310315185e-02 1.213478672310314838e-02 1.393882157514851339e-01
7.619047619047618625e-01 5.714285714285713969e-01 -7.109962635874459910e-03 5.887024906247498302e-02 -2.689736002603636961e-02 1.400125354006160130e-02 1.400125354006159784e-02 1.383542894811771451e-01
8.095238095238095344e-01 5.714285714285713969e-01 -8.329081599204930797e-03 5.847238102900540607e-02 -2.405641135691092419e-02 1.468311258537828914e-02 1.468311258537828914e-02 1.337233565890788567e-01
8.571428571428570953e-01 5.714285714285713969e-01 -9.478381071969407129e-03 5.787865757387607168e-02 -2.006246835306206566e-02 1.429032437582716114e-02 1.429032437582707614e-02 1.326778398481380794e-01
9.047619047619047672e-01 5.714285714285713969e-01 -1.052922933627842457e-02 5.701392638997045820e-02 -1.029020822026813567e-02 1.029754542063836958e-02 1.029754542063821519e-02 1.294475378713017821e-01
9.523809523809523281e-01 5.714285714285713969e-01 -1.147340775216337469e-02 5.575925173269223600e-02 -3.719394073701039194e-03 1.590496614942649156e-03 1.590496614942706619e-03 1.430111288016933380e-01
1.000000000000000000e+00 5.714285714285713969e-01 -1.243998859816619965e-02 5.416317078413854236e-02 3.394755092135769235e-03 -4.072951030777025028e-03 -4.072951030777031099e-03 1.721003057503984746e-01
0.000000000000000000e+00 6.190476190476190688e-01 1.108880539326384876e-02 5.663267944901991674e-02 1.546697894210671907e-04 1.045871282487357591e-03 1.045871282487356073e-03 1.653396107846684393e-01
4.761904761904761640e-02 6.190476190476190688e-01 1.011579639378496799e-02 5.787519740531042040e-02 2.943713429832733788e-04 2.252446925375367007e-03 2.252446925375365706e-03 1.491007580751219641e-01
9.523809523809523281e-02 6.190476190476190688e-01 9.207419495388020209e-03 5.901551834195013779e-02 -2.889422923738364010e-03 -3.604281178751408184e-03 -3.604281178751411654e-03 1.376134883875033410e-01
1.428571428571428492e-01 6.190476190476190688e-01 8.272354395370553129e-03 5.990097744156629850e-02 -8.564744679718580903e-03 -8.616836823678449345e-03 -8.616836823678447610e-03 1.364468003331801293e-01
1.904761904761904656e-01 6.190476190476190688e-01 7.276405152559603517e-03 6.054530767102422883e-02 -1.209874734086458480e-02 -1.118071126119741555e-02 -1.118071126119741555e-02 1.363100115628576581e-01
2.380952380952380820e-01 6.190476190476190688e-01 6.224439380719932156e-03 6.099690056788515530e-02 -1.515859128495778384e-02 -1.194029147670386780e-02 -1.194029147670386606e-02 1.383827325521808371e-01
2.857142857142856984e-01 6.190476190476190688e-01 5.131041642179352477e-03 6.130447054900266951e-02 -1.677065060214521716e-02 -1.118656306496775693e-02 -1.118656306496775693e-02 1.397021820141456649e-01
3.333333333333333148e-01 6.190476190476190688e-01 4.010352813670491241e-03 6.150659818924257560e-02 -1.759413578032865272e-02 -9.561411662368863446e-03 -9.561411662368847833e-03 1.413901904796092679e-01
3.809523809523809312e-01 6.190476190476190688e-01 2.873120665220042086e-03 6.163400280448174534e-02 -1.818815805406412758e-02 -7.207927095035107645e-03 -7.207927095035105043e-03 1.421729924792412281e-01
4.285714285714285476e-01 6.190476190476190688e-01 1.726515199921194047e-03 6.170740868247616417e-02 -1.814439733306991501e-02 -4.484427360986196695e-03 -4.484427360986196695e-03 1.431189834646023895e-01
4.761904761904761640e-01 6.190476190476190688e-01 5.753164065660823197e-04 6.174138693466565964e-02 -1.844432601019649690e-02 -1.496159710678301091e-03 -1.496159710678304560e-03 1.432045117023424408e-01
5.238095238095238360e-01 6.190476190476190688e-01 -5.772287782138793479e-04 6.174193606170574194e-02 -1.818743267462088684e-02 1.557710489019292852e-03 1.557710489019284612e-03 1.434526832113949268e-01
5.714285714285713969e-01 6.190476190476190688e-01 -1.728339111527311435e-03 6.170979449474641582e-02 -1.837639471866501714e-02 4.526398351206003569e-03 4.526398351206000967e-03 1.428536328883628914e-01
6.190476190476190688e-01 6.190476190476190688e-01 -2.874738349644221508e-03 6.163743756831446818e-02 -1.798185125815402255e-02 7.291412227630597251e-03 7.291412227630599853e-03 1.424149369440364798e-01
6.666666666666666297e-01 6.190476190476190688e-01 -4.011741789169148524e-03 6.151177055916063480e-02 -1.771462667621204537e-02 9.584166470801612839e-03 9.584166470801616308e-03 1.410938492266100019e-01
7.142857142857143016e-01 6.190476190476190688e-01 -5.132059112757710734e-03 6.131050510632432560e-02 -1.673482685866380104e-02 1.129360135670631066e-02 1.129360135670630892e-02 1.399795047485160315e-01
7.619047619047618625e-01 6.190476190476190688e-01 -6.225144234865205572e-03 6.100433170738956551e-02 -1.499943514657322251e-02 1.193774340077925072e-02 1.193774340077924899e-02 1.379730497255499122e-01
8.095238095238095344e-01 6.190476190476190688e-01 -7.276729851282436046e-03 6.055316310424045667e-02 -1.247702910818803031e-02 1.130543399894798351e-02 1.130543399894794881e-02 1.368344805444418055e-01
8.571428571428570953e-01 6.190476190476190688e-01 -8.271582524200342401e-03 5.990929966185622874e-02 -7.781640630966812043e-03 8.573003036968524643e-03 8.573003036968522908e-03 1.354419294846413435e-01
9.047619047619047672e-01 6.190476190476190688e-01 -9.206586317273510525e-03 5.902223205239277154e-02 -3.717920545675916771e-03 3.609887006703537023e-03 3.609887006703548298e-03 1.393976587371617837e-01
9.523809523809523281e-01 6.190476190476190688e-01 -1.011604179247394854e-02 5.788200220235197729e-02 3.400727592014628924e-04 -2.069500010118197671e-03 -2.069500010118196804e-03 1.476597762170798189e-01
1.000000000000000000e+00 6.190476190476190688e-01 -1.108873275855706310e-02 5.663384280160723566e-02 2.942466416079402404e-04 -1.147896857590384153e-03 -1.147896857590385020e-03 1.663286482041656522e-01
0.000000000000000000e+00 6.666666666666666297e-01 1.000110301129460665e-02 5.898736272522321633e-02 -1.670236759389522407e-05 5.859246928715580163e-04 5.859246928715580163e-04 1.601991741032791905e-01
4.761904761904761640e-02 6.666666666666666297e-01 9.038761167937756774e-03 6.004626779433150374e-02 4.176723274813534583e-04 2.436825498583754246e-03 2.436825498583753812e-03 1.508697665161616575e-01
9.523809523809523281e-02 6.666666666666666297e-01 8.128005163167695279e-03 6.107244223052187004e-02 -3.879766545467692161e-04 -7.632401699024108158e-04 -7.632401699024100568e-04 1.441499443805671632e-01
1.428571428571428492e-01 6.666666666666666297e-01 7.232168037130919623e-03 6.193054487795704444e-02 -1.896294245043523858e-03 -5.200795540968982528e-03 -5.200795540968982528e-03 1.399177280027362469e-01
1.904761904761904656e-01 6.666666666666666297e-01 6.322110395733794401e-03 6.258793428648432022e-02 -4.322346211706832100e-03 -8.467885712225601061e-03 -8.467885712225601061e-03 1.390824003600827363e-01
2.380952380952380820e-01 6.666666666666666297e-01 5.388527562691132998e-03 6.306442841087510354e-02 -5.741992807910202730e-03 -1.003217866236802772e-02 -1.003217866236802945e-02 1.387774626281620960e-01
2.857142857142856984e-01 6.666666666666666297e-01 4.433340638282392242e-03 6.339555352729335513e-02 -7.106277440967607301e-03 -1.008256140064007871e-02 -1.008256140064007871e-02 1.392859962724988243e-01
3.333333333333333148e-01 6.666666666666666297e-01 3.461876784055834596e-03 6.361676635996270368e-02 -7.759383453116705520e-03 -8.911078217462667025e-03 -8.911078217462665291e-03 1.396927955852738656e-01
3.809523809523809312e-01 6.666666666666666297e-01 2.479253293347551384e-03 6.375754551859824648e-02 -8.238680970042346757e-03 -6.912869254019043085e-03 -6.912869254019044819e-03 1.401702757272388356e-01
4.285714285714285476e-01 6.666666666666666297e-01 1.489781355272777261e-03 6.383969321984146739e-02 -8.463680870390490052e-03 -4.340057901921763432e-03 -4.340057901921764300e-03 1.404487651754399435e-01
4.761904761904761640e-01 6.666666666666666297e-01 4.966003761848977217e-04 6.387763028139971377e-02 -8.545625119192526778e-03 -1.464841129258344843e-03 -1.464841129258353299e-03 1.406317923178597162e-01
5.238095238095238360e-01 6.666666666666666297e-01 -4.976786336849714542e-04 6.387825805954595870e-02 -8.562956600501258134e-03 1.514823172320079641e-03 1.514823172319995073e-03 1.406058006350223988e-01
5.714285714285713969e-01 6.666666666666666297e-01 -1.490699881524762968e-03 6.384170994689192247e-02 -8.446592193233319265e-03 4.397934398645892383e-03 4.397934398644755272e-03 1.404630116476923429e-01
6.190476190476190688e-01 6.666666666666666297e-01 -2.479934084891550431e-03 6.376080438399026051e-02 -8.204067591185878680e-03 6.958083320871518915e-03 6.958083320871518915e-03 1.401140190023220655e-01
6.666666666666666297e-01 6.666666666666666297e-01 -3.462110110174765592e-03 6.362132917581068969e-02 -7.803362525651751612e-03 8.978937487958478514e-03 8.978937487958478514e-03 1.397254152287525364e-01
7.142857142857143016e-01 6.666666666666666297e-01 -4.433156872140610327e-03 6.340126511572709289e-02 -6.950597858343148493e-03 1.012489122372376045e-02 1.012489122372375698e-02 1.391646293088720232e-01
7.619047619047618625e-01 6.666666666666666297e-01 -5.387766452053226011e-03 6.307114881774784909e-02 -5.938600251262326525e-03 1.010206251922385681e-02 1.010206251922388110e-02 1.389173450466077708e-01
8.095238095238095344e-01 6.666666666666666297e-01 -6.320760703571634033e-03 6.259541430809544005e-02 -3.965147697792587196e-03 8.507531182933236735e-03 8.507531182933075406e-03 1.387623406441071128e-01
8.571428571428570953e-01 6.666666666666666297e-01 -7.230508960634107057e-03 6.193808503462046311e-02 -2.267194342935469238e-03 5.214242861969674465e-03 5.214242861969731711e-03 1.404273400484152001e-01
9.047619047619047672e-01 6.666666666666666297e-01 -8.126459708906097826e-03 6.107966622174784699e-02 -1.081316463293839056e-04 8.255698729400570007e-04 8.255698729400566755e-04 1.434956091302001524e-01
9.523809523809523281e-01 6.666666666666666297e-01 -9.037029416363556722e-03 6.005355862923764110e-02 4.023768687624217273e-04 -2.536649818904294831e-03 -2.536649818904295698e-03 1.511822292855161676e-01
1.000000000000000000e+00 6.666666666666666297e-01 -9.999737751471751007e-03 5.899523520845570412e-02 -4.200595032814140458e-05 -5.569530636207808494e-04 -5.569530636207851862e-04 1.600473594028962443e-01
0.000000000000000000e+00 7.142857142857143016e-01 9.041313857823802050e-03 6.126862480910609532e-02 -1.348124826472998081e-04 4.200907048950789095e-04 4.200907048950794516e-04 1.557345094448097933e-01
4.761904761904761640e-02 7.142857142857143016e-01 8.090104709448453849e-03 6.223480879392116055e-02 5.088639562203973749e-04 1.917514590922334223e-03 1.917514590922344414e-03 1.519719283011908839e-01
9.523809523809523281e-02 7.142857142857143016e-01 7.175765633081407358e-03 6.317697455453875899e-02 1.363726661630255792e-03 -5.814803588254044983e-04 -5.814803588254050404e-04 1.476147841892473667e-01
1.428571428571428492e-01 7.142857142857143016e-01 6.296390528106496701e-03 6.398555607239071741e-02 1.827071896735315334e-03 -4.315376454889165506e-03 -4.315376454889161169e-03 1.441370280727680975e-01
1.904761904761904656e-01 7.142857142857143016e-01 5.440635217512264366e-03 6.462071532286674247e-02 2.037910716968357929e-03 -7.478796027036103619e-03 -7.478796027036112293e-03 1.413876453974308722e-01
2.380952380952380820e-01 7.142857142857143016e-01 4.597784423328104067e-03 6.508987338456320715e-02 1.826676865884718911e-03 -9.208802339355946429e-03 -9.208802339355946429e-03 1.398840340050175879e-01
2.857142857142856984e-01 7.142857142857143016e-01 3.760768552494432853e-03 6.542074945385058238e-02 1.715564004476008908e-03 -9.465568011742888505e-03 -9.465568011742888505e-03 1.387750630315480460e-01
3.333333333333333148e-01 7.142857142857143016e-01 2.925654711076112677e-03 6.564427113932072566e-02 1.443089470385761422e-03 -8.517882131374034105e-03 -8.517882131374034105e-03 1.382873427101616037e-01
3.809523809523809312e-01 7.142857142857143016e-01 2.090511139836743505e-03 6.578790675302152724e-02 1.322788452642870106e-03 -6.659506898338970853e-03 -6.659506898338970853e-03 1.379373058648597772e-01
4.285714285714285476e-01 7.142857142857143016e-01 1.254661086893514316e-03 6.587237563263584339e-02 1.168928465765921776e-03 -4.215246973113336189e-03 -4.215246973113336189e-03 1.378330427734575925e-01
4.761904761904761640e-01 7.142857142857143016e-01 4.181741127615782845e-04 6.591151525989530358e-02 1.138753878156000335e-03 -1.425641220570395776e-03 -1.425641220570397077e-03 1.377493198561715870e-01
5.238095238095238360e-01 7.142857142857143016e-01 -4.185056401099575578e-04 6.591208150641461594e-02 1.118280428169826993e-03 1.471021278470157180e-03 1.471021278470134195e-03 1.377692512364697974e-01
5.714285714285713969e-01 7.142857142857143016e-01 -1.254811160003058536e-03 6.587411763504118223e-02 1.212781823381545903e-03 4.256771239395489015e-03 4.256771239395489882e-03 1.377887303256598861e-01
6.190476190476190688e-01 7.142857142857143016e-01 -2.090296182447994380e-03 6.579076730338799528e-02 1.302734815118949604e-03 6.712455413102225155e-03 6.712455413102215614e-03 1.379595473278916185e-01
6.666666666666666297e-01 7.142857142857143016e-01 -2.924920911662886366e-03 6.564832580396469386e-02 1.530979795637410360e-03 8.560296169924678719e-03 8.560296169924659637e-03 1.381970691117197225e-01
7.142857142857143016e-01 7.142857142857143016e-01 -3.759389077526755548e-03 6.542584082072905316e-02 1.673675370370401568e-03 9.526071260584027117e-03 9.526071260584013239e-03 1.388390138179741995e-01
7.619047619047618625e-01 7.142857142857143016e-01 -4.595681470506063696e-03 6.509611156946623622e-02 1.962016627202098872e-03 9.260029444982611005e-03 9.260029444982850397e-03 1.397302038556593462e-01
8.095238095238095344e-01 7.142857142857143016e-01 -5.437904518614393098e-03 6.462766621817454815e-02 1.968885397723511323e-03 7.524873525058505853e-03 7.524873525058340187e-03 1.415475008179438166e-01
8.571428571428570953e-01 7.142857142857143016e-01 -6.293236115774452320e-03 6.399308991903128463e-02 1.929492803751036312e-03 4.388576808174237537e-03 4.388576808173944369e-03 1.439510225792797193e-01
9.047619047619047672e-01 7.142857142857143016e-01 -7.172364327600823722e-03 6.318481880963773556e-02 1.361711677407796781e-03 5.840731341586666552e-04 5.840731341586022536e-04 1.477533298321061506e-01
9.523809523809523281e-01 7.142857142857143016e-01 -8.086617117418842815e-03 6.224159094680010301e-02 4.822997079983211552e-04 -1.835906945041504033e-03 -1.835906945041472157e-03 1.520881066058394071e-01
1.000000000000000000e+00 7.142857142857143016e-01 -9.037019723688128822e-03 6.127302157343444966e-02 -3.126868586997686746e-05 -4.393414972441124695e-04 -4.393414972441056390e-04 1.555640089045676744e-01
0.000000000000000000e+00 7.619047619047618625e-01 8.117913323035299070e-03 6.348982020220678146e-02 -5.064623478554894934e-05 4.078176054515670170e-04 4.078176054515673964e-04 1.522660564835287278e-01
4.761904761904761640e-02 7.619047619047618625e-01 7.175053293209012438e-03 6.443352030185832413e-02 6.636761990042023109e-04 5.936590559844743967e-04 5.936590559844745051e-04 1.534071248903014772e-01
9.523809523809523281e-02 7.619047619047618625e-01 6.258762010875616559e-03 6.532179211612405834e-02 2.997991210428858563e-03 -2.195468150130172082e-03 -2.195468150130175985e-03 1.509445805241614036e-01
1.428571428571428492e-01 7.619047619047618625e-01 5.395660213260358197e-03 6.606918679418549711e-02 5.395259849235848650e-03 -5.731219572287346055e-03 -5.731219572287340851e-03 1.474951313702583255e-01
1.904761904761904656e-01 7.619047619047618625e-01 4.589771018806814915e-03 6.665197574904674349e-02 7.673026910453914842e-03 -8.394839767031038805e-03 -8.394839767031038805e-03 1.437925860486120311e-01
2.380952380952380820e-01 7.619047619047618625e-01 3.831207579301319256e-03 6.708251712841042935e-02 9.082454300517312645e-03 -9.706111293289403086e-03 -9.706111293289403086e-03 1.406041410796129154e-01
2.857142857142856984e-01 7.619047619047618625e-01 3.105946010476388908e-03 6.738717233517407812e-02 9.954557447380746327e-03 -9.682479720460272082e-03 -9.682479720460272082e-03 1.384137181203003997e-01
3.333333333333333148e-01 7.619047619047618625e-01 2.401651114183568723e-03 6.759439953503129650e-02 1.040543498771207172e-02 -8.557225863307109728e-03 -8.557225863307107994e-03 1.367385550704600661e-01
3.809523809523809312e-01 7.619047619047618625e-01 1.709520550189865202e-03 6.772840112379042987e-02 1.054350884916878221e-02 -6.640297583742042417e-03 -6.640297583742064969e-03 1.358122609526312696e-01
4.285714285714285476e-01 7.619047619047618625e-01 1.023768854878967299e-03 6.780776417152330204e-02 1.064014597798470900e-02 -4.177616756579187636e-03 -4.177616756579188503e-03 1.351606656666471951e-01
4.761904761904761640e-01 7.619047619047618625e-01 3.410287334280023060e-04 6.784463833237527886e-02 1.060144416826125716e-02 -1.415115011631248258e-03 -1.415115011631247607e-03 1.349464001994234164e-01
5.238095238095238360e-01 7.619047619047618625e-01 -3.407915552143830516e-04 6.784512515501622820e-02 1.065540539199737353e-02 1.448397555781861211e-03 1.448397555781850152e-03 1.348900027963518544e-01
5.714285714285713969e-01 7.619047619047618625e-01 -1.023323639216794758e-03 6.780918113758956089e-02 1.060910008110255674e-02 4.215632841892359185e-03 4.215632841892314950e-03 1.352041709749760567e-01
6.190476190476190688e-01 7.619047619047618625e-01 -1.708616760935347326e-03 6.773082375305622405e-02 1.061413991333052392e-02 6.673043859497601593e-03 6.673043859497587715e-03 1.357157877806743074e-01
6.666666666666666297e-01 7.619047619047618625e-01 -2.400139114862740765e-03 6.759777355304541491e-02 1.041160354391247253e-02 8.603977002575204439e-03 8.603977002575168009e-03 1.367991604115444959e-01
7.142857142857143016e-01 7.619047619047618625e-01 -3.103559274143168328e-03 6.739165453371787073e-02 1.001239960001697182e-02 9.723054979858248431e-03 9.723054979857969141e-03 1.382724426156166364e-01
7.619047619047618625e-01 7.619047619047618625e-01 -3.827910448573500300e-03 6.708797571550523253e-02 9.169869156346167546e-03 9.763229267905085274e-03 9.763229267904958639e-03 1.406864588053704512e-01
8.095238095238095344e-01 7.619047619047618625e-01 -4.585567522984630891e-03 6.665863155712138666e-02 7.632679472292350047e-03 8.462007142480009250e-03 8.462007142479882615e-03 1.437103778199009529e-01
8.571428571428570953e-01 7.619047619047618625e-01 -5.390674886278578118e-03 6.607666836276568367e-02 5.595229559261206964e-03 5.772979571220013262e-03 5.772979571219934332e-03 1.474587611615631733e-01
9.047619047619047672e-01 7.619047619047618625e-01 -6.253550126915720202e-03 6.532949953203878724e-02 2.841304826944646665e-03 2.276414954980591609e-03 2.276414954981125036e-03 1.512493035563225174e-01
9.523809523809523281e-01 7.619047619047618625e-01 -7.170102684219076608e-03 6.444108723280791984e-02 7.709717186447412243e-04 -6.354674180966826203e-04 -6.354674180965295309e-04 1.530307332646536622e-01
1.000000000000000000e+00 7.619047619047618625e-01 -8.114553686579758368e-03 6.349673672388279899e-02 -2.718714074792427573e-04 -3.936807219250361206e-04 -3.936807219250800308e-04 1.527098668966563599e-01
0.000000000000000000e+00 8.095238095238095344e-01 7.162404481890845623e-03 6.567795630532009821e-02 -5.129709596360400824e-04 4.805600588575136369e-04 4.805600588575139622e-04 1.514385740739274122e-01
4.761904761904761640e-02 8.095238095238095344e-01 6.215610919309785300e-03 6.665436436594653069e-02 1.259796441724700313e-03 -1.543418310532595258e-03 -1.543418310532596776e-03 1.553538742891027169e-01
9.523809523809523281e-02 8.095238095238095344e-01 5.299258023168481289e-03 6.750387943819868841e-02 5.034884052620298631e-03 -5.821126825676197804e-03 -5.821126825676195202e-03 1.550979334677727028e-01
1.428571428571428492e-01 8.095238095238095344e-01 4.466089036503914818e-03 6.817338971603199849e-02 1.023957599913936575e-02 -9.221503651897403064e-03 -9.221503651897403064e-03 1.503134431826531614e-01
1.904761904761904656e-01 8.095238095238095344e-01 3.726447465913947533e-03 6.867455638663921835e-02 1.386547775194104000e-02 -1.103807676942137120e-02 -1.103807676942137120e-02 1.453093486482837648e-01
2.380952380952380820e-01 8.095238095238095344e-01 3.064393358536073985e-03 6.903735500397385760e-02 1.677835705828762888e-02 -1.140390941569575066e-02 -1.140390941569575066e-02 1.409372206167733566e-01
2.857142857142856984e-01 8.095238095238095344e-01 2.457547650469634783e-03 6.929274956961983811e-02 1.833541871586200078e-02 -1.062485278253549013e-02 -1.062485278253549013e-02 1.373998259077327533e-01
3.333333333333333148e-01 8.095238095238095344e-01 1.886366750418685305e-03 6.946673285333201942e-02 1.922054103550609877e-02 -9.027213603277024767e-03 -9.027213603277026502e-03 1.351188425058146292e-01
3.809523809523809312e-01 8.095238095238095344e-01 1.336346367588619024e-03 6.957991567025476054e-02 1.966835169876232983e-02 -6.828399933699641662e-03 -6.828399933699641662e-03 1.334162770260981512e-01
4.285714285714285476e-01 8.095238095238095344e-01 7.981344455273205879e-04 6.964730094988919040e-02 1.977882072494060312e-02 -4.244010495429408752e-03 -4.244010495429408752e-03 1.325604234463706732e-01
4.761904761904761640e-01 8.095238095238095344e-01 2.656394179974179513e-04 6.967876331781823473e-02 1.989955689829930180e-02 -1.430710850923092373e-03 -1.430710850923085217e-03 1.320322795460600329e-01
5.238095238095238360e-01 8.095238095238095344e-01 -2.650715429705964056e-04 6.967911921481909077e-02 1.983594582232913947e-02 1.454238360428936755e-03 1.454238360428876907e-03 1.321063255503568123e-01
5.714285714285713969e-01 8.095238095238095344e-01 -7.973095467774813164e-04 6.964840823355906985e-02 1.986032287247660802e-02 4.265184977398127700e-03 4.265184977398079995e-03 1.324562586143989418e-01
6.190476190476190688e-01 8.095238095238095344e-01 -1.335083693201434335e-03 6.958176325317068367e-02 1.964992393573348692e-02 6.856876091794970526e-03 6.856876091794886392e-03 1.334930390032189329e-01
6.666666666666666297e-01 8.095238095238095344e-01 -1.884301297660151203e-03 6.946941835827223632e-02 1.928533336912605436e-02 9.049970664262238160e-03 9.049970664261818357e-03 1.349613184696742130e-01
7.142857142857143016e-01 8.095238095238095344e-01 -2.454579079626049379e-03 6.929630458441313201e-02 1.843037350041558387e-02 1.066592055346236682e-02 1.066592055346127048e-02 1.374950859238732448e-01
7.619047619047618625e-01 8.095238095238095344e-01 -3.060095358843953339e-03 6.904200926672210414e-02 1.672938188685992728e-02 1.144213847633230273e-02 1.144213847633163660e-02 1.407749385192106073e-01
8.095238095238095344e-01 8.095238095238095344e-01 -3.720745663110169767e-03 6.868040372466477361e-02 1.421096443128789383e-02 1.111180709305309433e-02 1.111180709305322790e-02 1.453197616875659404e-01
8.571428571428570953e-01 8.095238095238095344e-01 -4.459366223750277185e-03 6.818092172304165977e-02 9.904218455694422524e-03 9.316239015031362036e-03 9.316239015031339485e-03 1.505356153538756347e-01
9.047619047619047672e-01 8.095238095238095344e-01 -5.291845670298890060e-03 6.751225089609068364e-02 5.536413442957301492e-03 5.868355991308503612e-03 5.868355991308509684e-03 1.545439144355243155e-01
9.523809523809523281e-01 8.095238095238095344e-01 -6.207845843141900945e-03 6.666203309942031474e-02 1.051112016206220056e-03 1.688283056629647427e-03 1.688283056629679953e-03 1.563197474595424963e-01
1.000000000000000000e+00 8.095238095238095344e-01 -7.152540359875804270e-03 6.568290851904337591e-02 -1.332637490663887789e-04 -4.730722204598281273e-04 -4.730722204598201584e-04 1.507112450224527556e-01
0.000000000000000000e+00 8.571428571428570953e-01 6.087549562450656621e-03 6.785797832553425168e-02 -4.959601814124953113e-04 8.817203163277698673e-04 8.817203163277810346e-04 1.514181513029068393e-01
4.761904761904761640e-02 8.571428571428570953e-01 5.125185985042089547e-03 6.892301021388916316e-02 1.907039340839617727e-03 -5.870493665479897816e-03 -5.870493665479891744e-03 1.619849752879920224e-01
9.523809523809523281e-02 8.571428571428570953e-01 4.221677641773136438e-03 6.972208688691303169e-02 1.031865330479750202e-02 -1.205295660276015611e-02 -1.205295660276015611e-02 1.585318036410840736e-01
1.428571428571428492e-01 8.571428571428570953e-01 3.454905071900939064e-03 7.027901828051227873e-02 1.663305930195498050e-02 -1.471127661778670603e-02 -1.471127661778670950e-02 1.524866845145581018e-01
1.904761904761904656e-01 8.571428571428570953e-01 2.819054819828870247e-03 7.066624462276933916e-02 2.234637960960516451e-02 -1.491926106593391595e-02 -1.491926106593401136e-02 1.456610407504760618e-01
2.380952380952380820e-01 8.571428571428570953e-01 2.281496428840300121e-03 7.093762520420332507e-02 2.532773308564891315e-02 -1.376967357258659930e-02 -1.376967357258659930e-02 1.399228195034893651e-01
2.857142857142856984e-01 8.571428571428570953e-01 1.809714764777680231e-03 7.112691739574857064e-02 2.723460891888205768e-02 -1.194442211730424933e-02 -1.194442211730421810e-02 1.359143389545964253e-01
3.333333333333333148e-01 8.571428571428570953e-01 1.378792158659621677e-03 7.125616590419850405e-02 2.816521766153076006e-02 -9.669271963580550536e-03 -9.669271963580547066e-03 1.328068565808404045e-01
3.809523809523809312e-01 8.571428571428570953e-01 9.722475815166146777e-04 7.134080144492159492e-02 2.852435489898869775e-02 -7.107151513014823251e-03 -7.107151513014823251e-03 1.309867899704953431e-01
4.285714285714285476e-01 8.571428571428570953e-01 5.790875840648166328e-04 7.139157012980368311e-02 2.875518517974729599e-02 -4.338975652203711300e-03 -4.338975652203706963e-03 1.296831470775684225e-01
4.761904761904761640e-01 8.571428571428570953e-01 1.925769880014268406e-04 7.141537855511491395e-02 2.870800434031823764e-02 -1.456043681618087240e-03 -1.456043681618082036e-03 1.292314981652658568e-01
5.238095238095238360e-01 8.571428571428570953e-01 -1.919093206043790995e-04 7.141562824721607583e-02 2.880737910378122074e-02 1.466774102493447439e-03 1.466774102493577977e-03 1.291243112163044382e-01
5.714285714285713969e-01 8.571428571428570953e-01 -5.782140384262089011e-04 7.139232004666067055e-02 2.868474824650978430e-02 4.351419706899473452e-03 4.351419706899198499e-03 1.297771016882971196e-01
6.190476190476190688e-01 8.571428571428570953e-01 -9.708549494837713902e-04 7.134208058581967271e-02 2.862515275408578780e-02 7.115220395056179835e-03 7.115220395056248356e-03 1.308313288839456634e-01
6.666666666666666297e-01 8.571428571428570953e-01 -1.376742467885126286e-03 7.125802409545858862e-02 2.817366671540380910e-02 9.684670208639219874e-03 9.684670208637488620e-03 1.329189965538533635e-01
7.142857142857143016e-01 8.571428571428570953e-01 -1.806469859819217127e-03 7.112944364214900117e-02 2.727407793927697291e-02 1.195183829324255112e-02 1.195183829322833333e-02 1.356939133564254163e-01
7.619047619047618625e-01 8.571428571428570953e-01 -2.276976083939585317e-03 7.094105230653828531e-02 2.556495802454103114e-02 1.380606547818816893e-02 1.380606547819266533e-02 1.400416200461588323e-01
8.095238095238095344e-01 8.571428571428570953e-01 -2.812404348580443275e-03 7.067084092388779826e-02 2.212666655183300260e-02 1.494595947575764160e-02 1.494595947575726690e-02 1.454971866462445029e-01
8.571428571428570953e-01 8.571428571428570953e-01 -3.445609160069335909e-03 7.028558007655080764e-02 1.749025979539443540e-02 1.485465175292986946e-02 1.485465175292969078e-02 1.523260027741364375e-01
9.047619047619047672e-01 8.571428571428570953e-01 -4.211335904572853332e-03 6.973205583260848328e-02 9.419379611098321545e-03 1.222863488071521468e-02 1.222863488071521468e-02 1.597036006998263924e-01
9.523809523809523281e-01 8.571428571428570953e-01 -5.115965823419523634e-03 6.893292295371128420e-02 2.613061781387199592e-03 5.825896651316248877e-03 5.825896651316250612e-03 1.605858720836736420e-01
1.000000000000000000e+00 8.571428571428570953e-01 -6.082672276535064718e-03 6.786570136237672635e-02 -1.345301832588657659e-03 -6.902291874462167460e-04 -6.902291874462167460e-04 1.535038030917842411e-01
0.000000000000000000e+00 9.047619047619047672e-01 4.808142746913247022e-03 7.007748426980854595e-02 -5.134665475370833038e-03 3.412650301419017495e-03 3.412650301419017495e-03 1.576579615283463243e-01
4.761904761904761640e-02 9.047619047619047672e-01 3.791151861081901511e-03 7.128512207060848371e-02 8.589485836760930512e-03 -1.538658176498118070e-02 -1.538658176498118070e-02 1.692299711775444859e-01
9.523809523809523281e-02 9.047619047619047672e-01 2.955304646229025330e-03 7.195815214285332384e-02 1.843295630879466726e-02 -2.169671478847533599e-02 -2.169671478847533599e-02 1.625754564225706800e-01
1.428571428571428492e-01 9.047619047619047672e-01 2.332656562482902929e-03 7.234450743538267670e-02 2.843860048064424106e-02 -2.144483592132954627e-02 -2.144483592132954974e-02 1.523799870708660020e-01
1.904761904761904656e-01 9.047619047619047672e-01 1.862005532846512049e-03 7.259006126101119616e-02 3.277251639240900266e-02 -1.886308059115249236e-02 -1.886308059115250971e-02 1.437858418938043614e-01
2.380952380952380820e-01 9.047619047619047672e-01 1.486464064032102595e-03 7.275790809302225270e-02 3.539591229177193460e-02 -1.596775435000222232e-02 -1.596775435000222232e-02 1.378913157961688674e-01
2.857142857142856984e-01 9.047619047619047672e-01 1.168371974010215444e-03 7.287478183890527816e-02 3.659498657036346775e-02 -1.303328022308641344e-02 -1.303328022308641344e-02 1.332204444760916595e-01
3.333333333333333148e-01 9.047619047619047672e-01 8.851111509860388332e-04 7.295541657889821618e-02 3.701778184223264434e-02 -1.015006357280254581e-02 -1.015006357280254408e-02 1.302998299702937679e-01
3.809523809523809312e-01 9.047619047619047672e-01 6.218729770475457186e-04 7.300880367771710178e-02 3.725581011302183526e-02 -7.265260440276945925e-03 -7.265260440276944190e-03 1.280587228712976589e-01
4.285714285714285476e-01 9.047619047619047672e-01 3.696946095660552396e-04 7.304120399014175924e-02 3.713046163673387051e-02 -4.371224044729467469e-03 -4.371224044729464867e-03 1.269249608874604696e-01
4.761904761904761640e-01 9.047619047619047672e-01 1.228574498170857394e-04 7.305648648288010083e-02 3.722275365947834425e-02 -1.458436006825135963e-03 -1.458436006825132710e-03 1.262008799724330110e-01
5.238095238095238360e-01 9.047619047619047672e-01 -1.223291783294548412e-04 7.305663678139319439e-02 3.710234449908954985e-02 1.460105384651891455e-03 1.460105384651887118e-03 1.263129627761628571e-01
5.714285714285713969e-01 9.047619047619047672e-01 -3.689670712424383196e-04 7.304161601764788680e-02 3.726477083304945148e-02 4.370173027910615425e-03 4.370173027910602415e-03 1.267824579340342539e-01
6.190476190476190688e-01 9.047619047619047672e-01 -6.207960208850665275e-04 7.300954568282778945e-02 3.716631002142349594e-02 7.264716230715250779e-03 7.264716230715337515e-03 1.281785410451990459e-01
6.666666666666666297e-01 9.047619047619047672e-01 -8.833522402076264763e-04 7.295643895440875881e-02 3.714720803708163738e-02 1.014002053002009858e-02 1.014002053002518479e-02 1.300895479497759522e-01
7.142857142857143016e-01 9.047619047619047672e-01 -1.165794889021951487e-03 7.287626039520361809e-02 3.660294952522010620e-02 1.302970877851627497e-02 1.302970877852304560e-02 1.333793087342238781e-01
7.619047619047618625e-01 9.047619047619047672e-01 -1.482326417962503322e-03 7.275979490303191577e-02 3.544405013942358851e-02 1.594122484485539434e-02 1.594122484485877705e-02 1.375769419293694229e-01
8.095238095238095344e-01 9.047619047619047672e-01 -1.856228877665674860e-03 7.259292096930719529e-02 3.314440732217441982e-02 1.889077760211934492e-02 1.889077760212039617e-02 1.439970593213302785e-01
8.571428571428570953e-01 9.047619047619047672e-01 -2.322880448020609584e-03 7.234822947984832775e-02 2.801479946037630300e-02 2.142654431716205926e-02 2.142654431716210089e-02 1.520367118057191491e-01
9.047619047619047672e-01 9.047619047619047672e-01 -2.938980321512498807e-03 7.196676553028483192e-02 2.079843948259254768e-02 2.210338053756098070e-02 2.210338053756098764e-02 1.623488001496511124e-01
9.523809523809523281e-01 9.047619047619047672e-01 -3.773991541029550565e-03 7.129809051211750959e-02 5.564601520352529911e-03 1.567285084399003964e-02 1.567285084399003964e-02 1.743605011977966135e-01
1.000000000000000000e+00 9.047619047619047672e-01 -4.774448720388022385e-03 7.009540533715860611e-02 -2.723102348871104996e-03 -1.642768768866924734e-03 -1.642768768866924734e-03 1.576175533464618250e-01
0.000000000000000000e+00 9.523809523809523281e-01 3.048239167059604328e-03 7.252299959138483465e-02 1.199071503421901075e-03 4.061808570060813743e-03 4.061808570060816345e-03 1.657142672857756793e-01
4.761904761904761640e-02 9.523809523809523281e-01 2.052651189186541388e-03 7.375930407032714464e-02 2.131655277063183862e-02 -3.513875899951782872e-02 -3.513875899951781484e-02 1.827421442553993636e-01
9.523809523809523281e-02 9.523809523809523281e-01 1.478308381843360325e-03 7.412785124385452840e-02 3.925845330003474576e-02 -3.267300620816945833e-02 -3.267300620816945139e-02 1.626308269714689669e-01
1.428571428571428492e-01 9.523809523809523281e-01 1.133411095367144487e-03 7.429813124674648772e-02 4.425622237849746038e-02 -2.635391008972316762e-02 -2.635391008972316068e-02 1.481476871513206228e-01
1.904761904761904656e-01 9.523809523809523281e-01 8.946692870822038840e-04 7.440080824028939832e-02 4.559183337288946758e-02 -2.109112146549092098e-02 -2.109112146549088282e-02 1.402831842777536309e-01
2.380952380952380820e-01 9.523809523809523281e-01 7.086574232401115928e-04 7.447263260790021322e-02 4.614155374927753767e-02 -1.691932114102649709e-02 -1.691932114102649709e-02 1.341887936325918129e-01
2.857142857142856984e-01 9.523809523809523281e-01 5.547618390481443007e-04 7.452333393647420090e-02 4.583140458664650835e-02 -1.331703452720043451e-02 -1.331703452720043451e-02 1.302593847736114585e-01
3.333333333333333148e-01 9.523809523809523281e-01 4.191004966194380598e-04 7.455937732590743605e-02 4.572120245149585011e-02 -1.013275404909577508e-02 -1.013275404909577508e-02 1.271301273094836704e-01
3.809523809523809312e-01 9.523809523809523281e-01 2.941435458896803209e-04 7.458353884890699115e-02 4.520912113570322438e-02 -7.132729508764096803e-03 -7.132729508764095068e-03 1.252818561464986713e-01
4.285714285714285476e-01 9.523809523809523281e-01 1.747455916407457757e-04 7.459859417765798972e-02 4.512093129691504417e-02 -4.252236883459130021e-03 -4.252236883459128286e-03 1.239111189033324928e-01
4.761904761904761640e-01 9.523809523809523281e-01 5.807182178278166894e-05 7.460564477032981257e-02 4.481152194255867693e-02 -1.413381953878030395e-03 -1.413381953878036250e-03 1.234392927584822969e-01
5.238095238095238360e-01 9.523809523809523281e-01 -5.780180376216166317e-05 7.460578053599373205e-02 4.497789200765516665e-02 1.409438686359497719e-03 1.409438686359437221e-03 1.233193141312486085e-01
5.714285714285713969e-01 9.523809523809523281e-01 -1.743931256833220486e-04 7.459866776037635261e-02 4.495681424294763889e-02 4.242354960266325054e-03 4.242354960266026681e-03 1.240227148273327917e-01
6.190476190476190688e-01 9.523809523809523281e-01 -2.935172071593366433e-04 7.458391436848958722e-02 4.539846158039615581e-02 7.126906664582536265e-03 7.126906664581034861e-03 1.251193239799738566e-01
6.666666666666666297e-01 9.523809523809523281e-01 -4.182265766344310715e-04 7.455964089580649490e-02 4.555060866979921547e-02 1.010216838744976663e-02 1.010216838744837364e-02 1.272658965419067867e-01
7.142857142857143016e-01 9.523809523809523281e-01 -5.531306674942578763e-04 7.452401950749863724e-02 4.605744404328548924e-02 1.330640707403883162e-02 1.330640707402769816e-02 1.300193258859807799e-01
7.619047619047618625e-01 9.523809523809523281e-01 -7.065865698131757432e-04 7.447305378497794115e-02 4.599408283402330044e-02 1.684075185070935468e-02 1.684075185071323699e-02 1.343893701010844821e-01
8.095238095238095344e-01 9.523809523809523281e-01 -8.906304492266336505e-04 7.440214482664120332e-02 4.585095278947567271e-02 2.109196970727735335e-02 2.109196970727787376e-02 1.398583491187857242e-01
8.571428571428570953e-01 9.523809523809523281e-01 -1.129390142588539148e-03 7.429806035185329560e-02 4.423020631402413416e-02 2.620264847074244355e-02 2.620264847074248171e-02 1.486125673498661648e-01
9.047619047619047672e-01 9.523809523809523281e-01 -1.463730884234142613e-03 7.413101336482104398e-02 3.979684865952413247e-02 3.305898328572017680e-02 3.305898328572018374e-02 1.604549583238093768e-01
9.523809523809523281e-01 9.523809523809523281e-01 -2.020551612413357210e-03 7.377175308794757524e-02 2.582542094565357799e-02 3.599134573595282049e-02 3.599134573595282049e-02 1.788690743373699821e-01
1.000000000000000000e+00 9.523809523809523281e-01 -3.059399586642304585e-03 7.250761223093488139e-02 -1.524289183550095114e-02 2.780996542995964587e-03 2.780996542995965888e-03 1.977531257759824190e-01
0.000000000000000000e+00 1.000000000000000000e+00 -1.768508865662882251e-20 7.606899999999999773e-02 8.024548008762916185e-02 -7.607152385782409154e-02 -7.607152385782409154e-02 2.996516639192443043e-01
4.761904761904761640e-02 1.000000000000000000e+00 -2.685586469152576456e-20 7.606899999999999773e-02 6.849161016823336612e-02 -4.762657238727695946e-02 -4.762657238727691089e-02 1.841576067792050075e-01
9.523809523809523281e-02 1.000000000000000000e+00 -4.027278345375386304e-15 7.606899999999999773e-02 6.345188041373024668e-02 -3.193714203756384262e-02 -3.193714203756376629e-02 1.504737462331577347e-01
1.428571428571428492e-01 1.000000000000000000e+00 -2.341184592503071267e-20 7.606899999999999773e-02 6.070487405543825710e-02 -2.561987845685493800e-02 -2.561987845685494494e-02 1.420123357558483734e-01
1.904761904761904656e-01 1.000000000000000000e+00 2.636514555314149456e-20 7.606899999999999773e-02 5.803622102144886941e-02 -2.003569316595442407e-02 -2.003569316595442754e-02 1.350072623813808603e-01
2.380952380952380820e-01 1.000000000000000000e+00 -1.502438604763781921e-20 7.606899999999999773e-02 5.594748097868530029e-02 -1.602796108058468158e-02 -1.602796108058468158e-02 1.305121639367751996e-01
2.857142857142856984e-01 1.000000000000000000e+00 5.033211669486482241e-20 7.606899999999999773e-02 5.446272357197128045e-02 -1.247685922584634843e-02 -1.247685922584634843e-02 1.266853948357133941e-01
3.333333333333333148e-01 1.000000000000000000e+00 -1.247705643947529434e-20 7.606899999999999773e-02 5.327245197510412783e-02 -9.480502498526267169e-03 -9.480502498526265434e-03 1.242675903119169895e-01
3.809523809523809312e-01 1.000000000000000000e+00 -2.516264654127521356e-15 7.606899999999999773e-02 5.254393513902698432e-02 -6.638626446891225316e-03 -6.638626446891225316e-03 1.222685694137146672e-01
4.285714285714285476e-01 1.000000000000000000e+00 -2.267299426714350755e-20 7.606900000000001161e-02 5.198640763163004525e-02 -3.958362010832602168e-03 -3.958362010832627322e-03 1.212729872881976312e-01
4.761904761904761640e-01 1.000000000000000000e+00 -1.148942686095018610e-15 7.606899999999999773e-02 5.180454770757304123e-02 -1.313188474325456155e-03 -1.313188474325471550e-03 1.205750784817034293e-01
5.238095238095238360e-01 1.000000000000000000e+00 4.713522097235487196e-21 7.606899999999999773e-02 5.174449679126080781e-02 1.310131596364675494e-03 1.310131596364696961e-03 1.207098374499560034e-01
5.714285714285713969e-01 1.000000000000000000e+00 -2.429894295153043496e-14 7.606899999999999773e-02 5.204219665690118513e-02 3.941792553135274081e-03 3.941792553135125762e-03 1.211179581892943002e-01
6.190476190476190688e-01 1.000000000000000000e+00 1.136948593935581534e-20 7.606899999999999773e-02 5.247785609410812041e-02 6.643353473933188112e-03 6.643353473933167296e-03 1.224169925776981971e-01
6.666666666666666297e-01 1.000000000000000000e+00 -1.219261939440874589e-20 7.606899999999999773e-02 5.332528921740509881e-02 9.421311712187942222e-03 9.421311712188382842e-03 1.240620780134518847e-01
7.142857142857143016e-01 1.000000000000000000e+00 1.907776803418737886e-20 7.606899999999999773e-02 5.439382155419166670e-02 1.250428877294796313e-02 1.250428877294560565e-02 1.268805090962522586e-01
7.619047619047618625e-01 1.000000000000000000e+00 7.180340773279650262e-16 7.606899999999999773e-02 5.599332196870252659e-02 1.586435746997071419e-02 1.586435746996880253e-02 1.302166047146587347e-01
8.095238095238095344e-01 1.000000000000000000e+00 2.999181867684595182e-20 7.606899999999999773e-02 5.799513259309671542e-02 2.015468960625184727e-02 2.015468960625096603e-02 1.353389286608895348e-01
8.571428571428570953e-01 1.000000000000000000e+00 4.305054623145639306e-17 7.606899999999999773e-02 6.066052315515300941e-02 2.533114190627450482e-02 2.533114190627454645e-02 1.413170187928675658e-01
9.047619047619047672e-01 1.000000000000000000e+00 5.100102589781674079e-20 7.606899999999999773e-02 6.437816057811633630e-02 3.360106485366823326e-02 3.360106485366823326e-02 1.521236695292067231e-01
9.523809523809523281e-01 1.000000000000000000e+00 -5.630253692329892065e-20 7.606899999999999773e-02 6.977708326132092687e-02 4.900483208462834417e-02 4.900483208462835805e-02 1.685962273726218097e-01
1.000000000000000000e+00 1.000000000000000000e+00 1.399639413265043555e-19 7.606899999999995610e-02 1.642610112872733841e-01 1.048147142101979318e-01 1.048147142101979318e-01 3.525317221435162462e-01
