0.000000000000000000e+00 0.000000000000000000e+00 -5.358975976666425336e-19 -4.513905352241348814e-19 2.428763294696271446e-01 1.351719606323474043e-01 1.351719606323474598e-01 4.137400560583495701e-01
4.761904761904761640e-02 0.000000000000000000e+00 -4.153566969552650186e-17 -3.941822621412729105e-19 8.385072079849163751e-02 6.819776070655628186e-02 6.819776070655654554e-02 1.607271833148545548e-01
9.523809523809523281e-02 0.000000000000000000e+00 -3.293919493195797329e-19 -2.227723731391685926e-19 8.012077718641326396e-02 5.157888810832602505e-02 5.157888810832600424e-02 1.509482408568732503e-01
1.428571428571428492e-01 0.000000000000000000e+00 -3.197761899028212995e-19 -2.650177951914392278e-19 7.929090662925389332e-02 4.278361581943141562e-02 4.278361581943145031e-02 1.467355710363350829e-01
1.904761904761904656e-01 0.000000000000000000e+00 -2.192893083372329343e-19 -1.936424229310116001e-19 7.986606596252553147e-02 3.621812299743321084e-02 3.621812299743320390e-02 1.483407048311461696e-01
2.380952380952380820e-01 0.000000000000000000e+00 -2.194613032532524803e-19 -2.614775260737057313e-19 8.093531797382928772e-02 3.002595712585512736e-02 3.002595712585513429e-02 1.502719435628181721e-01
2.857142857142856984e-01 0.000000000000000000e+00 -1.509551701905181457e-19 -1.960704426816529796e-19 8.215073944105941162e-02 2.427290542200740558e-02 2.427290542200740905e-02 1.525700383018911976e-01
3.333333333333333148e-01 0.000000000000000000e+00 -1.455643200585072711e-19 -1.964419010829839178e-19 8.321335462457445098e-02 1.862434303572957014e-02 1.862434303572957014e-02 1.547937810065454778e-01
3.809523809523809312e-01 0.000000000000000000e+00 -9.157127269413520181e-20 -2.007862009077837364e-19 8.416444308193467283e-02 1.320386471514971467e-02 1.320386471514971467e-02 1.563290274121988122e-01
4.285714285714285476e-01 0.000000000000000000e+00 -4.919227667334705602e-20 -3.165359462769060017e-19 8.471395161109394889e-02 7.849301856948678185e-03 7.849301856948678185e-03 1.576646488545481728e-01
4.761904761904761640e-01 0.000000000000000000e+00 -3.619742138255187546e-20 -2.037783534295562529e-19 8.510026194294206814e-02 2.594826032457168627e-03 2.594826032457169061e-03 1.580723297941085681e-01
5.238095238095238360e-01 0.000000000000000000e+00 -3.159224423169269320e-20 -2.038291282759770417e-19 8.502624458837609867e-02 -2.645995076537749607e-03 -2.645995076537749607e-03 1.582561293937740365e-01
5.714285714285713969e-01 0.000000000000000000e+00 1.767687753809947874e-20 -2.042937670147410607e-19 8.478387245369395364e-02 -7.923652017622529950e-03 -7.923652017622531685e-03 1.574832136566999552e-01
6.190476190476190688e-01 0.000000000000000000e+00 2.218516518698388661e-20 -2.041147022477764729e-19 8.409759482066339609e-02 -1.324538702583163280e-02 -1.324538702583163280e-02 1.564931493139287144e-01
6.666666666666666297e-01 0.000000000000000000e+00 9.660037793332661643e-20 -2.003980131619251508e-19 8.326412876164697441e-02 -1.873842613740771268e-02 -1.873842613740770921e-02 1.546499258228953011e-01
7.142857142857143016e-01 0.000000000000000000e+00 1.579704617786399218e-19 -2.656687438275481717e-19 8.211380847903440583e-02 -2.431997201183866419e-02 -2.431997201183866419e-02 1.526494261415256015e-01
7.619047619047618625e-01 0.000000000000000000e+00 1.306958638523241078e-19 -1.981217655877200099e-19 8.093540122159889605e-02 -3.021841773659601424e-02 -3.021841773659601424e-02 1.503021861443141483e-01
8.095238095238095344e-01 0.000000000000000000e+00 2.427601132236520296e-19 -2.604794457490033683e-19 7.987980380493689414e-02 -3.623224839374619699e-02 -3.623224839374619699e-02 1.480647843271027109e-01
8.571428571428570953e-01 0.000000000000000000e+00 1.963795707601567192e-19 -1.946022879964339415e-19 7.932686110155202919e-02 -4.303483387119433345e-02 -4.303483387119433345e-02 1.476517226955009476e-01
9.047619047619047672e-01 0.000000000000000000e+00 3.542418648465175377e-19 -2.710860294341637008e-19 7.895905999239109796e-02 -4.956798210333251270e-02 -4.956798210333251270e-02 1.481108499814173807e-01
9.523809523809523281e-01 0.000000000000000000e+00 2.779228115448678477e-19 -2.105473765251567683e-19 8.337855131811469644e-02 -6.642226437608270140e-02 -6.642226437608270140e-02 1.836966503180675891e-01
1.000000000000000000e+00 0.000000000000000000e+00 2.557881192184167481e-19 -1.691915634905526288e-19 1.105270095144386261e-01 -9.896457839902898790e-02 -9.896457839902898790e-02 3.339134587445393154e-01
0.000000000000000000e+00 4.761904761904761640e-02 1.215788018266666937e-02 1.068859436710058869e-02 -2.011872534039663846e-02 5.819940720986085080e-03 5.819940720986100692e-03 1.932466454677436440e-01
4.761904761904761640e-02 4.761904761904761640e-02 8.526919213434413364e-03 6.006165573194304462e-03 3.279131404412155559e-02 5.217246267132114035e-02 5.217246267132114729e-02 1.741705680729679628e-01
9.523809523809523281e-02 4.761904761904761640e-02 6.633563218096117861e-03 5.007294188799004016e-03 5.241937996031671015e-02 4.974246578649928197e-02 4.974246578649929584e-02 1.600032384204590208e-01
1.428571428571428492e-01 4.761904761904761640e-02 5.465460724694550139e-03 4.763158705259678757e-03 5.905281733817631384e-02 4.139851179799219211e-02 4.139851179799169945e-02 1.556709727935530196e-01
1.904761904761904656e-01 4.761904761904761640e-02 4.541352920950028280e-03 4.722724563142129475e-03 6.303252568133960176e-02 3.461460723578586168e-02 3.461460723578584781e-02 1.547115225464230914e-01
2.380952380952380820e-01 4.761904761904761640e-02 3.736758863327784442e-03 4.755569330162895576e-03 6.578517002748429654e-02 2.839868854274760906e-02 2.839868854274757437e-02 1.563166420120625510e-01
2.857142857142856984e-01 4.761904761904761640e-02 2.994472159333833646e-03 4.806706825227670919e-03 6.788517104951023728e-02 2.274645788579876191e-02 2.274645788579877578e-02 1.582865452703525189e-01
3.333333333333333148e-01 4.761904761904761640e-02 2.292885655196087204e-03 4.857432174195379544e-03 6.984787876029474596e-02 1.737903295325442590e-02 1.737903295325442590e-02 1.600786328160255234e-01
3.809523809523809312e-01 4.761904761904761640e-02 1.618368111554981635e-03 4.899610591574274365e-03 7.097277989460197556e-02 1.226260302828785335e-02 1.226260302828785162e-02 1.617107083431563175e-01
4.285714285714285476e-01 4.761904761904761640e-02 9.625445656987447569e-04 4.928415967096867224e-03 7.213008853474740800e-02 7.283432482336891188e-03 7.283432482336891188e-03 1.626396889473521457e-01
4.761904761904761640e-01 4.761904761904761640e-02 3.173492036452209395e-04 4.943661178377305350e-03 7.232879863925911756e-02 2.402543830303678282e-03 2.402543830303678282e-03 1.633068159731399516e-01
5.238095238095238360e-01 4.761904761904761640e-02 -3.243582668196279837e-04 4.943344652492884066e-03 7.258516500129839899e-02 -2.452546667538411593e-03 -2.452546667538503967e-03 1.631754445457287706e-01
5.714285714285713969e-01 4.761904761904761640e-02 -9.698490190855895039e-04 4.928967593962278043e-03 7.186219323179651730e-02 -7.342219398515339307e-03 -7.342219398515346246e-03 1.627718800741360938e-01
6.190476190476190688e-01 4.761904761904761640e-02 -1.626721015590584189e-03 4.899636446071665465e-03 7.118966670044041267e-02 -1.231465822334963482e-02 -1.231465822334963656e-02 1.615961154730255200e-01
6.666666666666666297e-01 4.761904761904761640e-02 -2.302390919467285808e-03 4.858293081751619003e-03 6.959761601011987819e-02 -1.746019440273753609e-02 -1.746019440273753609e-02 1.601902225410467007e-01
7.142857142857143016e-01 4.761904761904761640e-02 -3.006684861185478317e-03 4.807628531328251784e-03 6.798530590385243322e-02 -2.281187370828894473e-02 -2.281187370828894473e-02 1.582468949529912405e-01
7.619047619047618625e-01 4.761904761904761640e-02 -3.751854705178320898e-03 4.756710632606280659e-03 6.562390409748977693e-02 -2.853326345282876028e-02 -2.853326345282876722e-02 1.563107934410632449e-01
8.095238095238095344e-01 4.761904761904761640e-02 -4.563481268454577452e-03 4.726725726803123959e-03 6.282863137857339075e-02 -3.467787231310295870e-02 -3.467787231310296564e-02 1.550171326979404574e-01
8.571428571428570953e-01 4.761904761904761640e-02 -5.489880320735608145e-03 4.761160196301515365e-03 5.915218944023219183e-02 -4.166210283493533562e-02 -4.166210283493533562e-02 1.550976245829143452e-01
9.047619047619047672e-01 4.761904761904761640e-02 -6.707349688326234155e-03 5.022080587543383684e-03 5.108792366601980911e-02 -4.923754576984092080e-02 -4.923754576984092080e-02 1.634318065926523844e-01
9.523809523809523281e-01 4.761904761904761640e-02 -8.671758899269086177e-03 6.058229216944572594e-03 2.802906519394024812e-02 -5.120724821107640323e-02 -5.120724821107640323e-02 1.789724817653868261e-01
1.000000000000000000e+00 4.761904761904761640e-02 -1.213817273717174468e-02 1.066841215798060467e-02 9.628690236167142561e-04 4.912268120192885175e-03 4.912268120192902522e-03 1.498983548995647674e-01
0.000000000000000000e+00 9.523809523809523281e-02 1.886687993919218889e-02 1.692782407615795598e-02 -3.915888779326023167e-03 -1.599927546994728928e-03 -1.599927546994717436e-03 1.325696730619309038e-01
4.761904761904761640e-02 9.523809523809523281e-02 1.561350452675852943e-02 1.271361544186599794e-02 8.044331431886250772e-03 2.538531084414136565e-02 2.538531084414141423e-02 1.659018418034128306e-01
9.523809523809523281e-02 9.523809523809523281e-02 1.274863599416846405e-02 1.091358771468526820e-02 2.819246549372038738e-02 3.509336366473306268e-02 3.509336366473300023e-02 1.619786097109107148e-01
1.428571428571428492e-01 9.523809523809523281e-02 1.052800422806000891e-02 1.027368928935766187e-02 3.825911721785939940e-02 3.408693035712533070e-02 3.408693035712530989e-02 1.603492213582553005e-01
1.904761904761904656e-01 9.523809523809523281e-02 8.713507808586406708e-03 1.009112311279605420e-02 4.635471221079429105e-02 2.998806809592129488e-02 2.998806809592129488e-02 1.605870399358399481e-01
2.380952380952380820e-01 9.523809523809523281e-02 7.131099107880233511e-03 1.008921471900296220e-02 5.095957269728359357e-02 2.509657210176167302e-02 2.509657210176173894e-02 1.617719306118364231e-01
2.857142857142856984e-01 9.523809523809523281e-02 5.692169500581732711e-03 1.014971158794336636e-02 5.489244213871861955e-02 2.020594499320330084e-02 2.020594499320334247e-02 1.634228356864790010e-01
3.333333333333333148e-01 9.523809523809523281e-02 4.345380355887273893e-03 1.022313033580779865e-02 5.728942615899667440e-02 1.546340175499003392e-02 1.546340175499003738e-02 1.651499383598778736e-01
3.809523809523809312e-01 9.523809523809523281e-02 3.061314896028073662e-03 1.028754200623882564e-02 5.951956278542487599e-02 1.090064105692613652e-02 1.090064105692610703e-02 1.663693650506050115e-01
4.285714285714285476e-01 9.523809523809523281e-02 1.818454004087378170e-03 1.033366923892819166e-02 6.049974401770861349e-02 6.473433804004581453e-03 6.473433804004579718e-03 1.674362506850428089e-01
4.761904761904761640e-01 9.523809523809523281e-02 5.992518511964570411e-04 1.035747350253694854e-02 6.141569715740311658e-02 2.135213914511367630e-03 2.135213914511367630e-03 1.677739678598232642e-01
5.238095238095238360e-01 9.523809523809523281e-02 -6.124184978197862519e-04 1.035775960055078729e-02 6.111823711223453998e-02 -2.174649446343327169e-03 -2.174649446343327169e-03 1.679159992612141716e-01
5.714285714285713969e-01 9.523809523809523281e-02 -1.832319658827967230e-03 1.033441644375071577e-02 6.076708304875366728e-02 -6.515421331446830458e-03 -6.515421331446826121e-03 1.673048280861035852e-01
6.190476190476190688e-01 9.523809523809523281e-02 -3.076652018714305745e-03 1.028903993028272394e-02 5.918961476677123135e-02 -1.094198383515220495e-02 -1.094198383515220495e-02 1.665104309131077986e-01
6.666666666666666297e-01 9.523809523809523281e-02 -4.363273802179185902e-03 1.022549311491003504e-02 5.751445361237302045e-02 -1.551227396294043055e-02 -1.551227396294042535e-02 1.650564144440642700e-01
7.142857142857143016e-01 9.523809523809523281e-02 -5.713672584052504645e-03 1.015354576726459901e-02 5.449649871573441356e-02 -2.025073657140005409e-02 -2.025073657140005409e-02 1.635256902139999580e-01
7.619047619047618625e-01 9.523809523809523281e-02 -7.159171036052466332e-03 1.009513318795346622e-02 5.114196859161708464e-02 -2.515596271840379178e-02 -2.515596271840379178e-02 1.618238521626266246e-01
8.095238095238095344e-01 9.523809523809523281e-02 -8.749019859491703743e-03 1.010128815390697217e-02 4.564155001598877576e-02 -2.999277676473790719e-02 -2.999277676473790719e-02 1.605200987376629862e-01
8.571428571428570953e-01 9.523809523809523281e-02 -1.058274698420430190e-02 1.028921094778324948e-02 3.876478474912603556e-02 -3.410797594852461867e-02 -3.410797594852463949e-02 1.606923311429173939e-01
9.047619047619047672e-01 9.523809523809523281e-02 -1.283321507346711285e-02 1.095344832037479545e-02 2.491712988331250267e-02 -3.455440803364966118e-02 -3.455440803364966118e-02 1.620057845804008523e-01
9.523809523809523281e-01 9.523809523809523281e-02 -1.569918406543342748e-02 1.277961654147265723e-02 1.183168143292662698e-02 -2.503778389995517037e-02 -2.503778389995517384e-02 1.590828286265135172e-01
1.000000000000000000e+00 9.523809523809523281e-02 -1.902979761000752820e-02 1.702421072326435261e-02 -7.382818792515191686e-03 4.361061811423835519e-03 4.361061811423970827e-03 1.325413705395443731e-01
0.000000000000000000e+00 1.428571428571428492e-01 2.353640820918911566e-02 2.216909621102206712e-02 -1.905344242614397327e-03 -7.171063038625152429e-04 -7.171063038625045093e-04 1.212692884572301316e-01
4.761904761904761640e-02 1.428571428571428492e-01 2.055322643070272431e-02 1.898033575810962117e-02 3.624390824347207586e-03 1.205024750635220673e-02 1.205024750635263521e-02 1.452332218529236441e-01
9.523809523809523281e-02 1.428571428571428492e-01 1.748404659216845972e-02 1.714663075878940235e-02 1.304875106030437687e-02 2.163212521528612431e-02 2.163212521528610696e-02 1.582548215132718317e-01
1.428571428571428492e-01 1.428571428571428492e-01 1.469621192998936225e-02 1.630768712595579914e-02 2.467219928393549200e-02 2.446923327014843483e-02 2.446923327014842095e-02 1.613757999825472245e-01
1.904761904761904656e-01 1.428571428571428492e-01 1.223103732936355222e-02 1.599525531656472918e-02 3.207715069016641579e-02 2.319423664081276745e-02 2.319423664081276745e-02 1.640549418844416130e-01
2.380952380952380820e-01 1.428571428571428492e-01 1.001825429724388997e-02 1.593085724681903015e-02 3.895033025761609341e-02 2.022230235365847506e-02 2.022230235365847506e-02 1.658890871484298979e-01
2.857142857142856984e-01 1.428571428571428492e-01 7.988577436478995486e-03 1.596907460857636615e-02 4.319410688934519765e-02 1.658356727239014214e-02 1.658356727239014908e-02 1.678246251761793262e-01
3.333333333333333148e-01 1.428571428571428492e-01 6.091100951085510161e-03 1.603865826555496768e-02 4.709089578022419148e-02 1.281481920394700671e-02 1.281481920394700671e-02 1.692555446311635459e-01
3.809523809523809312e-01 1.428571428571428492e-01 4.286471346334807218e-03 1.610636004131415708e-02 4.923671024002049257e-02 9.068506206837063585e-03 9.068506206837063585e-03 1.706166452107824860e-01
4.285714285714285476e-01 1.428571428571428492e-01 2.544421684182378122e-03 1.615672990372737580e-02 5.119971840108211020e-02 5.398069163041079900e-03 5.398069163041079900e-03 1.713177081512023414e-01
4.761904761904761640e-01 1.428571428571428492e-01 8.382933756776589493e-04 1.618342119165510490e-02 5.166122466933530805e-02 1.784248437355067524e-03 1.784248437355066223e-03 1.718824293894898325e-01
5.238095238095238360e-01 1.428571428571428492e-01 -8.562853538178098267e-04 1.618388555231415477e-02 5.198283079565434173e-02 -1.807651160983858151e-03 -1.807651160983859018e-03 1.717450312041831906e-01
5.714285714285713969e-01 1.428571428571428492e-01 -2.563215980091630448e-03 1.615839602492909893e-02 5.083621743995742764e-02 -5.419901832289387988e-03 -5.419901832289387121e-03 1.714628638875938527e-01
6.190476190476190688e-01 1.428571428571428492e-01 -4.307133327190501570e-03 1.610926504716946733e-02 4.953610591430216564e-02 -9.090661971055891827e-03 -9.090661971055890092e-03 1.704906407379466471e-01
6.666666666666666297e-01 1.428571428571428492e-01 -6.114441630759723072e-03 1.604345806309925501e-02 4.664292832403516692e-02 -1.282786597769934415e-02 -1.282786597769934415e-02 1.694053778057618975e-01
7.142857142857143016e-01 1.428571428571428492e-01 -8.016529340585384217e-03 1.597633276987720299e-02 4.350365288614888720e-02 -1.659799637093184801e-02 -1.659799637093184455e-02 1.677218843308225515e-01
7.619047619047618625e-01 1.428571428571428492e-01 -1.005171419182704362e-02 1.594213267562345770e-02 3.827859490770279399e-02 -2.019187065889278820e-02 -2.019187065889278820e-02 1.660453188684181125e-01
8.095238095238095344e-01 1.428571428571428492e-01 -1.227359262190085357e-02 1.601259365213285671e-02 3.256297693030214130e-02 -2.316661645977475745e-02 -2.316661645977475398e-02 1.638949320115841990e-01
8.571428571428570953e-01 1.428571428571428492e-01 -1.475058536640031295e-02 1.633497594808050457e-02 2.331409549124087086e-02 -2.425060737934853564e-02 -2.425060737934849053e-02 1.617645168236688524e-01
9.047619047619047672e-01 1.428571428571428492e-01 -1.754151680810123182e-02 1.719321545178029154e-02 1.426584177825841043e-02 -2.136848562638955437e-02 -2.136848562638954743e-02 1.564270908443110841e-01
9.523809523809523281e-01 1.428571428571428492e-01 -2.060502071144515793e-02 1.902960525035941874e-02 2.651572718447608307e-03 -1.202649288562565068e-02 -1.202649288562564894e-02 1.471616442053657603e-01
1.000000000000000000e+00 1.428571428571428492e-01 -2.356558643996584101e-02 2.220703652569456718e-02 -7.063511126422251105e-04 9.171458068262902013e-04 9.171458068294405675e-04 1.183132872663880675e-01
0.000000000000000000e+00 1.904761904761904656e-01 2.665226468308523958e-02 2.698780187518098894e-02 -1.841580260135810946e-04 -3.517320315008031048e-04 -3.517320315007303006e-04 1.120932632346557517e-01
4.761904761904761640e-02 1.904761904761904656e-01 2.386523574308300685e-02 2.480215675686541638e-02 1.364745466996721999e-03 6.275694611917709276e-03 6.275694611917681520e-03 1.374597534174410718e-01
9.523809523809523281e-02 1.904761904761904656e-01 2.080051014266305620e-02 2.336513988144492057e-02 7.979293056401695963e-03 1.248060917956582416e-02 1.248060917956582243e-02 1.513604140375579554e-01
1.428571428571428492e-01 1.904761904761904656e-01 1.776814761718655683e-02 2.259393759011367811e-02 1.500401404695692227e-02 1.565894690455636035e-02 1.565894690455633953e-02 1.608382162354921319e-01
1.904761904761904656e-01 1.904761904761904656e-01 1.491046300366258119e-02 2.225865296618859124e-02 2.331568573834534239e-02 1.596290539331767649e-02 1.596290539331767649e-02 1.652128433001616714e-01
2.380952380952380820e-01 1.904761904761904656e-01 1.225744393304717579e-02 2.215853445495237842e-02 2.916384454619379979e-02 1.449919313786411298e-02 1.449919313786411472e-02 1.687376625226933435e-01
2.857142857142856984e-01 1.904761904761904656e-01 9.786851801927582556e-03 2.216969508366727418e-02 3.490936982034142239e-02 1.221614418960388464e-02 1.221614418960388637e-02 1.707870788485516544e-01
3.333333333333333148e-01 1.904761904761904656e-01 7.463578564031474530e-03 2.222203718961918151e-02 3.846176562827537809e-02 9.572532917984197254e-03 9.572532917984197254e-03 1.726501486953392617e-01
3.809523809523809312e-01 1.904761904761904656e-01 5.251675920285982756e-03 2.227946506647287064e-02 4.178507268338543107e-02 6.835391993276552711e-03 6.835391993276551843e-03 1.737104122942487727e-01
4.285714285714285476e-01 1.904761904761904656e-01 3.116737756458809287e-03 2.232442922506602465e-02 4.328974338587923687e-02 4.087055652108037736e-03 4.087055652108037736e-03 1.746571599069378644e-01
4.761904761904761640e-01 1.904761904761904656e-01 1.027021121339439071e-03 2.234875363284676703e-02 4.458925698806506105e-02 1.357927924292396619e-03 1.357927924292396836e-03 1.749105600268271721e-01
5.238095238095238360e-01 1.904761904761904656e-01 -1.048095124801914869e-03 2.234958240466321938e-02 4.421295913740692224e-02 -1.362400147630890741e-03 -1.362400147630890308e-03 1.750539956977484046e-01
5.714285714285713969e-01 1.904761904761904656e-01 -3.138685945618983723e-03 2.232685200534725162e-02 4.363825607656009187e-02 -4.090538030246452378e-03 -4.090538030246452378e-03 1.745161284791673095e-01
6.190476190476190688e-01 1.904761904761904656e-01 -5.275226756596748841e-03 2.228392659935472461e-02 4.133951152610949864e-02 -6.831039279570671856e-03 -6.831039279570670988e-03 1.738680367471795718e-01
6.666666666666666297e-01 1.904761904761904656e-01 -7.489916686569291111e-03 2.222894416055627362e-02 3.882248451003911943e-02 -9.565257046958364900e-03 -9.565257046958363166e-03 1.724926020820098382e-01
7.142857142857143016e-01 1.904761904761904656e-01 -9.816681981338214527e-03 2.217997596365202384e-02 3.432346055218895436e-02 -1.218098899481882824e-02 -1.218098899481882477e-02 1.709867308473739245e-01
7.619047619047618625e-01 1.904761904761904656e-01 -1.229203715979702675e-02 2.217356992290067316e-02 2.961239458595872967e-02 -1.445971527788156470e-02 -1.445971527788156297e-02 1.684744725310710900e-01
8.095238095238095344e-01 1.904761904761904656e-01 -1.495071422902714137e-02 2.227952942916774232e-02 2.248474548045989452e-02 -1.584916577462083115e-02 -1.584916577462082421e-02 1.655836408924045156e-01
8.571428571428570953e-01 1.904761904761904656e-01 -1.781138144365689013e-02 2.262435947558374266e-02 1.567107782233720728e-02 -1.553062689435365414e-02 -1.553062689435365934e-02 1.600153678181563399e-01
9.047619047619047672e-01 1.904761904761904656e-01 -2.084574893872382512e-02 2.340028609393812048e-02 7.144674685805897478e-03 -1.237734440282350391e-02 -1.237734440282349524e-02 1.523827700665502105e-01
9.523809523809523281e-01 1.904761904761904656e-01 -2.390930120196443215e-02 2.483626175197900521e-02 1.648880568652444714e-03 -6.107850932260082237e-03 -6.107850932260116064e-03 1.358313072296578883e-01
1.000000000000000000e+00 1.904761904761904656e-01 -2.670202315796350520e-02 2.701265886909576946e-02 -7.111952256718054310e-04 3.754243523543623917e-04 3.754243523544121023e-04 1.130840841268225816e-01
0.000000000000000000e+00 2.380952380952380820e-01 2.860696254288868853e-02 3.159673371354224797e-02 -4.386701432219788726e-04 -1.608837424013475216e-04 -1.608837424013470066e-04 1.093643319313723217e-01
4.761904761904761640e-02 2.380952380952380820e-01 2.590681013281416825e-02 3.035000384813395582e-02 1.006099351717802985e-03 3.047667356550404216e-03 3.047667356550402915e-03 1.310765175502620894e-01
9.523809523809523281e-02 2.380952380952380820e-01 2.287304073486986708e-02 2.947914194671445373e-02 4.619002825984554715e-03 6.403729055205844602e-03 6.403729055205897511e-03 1.486419241648731793e-01
1.428571428571428492e-01 2.380952380952380820e-01 1.974347924076238700e-02 2.896907286843579746e-02 1.112700751466042144e-02 8.496601225670764521e-03 8.496601225670709009e-03 1.585867530618028098e-01
1.904761904761904656e-01 2.380952380952380820e-01 1.668469636216387067e-02 2.872298564232862381e-02 1.710660911428198150e-02 9.124617705531598219e-03 9.124617705531598219e-03 1.659715570728007017e-01
2.380952380952380820e-01 2.380952380952380820e-01 1.377130932923885560e-02 2.863884474434269176e-02 2.389054813077814976e-02 8.650803578100252009e-03 8.650803578100252009e-03 1.698221329122885370e-01
2.857142857142856984e-01 2.380952380952380820e-01 1.101961780211642948e-02 2.863854695539888931e-02 2.863299013693702821e-02 7.495338226243875024e-03 7.495338226243875024e-03 1.729277670479048290e-01
3.333333333333333148e-01 2.380952380952380820e-01 8.413060462439007209e-03 2.867362087391258849e-02 3.332483058294796741e-02 5.999422456168785819e-03 5.999422456168818779e-03 1.746214430739489731e-01
3.809523809523809312e-01 2.380952380952380820e-01 5.922858988052618484e-03 2.871575316710042736e-02 3.598663716108956023e-02 4.337985559787100286e-03 4.337985559787103755e-03 1.760938831765652413e-01
4.285714285714285476e-01 2.380952380952380820e-01 3.516154464636269197e-03 2.875000904039544045e-02 3.843839386155764593e-02 2.617815216391700030e-03 2.617815216391700030e-03 1.767482868495577342e-01
4.761904761904761640e-01 2.380952380952380820e-01 1.159154559633471422e-03 2.876909471652802988e-02 3.904605160208646925e-02 8.775782851504146257e-04 8.775782851504146257e-04 1.772897100413753646e-01
5.238095238095238360e-01 2.380952380952380820e-01 -1.181525128006855442e-03 2.877009813046119829e-02 3.942913972793286870e-02 -8.647838681181801426e-04 -8.647838681181805763e-04 1.771449765916906227e-01
5.714285714285713969e-01 2.380952380952380820e-01 -3.539182075364806935e-03 2.875315820237437509e-02 3.801072435548214640e-02 -2.601309904834108681e-03 -2.601309904834108247e-03 1.768989923567982347e-01
6.190476190476190688e-01 2.380952380952380820e-01 -5.947336831636473344e-03 2.872130114943457005e-02 3.637043670820735985e-02 -4.317579309915383495e-03 -4.317579309915381761e-03 1.759274863109750175e-01
6.666666666666666297e-01 2.380952380952380820e-01 -8.439511683818184604e-03 2.868205018453217833e-02 3.280335970333386753e-02 -5.964638042318456436e-03 -5.964638042318451232e-03 1.748091061743636543e-01
7.142857142857143016e-01 2.380952380952380820e-01 -1.104865926107692284e-02 2.865065466790235951e-02 2.907075659632918710e-02 -7.452657770087567184e-03 -7.452657770087561112e-03 1.726686793194735503e-01
7.619047619047618625e-01 2.380952380952380820e-01 -1.380343847602829785e-02 2.865519764534102745e-02 2.323567274622023032e-02 -8.576747746101027331e-03 -8.576747746101022127e-03 1.701322962703483432e-01
8.095238095238095344e-01 2.380952380952380820e-01 -1.671872775642548742e-02 2.874499612096045181e-02 1.763908815127781735e-02 -9.040724484689800430e-03 -9.040724484689800430e-03 1.654010755623853690e-01
8.571428571428570953e-01 2.380952380952380820e-01 -1.977967201363568794e-02 2.899552152151011267e-02 1.045632211575376648e-02 -8.398449139484292711e-03 -8.398449139484290976e-03 1.592247146401263580e-01
9.047619047619047672e-01 2.380952380952380820e-01 -2.290778814895940221e-02 2.950899082978349769e-02 5.050571844981365487e-03 -6.301459001539644854e-03 -6.301459001539644854e-03 1.474816263701045904e-01
9.523809523809523281e-01 2.380952380952380820e-01 -2.593802810990753979e-02 3.037917337054895153e-02 7.918454220806066908e-04 -3.030113363448115431e-03 -3.030113363448115431e-03 1.318115982062798563e-01
1.000000000000000000e+00 2.380952380952380820e-01 -2.862874831231435740e-02 3.161916801107813452e-02 -6.659062040859099459e-05 1.519121309248667106e-04 1.519121309248695024e-04 1.084839183995686823e-01
0.000000000000000000e+00 2.857142857142856984e-01 2.949597496382649203e-02 3.610329599164079084e-02 -5.072437845014085865e-05 -3.568258113624059347e-06 -3.568258113626860909e-06 1.070025804414230924e-01
4.761904761904761640e-02 2.857142857142856984e-01 2.684250451221600539e-02 3.576224629228353519e-02 5.814537763318119914e-04 9.240969391329005795e-04 9.240969391328968932e-04 1.297380446346786120e-01
9.523809523809523281e-02 2.857142857142856984e-01 2.383101319697978476e-02 3.551666697720792104e-02 4.152620134411276476e-03 1.738805504983267827e-03 1.738805504983239204e-03 1.458907738965192491e-01
1.428571428571428492e-01 2.857142857142856984e-01 2.067916486603345663e-02 3.535846139738450800e-02 8.895852077821043979e-03 2.426827717742735795e-03 2.426827717742732760e-03 1.583519180338723298e-01
1.904761904761904656e-01 2.857142857142856984e-01 1.755028377300848347e-02 3.527597315259942828e-02 1.548024500070981600e-02 2.858622590434210537e-03 2.858622590434212705e-03 1.652896055728688973e-01
2.380952380952380820e-01 2.857142857142856984e-01 1.453314178256095990e-02 3.525048124710841724e-02 2.075138917260859958e-02 2.967006340228859305e-03 2.967006340228858438e-03 1.706124771117911720e-01
2.857142857142856984e-01 2.857142857142856984e-01 1.165530942629798214e-02 3.526019895495255407e-02 2.640798441936321322e-02 2.763634124861003970e-03 2.763634124861003103e-03 1.734996334069406343e-01
3.333333333333333148e-01 2.857142857142856984e-01 8.911899658992453524e-03 3.528608265776871783e-02 3.006705121828490146e-02 2.331352575433384613e-03 2.331352575433384613e-03 1.758606746308068458e-01
3.809523809523809312e-01 2.857142857142856984e-01 6.280268242414554017e-03 3.531484386138495496e-02 3.362512046129464277e-02 1.749437568606614654e-03 1.749437568606614221e-03 1.770814944116106404e-01
4.285714285714285476e-01 2.857142857142856984e-01 3.730684664247571614e-03 3.533801798164636077e-02 3.525387521971468097e-02 1.082432918553785694e-03 1.082432918553783959e-03 1.781001426269877563e-01
4.761904761904761640e-01 2.857142857142856984e-01 1.230796108086161479e-03 3.535114052744426499e-02 3.667849582343317427e-02 3.739891967868004237e-04 3.739891967868008574e-04 1.783672706616054038e-01
5.238095238095238360e-01 2.857142857142856984e-01 -1.252673906239945654e-03 3.535229679371755529e-02 3.626970815125322989e-02 -3.457523179811043982e-04 -3.457523179811045067e-04 1.785058656444738212e-01
5.714285714285713969e-01 2.857142857142856984e-01 -3.753097401175236637e-03 3.534158190540553912e-02 3.564663716583528486e-02 -1.051464040051990371e-03 -1.051464040051989070e-03 1.779477422844807921e-01
6.190476190476190688e-01 2.857142857142856984e-01 -6.303615449608087999e-03 3.532099827395401154e-02 3.315594054512428779e-02 -1.713020873743111711e-03 -1.713020873743101302e-03 1.772390216950331943e-01
6.666666666666666297e-01 2.857142857142856984e-01 -8.936610901649644917e-03 3.529525971433319226e-02 3.049305052862868667e-02 -2.286192103548343769e-03 -2.286192103548346805e-03 1.756430925894601758e-01
7.142857142857143016e-01 2.857142857142856984e-01 -1.168161424511227932e-02 3.527269969883831818e-02 2.584240679907656019e-02 -2.708102397847173166e-03 -2.708102397847170998e-03 1.737324391373150090e-01
7.619047619047618625e-01 2.857142857142856984e-01 -1.456054061367695850e-02 3.526690166520266706e-02 2.125648194442517416e-02 -2.896587905751040089e-03 -2.896587905751041390e-03 1.702015792450706499e-01
8.095238095238095344e-01 2.857142857142856984e-01 -1.757906867064952181e-02 3.529617534248147281e-02 1.484979498657384815e-02 -2.785297039881442279e-03 -2.785297039881442279e-03 1.657371167265114520e-01
8.571428571428570953e-01 2.857142857142856984e-01 -2.070667055263620757e-02 3.538159759225815298e-02 9.419761475407933959e-03 -2.347289294618699895e-03 -2.347289294618693390e-03 1.575130836876679763e-01
9.047619047619047672e-01 2.857142857142856984e-01 -2.385684712211336156e-02 3.554108420230395887e-02 3.740808708691700357e-03 -1.678861716152435990e-03 -1.678861716152435122e-03 1.466680622598947326e-01
9.523809523809523281e-01 2.857142857142856984e-01 -2.686574192884978382e-02 3.578446151694074373e-02 7.653440226479507310e-04 -8.945738581711065122e-04 -8.945738581711067290e-04 1.288344498645023206e-01
1.000000000000000000e+00 2.857142857142856984e-01 -2.952102051648159212e-02 3.611972444887725370e-02 -3.539875068527986073e-04 3.203601757330826546e-06 3.203601757331351706e-06 1.074701986705060286e-01
0.000000000000000000e+00 3.333333333333333148e-01 2.938839504204816128e-02 4.057073000322932582e-02 -4.625988658738501504e-04 1.721490140683290158e-04 1.721490140683293681e-04 1.073975160983244997e-01
4.761904761904761640e-02 3.333333333333333148e-01 2.672824452289485064e-02 4.113910706243023574e-02 8.390436366065583042e-04 -1.111001577216285969e-03 -1.111001577216286619e-03 1.293111794577474216e-01
9.523809523809523281e-02 3.333333333333333148e-01 2.372460591514821346e-02 4.152562210240618584e-02 4.302332603368876421e-03 -2.779685568000866882e-03 -2.779685568000863846e-03 1.469886770559074296e-01
1.428571428571428492e-01 3.333333333333333148e-01 2.060824128807076799e-02 4.173086901074134908e-02 1.042323582960789918e-02 -3.363074681751388167e-03 -3.363074681751392504e-03 1.573688179428336942e-01
1.904761904761904656e-01 3.333333333333333148e-01 1.752645655530236934e-02 4.183275398838102316e-02 1.570091861614097625e-02 -3.057044190434101728e-03 -3.057044190434104330e-03 1.653384825857715235e-01
2.380952380952380820e-01 3.333333333333333148e-01 1.454699744126664029e-02 4.188711064556789598e-02 2.186074067012777969e-02 -2.437772247946396430e-03 -2.437772247946396863e-03 1.699174785755305228e-01
2.857142857142856984e-01 3.333333333333333148e-01 1.169192352783623469e-02 4.192345618118343414e-02 2.612556082953542899e-02 -1.767993845275202518e-03 -1.767993845275203169e-03 1.735372842460825293e-01
3.333333333333333148e-01 3.333333333333333148e-01 8.955717696732480929e-03 4.195138332040993651e-02 3.053231603225609395e-02 -1.216872438144947109e-03 -1.216872438144948193e-03 1.756270267313511935e-01
3.809523809523809312e-01 3.333333333333333148e-01 6.319461091043481089e-03 4.197354629863174480e-02 3.299465005519248983e-02 -7.705701559989588034e-04 -7.705701559989583697e-04 1.772875536291366183e-01
4.285714285714285476e-01 3.333333333333333148e-01 3.757498065453076727e-03 4.198905741413994780e-02 3.538287680035211852e-02 -4.212114187294304724e-04 -4.212114187294304724e-04 1.780957400885549990e-01
4.761904761904761640e-01 3.333333333333333148e-01 1.240837468416170495e-03 4.199780730024654796e-02 3.592380002311477971e-02 -1.207764885614155367e-04 -1.207764885614148319e-04 1.786428319103679774e-01
5.238095238095238360e-01 3.333333333333333148e-01 -1.260691565981775101e-03 4.199887800011413430e-02 3.633986154442467309e-02 1.617983135878409411e-04 1.617983135878408598e-04 1.785386611843343407e-01
5.714285714285713969e-01 3.333333333333333148e-01 -3.777649857131661331e-03 4.199289737662766087e-02 3.493561086572747471e-02 4.616733714550520025e-04 4.616733714550387210e-04 1.781982336938779665e-01
6.190476190476190688e-01 3.333333333333333148e-01 -6.340255607050504852e-03 4.197972312707972525e-02 3.342207114745388008e-02 8.204830048300378433e-04 8.204830048300402285e-04 1.771427728080250119e-01
6.666666666666666297e-01 3.333333333333333148e-01 -8.977207486692801580e-03 4.196062518637023314e-02 3.001770291984590111e-02 1.263376039944809912e-03 1.263376039944810129e-03 1.757658378978922686e-01
7.142857142857143016e-01 3.333333333333333148e-01 -1.171411666324512907e-02 4.193543764248101879e-02 2.661591373831605559e-02 1.835132135996719914e-03 1.835132135996724468e-03 1.732809495769020991e-01
7.619047619047618625e-01 3.333333333333333148e-01 -1.456965326990664923e-02 4.190239080221225959e-02 2.125517777425429619e-02 2.488519311138256453e-03 2.488519311138256019e-03 1.701695709279531510e-01
8.095238095238095344e-01 3.333333333333333148e-01 -1.754843969323040959e-02 4.185032244422571407e-02 1.630371070241724493e-02 3.140832818806583819e-03 3.140832818806585987e-03 1.648169832578536276e-01
8.571428571428570953e-01 3.333333333333333148e-01 -2.063000477014936135e-02 4.175106925110073919e-02 9.760558200626453726e-03 3.402941990197690808e-03 3.402941990197688640e-03 1.579422623764022426e-01
9.047619047619047672e-01 3.333333333333333148e-01 -2.374342081847785266e-02 4.154381269019672557e-02 4.883728593417622707e-03 2.815604363500692851e-03 2.815604363500693284e-03 1.459091675141743205e-01
9.523809523809523281e-01 3.333333333333333148e-01 -2.674209079467610925e-02 4.115573519918438311e-02 6.371417440068125699e-04 1.209619692141344774e-03 1.209619692141344991e-03 1.300822929394489236e-01
1.000000000000000000e+00 3.333333333333333148e-01 -2.939496915285901707e-02 4.058005841634417660e-02 -1.204270480696214890e-04 -2.061815641287676219e-04 -2.061815641287642880e-04 1.065532398275727960e-01
0.000000000000000000e+00 3.809523809523809312e-01 2.821221049819888985e-02 4.504608637966642931e-02 -5.806880713448024558e-04 6.352084434116315841e-04 6.352084434116328851e-04 1.075494155038089067e-01
4.761904761904761640e-02 3.809523809523809312e-01 2.550377406372890052e-02 4.658091809082988421e-02 9.938626819551322090e-04 -4.396869587048045022e-03 -4.396869587048043287e-03 1.337409701841480725e-01
9.523809523809523281e-02 3.809523809523809312e-01 2.252427867250210089e-02 4.753848449975578427e-02 8.074268246258725981e-03 -8.433366371428895752e-03 -8.433366371428918304e-03 1.475913404582733512e-01
1.428571428571428492e-01 3.809523809523809312e-01 1.954031504030672231e-02 4.804856985306952405e-02 1.345365519702203770e-02 -9.403561966531798558e-03 -9.403561966531796823e-03 1.576540804160083131e-01
1.904761904761904656e-01 3.809523809523809312e-01 1.663742406875555468e-02 4.831137125084434408e-02 2.036183848071683108e-02 -8.800125313243277458e-03 -8.800125313243277458e-03 1.639810760809310430e-01
2.380952380952380820e-01 3.809523809523809312e-01 1.384150546240742186e-02 4.844713893213731942e-02 2.470902729075787063e-02 -7.393001275519039614e-03 -7.393001275519038747e-03 1.687029218531441443e-01
2.857142857142856984e-01 3.809523809523809312e-01 1.115251058995887952e-02 4.852266393742734468e-02 2.976369928813624860e-02 -5.924406105747507222e-03 -5.924406105747505487e-03 1.720794249407661958e-01
3.333333333333333148e-01 3.809523809523809312e-01 8.561351334061838986e-03 4.856470741599992758e-02 3.252985462210550294e-02 -4.427502940282207824e-03 -4.427502940282204355e-03 1.743784588649362755e-01
3.809523809523809312e-01 3.809523809523809312e-01 6.051517972786172976e-03 4.859107882728547212e-02 3.579258768868296553e-02 -3.083469677761702804e-03 -3.083469677761658569e-03 1.761024615353561640e-01
4.285714285714285476e-01 3.809523809523809312e-01 3.602670976649992741e-03 4.860486413859220478e-02 3.687836947682616301e-02 -1.791168611288817625e-03 -1.791168611288817842e-03 1.769675713897070901e-01
4.761904761904761640e-01 3.809523809523809312e-01 1.191199792500790243e-03 4.861304455033126776e-02 3.837321048955488756e-02 -5.778199066754441740e-04 -5.778199066754446077e-04 1.775932294399773237e-01
5.238095238095238360e-01 3.809523809523809312e-01 -1.207679579048975133e-03 4.861331990032337347e-02 3.774077652872425553e-02 6.237279247442013798e-04 6.237279247442008377e-04 1.774369928269250718e-01
5.714285714285713969e-01 3.809523809523809312e-01 -3.619283538111429596e-03 4.860940573569761530e-02 3.750286298203468066e-02 1.852876641242642581e-03 1.852876641242646701e-03 1.771012722246856907e-01
6.190476190476190688e-01 3.809523809523809312e-01 -6.068542714387654621e-03 4.859623633679115845e-02 3.512204457160744697e-02 3.117777793187687368e-03 3.117777793187687801e-03 1.759582796372625157e-01
6.666666666666666297e-01 3.809523809523809312e-01 -8.578558606977702491e-03 4.857421081083963116e-02 3.318431951712493694e-02 4.509865462648853310e-03 4.509865462648853310e-03 1.744455521745029991e-01
7.142857142857143016e-01 3.809523809523809312e-01 -1.117009370404925019e-02 4.853283045155023373e-02 2.902816833752371040e-02 5.945661104106139162e-03 5.945661104106139162e-03 1.719852144140742445e-01
7.619047619047618625e-01 3.809523809523809312e-01 -1.385871071683386808e-02 4.846137015282222377e-02 2.545508421713430294e-02 7.498567337722069313e-03 7.498567337722071915e-03 1.686381358240209294e-01
8.095238095238095344e-01 3.809523809523809312e-01 -1.665409818202013073e-02 4.832567753217346246e-02 1.950075079449125476e-02 8.790778299268772050e-03 8.790778299268772050e-03 1.640193316366741205e-01
8.571428571428570953e-01 3.809523809523809312e-01 -1.955449193145177358e-02 4.806531943301281529e-02 1.448429233775650089e-02 9.526449666258159088e-03 9.526449666258159088e-03 1.572864468254367987e-01
9.047619047619047672e-01 3.809523809523809312e-01 -2.253943889456599264e-02 4.755387186944661643e-02 6.891362244759944786e-03 8.383254302476255554e-03 8.383254302476257289e-03 1.483913558300739566e-01
9.523809523809523281e-01 3.809523809523809312e-01 -2.551438015101794438e-02 4.659297393524731989e-02 2.012865339617596599e-03 4.423385380931385558e-03 4.423385380931377751e-03 1.321805489021237456e-01
1.000000000000000000e+00 3.809523809523809312e-01 -2.822866001698265750e-02 4.505794475647278280e-02 -1.318804269036182681e-03 -7.472409691206911755e-04 -7.472409691206589747e-04 1.084538886976337407e-01
0.000000000000000000e+00 4.285714285714285476e-01 2.582467529319129595e-02 4.959881214131437593e-02 -6.084899228191935350e-03 2.017787789032126581e-03 2.017787789032104030e-03 1.119157475115936384e-01
4.761904761904761640e-02 4.285714285714285476e-01 2.297064252384718036e-02 5.220363192583157147e-02 7.123532582722299361e-03 -1.174465973451470531e-02 -1.174465973451485970e-02 1.381537318476331044e-01
9.523809523809523281e-02 4.285714285714285476e-01 2.015212087600404267e-02 5.352650073865568986e-02 1.324203570892426053e-02 -1.567213211278760746e-02 -1.567213211278761786e-02 1.479791566185977847e-01
1.428571428571428492e-01 4.285714285714285476e-01 1.748834758228236252e-02 5.423416575626349712e-02 2.195222704995280008e-02 -1.570131256327369704e-02 -1.570131256327369704e-02 1.564601295353697796e-01
1.904761904761904656e-01 4.285714285714285476e-01 1.493469911622331836e-02 5.461032135809579940e-02 2.608677884116552409e-02 -1.371528598500226792e-02 -1.371528598500228006e-02 1.601712692833379692e-01
2.380952380952380820e-01 4.285714285714285476e-01 1.247321490206722804e-02 5.483714855741201460e-02 3.146135897727354164e-02 -1.169506391475068352e-02 -1.169506391475068352e-02 1.662532271338532097e-01
2.857142857142856984e-01 4.285714285714285476e-01 1.008462091926252621e-02 5.495536082325274546e-02 3.395806383847928267e-02 -9.256994574279621413e-03 -9.256994574279621413e-03 1.677508775960968868e-01
3.333333333333333148e-01 4.285714285714285476e-01 7.765421838357593198e-03 5.503749417843625119e-02 3.777416376370144879e-02 -7.159102229674575886e-03 -7.159102229674575886e-03 1.720647590989425602e-01
3.809523809523809312e-01 4.285714285714285476e-01 5.501026600581649523e-03 5.507085328831087812e-02 3.892066021129652470e-02 -4.944496003285408017e-03 -4.944496003285406283e-03 1.718474521775527619e-01
4.285714285714285476e-01 4.285714285714285476e-01 3.280709001889271434e-03 5.510223879442025657e-02 4.130616473783398079e-02 -2.963732586823256392e-03 -2.963732586823256392e-03 1.748592536755326221e-01
4.761904761904761640e-01 4.285714285714285476e-01 1.086451015219292186e-03 5.510390946631191916e-02 4.106164994011548414e-02 -9.485248307765505949e-04 -9.485248307765542812e-04 1.734071785547268429e-01
5.238095238095238360e-01 4.285714285714285476e-01 -1.098515847311140733e-03 5.511372836775080275e-02 4.201122567764893623e-02 1.019236468632092737e-03 1.019236468632091002e-03 1.753731918719291238e-01
5.714285714285713969e-01 4.285714285714285476e-01 -3.292393397505027821e-03 5.509695185253553340e-02 4.033866473761469479e-02 2.975397928246628718e-03 2.975397928246628285e-03 1.728901179616953443e-01
6.190476190476190688e-01 4.285714285714285476e-01 -5.513795917099124227e-03 5.508513391610039833e-02 3.987592054200216757e-02 5.076568873662219011e-03 5.076568873662218144e-03 1.737609368629298712e-01
6.666666666666666297e-01 4.285714285714285476e-01 -7.776877300004197448e-03 5.503668783606162351e-02 3.677098690303805956e-02 7.110029318607946798e-03 7.110029318607946798e-03 1.701386367196645322e-01
7.142857142857143016e-01 4.285714285714285476e-01 -1.009803617005544489e-02 5.497368589888790985e-02 3.494668856794037881e-02 9.451511661357960697e-03 9.451511661357960697e-03 1.695586965157460935e-01
7.619047619047618625e-01 4.285714285714285476e-01 -1.248380010843778976e-02 5.484028887062467050e-02 3.040300452904614106e-02 1.157498440778401659e-02 1.157498440778401833e-02 1.644109457319696821e-01
8.095238095238095344e-01 4.285714285714285476e-01 -1.494813616548426247e-02 5.463109230204587358e-02 2.718684495958358788e-02 1.396786691556207820e-02 1.396786691556207820e-02 1.618477645183174496e-01
8.571428571428570953e-01 4.285714285714285476e-01 -1.749582482568393105e-02 5.423864137688157172e-02 2.068198168773813933e-02 1.548493362552275619e-02 1.548493362552275619e-02 1.547492018611555664e-01
9.047619047619047672e-01 4.285714285714285476e-01 -2.016256072944317898e-02 5.354667346351314056e-02 1.526826114714919733e-02 1.595668125016932309e-02 1.595668125016931962e-02 1.494421254088093010e-01
9.523809523809523281e-01 4.285714285714285476e-01 -2.298115451485216107e-02 5.219335522073795253e-02 3.648660518741717301e-03 1.136043174582260055e-02 1.136043174582259709e-02 1.392496459849923429e-01
1.000000000000000000e+00 4.285714285714285476e-01 -2.577143270446174278e-02 4.966003872981544082e-02 -4.386291177183156771e-04 -1.473813288301087897e-03 -1.473813288301085295e-03 1.099897212483900155e-01
0.000000000000000000e+00 4.761904761904761640e-01 2.141071401099209695e-02 5.471082939433646875e-02 6.456243842281528776e-03 -1.063775671201782833e-02 -1.063775671201782659e-02 1.355838539308620028e-01
4.761904761904761640e-02 4.761904761904761640e-01 1.881144287000999921e-02 5.798477127013227511e-02 1.789764804230674702e-02 -2.342350573974527270e-02 -2.342350573974525882e-02 1.376297092912545372e-01
9.523809523809523281e-02 4.761904761904761640e-01 1.664528946473047347e-02 5.930571294393160303e-02 2.572657957270342230e-02 -2.194640340942185380e-02 -2.194640340942185380e-02 1.440323082565888313e-01
1.428571428571428492e-01 4.761904761904761640e-01 1.455094602841021378e-02 6.017631933471703082e-02 2.946501257687464403e-02 -1.962490879786294579e-02 -1.962490879786293885e-02 1.458207912187144129e-01
1.904761904761904656e-01 4.761904761904761640e-01 1.253776279669998293e-02 6.061318301940937098e-02 3.329408622474461926e-02 -1.685264895907108776e-02 -1.685264895907109817e-02 1.534427482191818015e-01
2.380952380952380820e-01 4.761904761904761640e-01 1.052634875685147520e-02 6.099453685327116403e-02 3.567555642767752250e-02 -1.418876644837526076e-02 -1.418876644837525729e-02 1.546124991495662626e-01
2.857142857142856984e-01 4.761904761904761640e-01 8.566290410068727948e-03 6.112798387131680722e-02 3.860067375005137025e-02 -1.139460427893801593e-02 -1.139460427893805063e-02 1.608191012705212919e-01
3.333333333333333148e-01 4.761904761904761640e-01 6.616558143867743054e-03 6.131874359988463002e-02 4.008159548383653098e-02 -8.790656640567587679e-03 -8.790656640567584210e-03 1.602641684426343582e-01
3.809523809523809312e-01 4.761904761904761640e-01 4.707861415709014771e-03 6.132525000250894226e-02 4.212965968666772254e-02 -6.168578469325503022e-03 -6.168578469325503022e-03 1.650464411688159772e-01
4.285714285714285476e-01 4.761904761904761640e-01 2.810912805091380761e-03 6.143444128697835710e-02 4.262507488537767980e-02 -3.681527036377748013e-03 -3.681527036377747145e-03 1.630665711303325438e-01
4.761904761904761640e-01 4.761904761904761640e-01 9.341761011525060712e-04 6.138507434721714867e-02 4.368391025014568829e-02 -1.195993305638621195e-03 -1.195993305638620328e-03 1.666963379285926194e-01
5.238095238095238360e-01 4.761904761904761640e-01 -9.396136879631447354e-04 6.145426255165421098e-02 4.313900108422516477e-02 1.261029622581606377e-03 1.261029622581605726e-03 1.635880015484921512e-01
5.714285714285713969e-01 4.761904761904761640e-01 -2.820414206594247606e-03 6.136949055787024876e-02 4.315657299830707311e-02 3.718468714059974724e-03 3.718468714059974724e-03 1.661475512804354016e-01
6.190476190476190688e-01 4.761904761904761640e-01 -4.709327565492702275e-03 6.139810782542615142e-02 4.158760314966911814e-02 6.261302734684314093e-03 6.261302734684314961e-03 1.619599205532369912e-01
6.666666666666666297e-01 4.761904761904761640e-01 -6.630251810209501252e-03 6.125835569138711467e-02 4.058419816078218112e-02 8.799646862085629823e-03 8.799646862085628088e-03 1.632670411496965901e-01
7.142857142857143016e-01 4.761904761904761640e-01 -8.563685201913494305e-03 6.120326409532025891e-02 3.807898722103769673e-02 1.151028195020860866e-02 1.151028195020860519e-02 1.578016563662067440e-01
7.619047619047618625e-01 4.761904761904761640e-01 -1.054440627946831403e-02 6.093884577885280013e-02 3.613866733264783221e-02 1.416204933572051683e-02 1.416204933572050642e-02 1.575000495899374353e-01
8.095238095238095344e-01 4.761904761904761640e-01 -1.253066556982971799e-02 6.068827396042658640e-02 3.279741460436434719e-02 1.699146466301438424e-02 1.699146466301439118e-02 1.505102902782601837e-01
8.571428571428570953e-01 4.761904761904761640e-01 -1.457484132719692564e-02 6.012441434689646397e-02 2.993268919982819756e-02 1.954718312782174547e-02 1.954718312782178016e-02 1.486470884320925667e-01
9.047619047619047672e-01 4.761904761904761640e-01 -1.662800700134325557e-02 5.937859367746257944e-02 2.548084722622900866e-02 2.223811741333125980e-02 2.223811741333119388e-02 1.410127957731286130e-01
9.523809523809523281e-01 4.761904761904761640e-01 -1.885963169648117652e-02 5.791763574210318649e-02 1.919755521730589012e-02 2.337175782395579590e-02 2.337175782395582366e-02 1.404632189813758703e-01
1.000000000000000000e+00 4.761904761904761640e-01 -2.143286764636601407e-02 5.480398475153176047e-02 7.570154948416386170e-03 1.095271803369559684e-02 1.095271803369559337e-02 1.355713289791344034e-01
0.000000000000000000e+00 5.238095238095238360e-01 1.652686252702181835e-02 5.886365255161289667e-02 1.800098946351500829e-03 3.705321063062818557e-03 3.705321063062817690e-03 1.888588585859017621e-01
4.761904761904761640e-02 5.238095238095238360e-01 1.530883437421698932e-02 6.139358282046426807e-02 -3.159813161672650472e-02 -1.857398117062777215e-02 -1.857398117062776521e-02 1.492749487776711681e-01
9.523809523809523281e-02 5.238095238095238360e-01 1.393066635508223398e-02 6.281903510804595636e-02 -4.020610155962668630e-02 -2.189143776514412137e-02 -2.189143776514411444e-02 1.356425737512827745e-01
1.428571428571428492e-01 5.238095238095238360e-01 1.239293954822564409e-02 6.374153412938302066e-02 -4.660472992964807132e-02 -2.101608041368946411e-02 -2.101608041368946064e-02 1.487491832314384588e-01
1.904761904761904656e-01 5.238095238095238360e-01 1.079828734438409606e-02 6.431410952481986243e-02 -4.867837898018843173e-02 -1.850252859466459260e-02 -1.850252859466459260e-02 1.450964063024326456e-01
2.380952380952380820e-01 5.238095238095238360e-01 9.148095472544243503e-03 6.472704180823478370e-02 -4.869540014745257078e-02 -1.610396133886285094e-02 -1.610396133886285094e-02 1.575490949105060323e-01
2.857142857142856984e-01 5.238095238095238360e-01 7.489989853093003205e-03 6.496181295094945185e-02 -4.873954387229964547e-02 -1.317377380710171506e-02 -1.317377380710171506e-02 1.523101346150514401e-01
3.333333333333333148e-01 5.238095238095238360e-01 5.816352716996740953e-03 6.514747038241294752e-02 -4.708172896991733025e-02 -1.042326871884155862e-02 -1.042326871884155688e-02 1.633941770168474417e-01
3.809523809523809312e-01 5.238095238095238360e-01 4.151508414871764481e-03 6.522543242823529430e-02 -4.690274124382269594e-02 -7.394333060837341570e-03 -7.394333060837341570e-03 1.564876643055480854e-01
4.285714285714285476e-01 5.238095238095238360e-01 2.485882858862527994e-03 6.530472652462894489e-02 -4.523472090086628344e-02 -4.480721736791109903e-03 -4.480721736791109903e-03 1.663483850101126482e-01
4.761904761904761640e-01 5.238095238095238360e-01 8.272719909975449586e-04 6.530804475692311706e-02 -4.571155066027220160e-02 -1.460122236566139403e-03 -1.460122236566142439e-03 1.581340704138511355e-01
5.238095238095238360e-01 5.238095238095238360e-01 -8.308046929526587783e-04 6.533160540576174458e-02 -4.478915993630797066e-02 1.536721164988675290e-03 1.536721164988677675e-03 1.669025340067712138e-01
5.714285714285713969e-01 5.238095238095238360e-01 -2.491459205034127818e-03 6.528507231905153474e-02 -4.613776791619524087e-02 4.498018396807589719e-03 4.498018396807588852e-03 1.575854998535646811e-01
6.190476190476190688e-01 5.238095238095238360e-01 -4.152923591320674922e-03 6.525256660749574611e-02 -4.605781476531548013e-02 7.531763483861916159e-03 7.531763483861916159e-03 1.651779567622686240e-01
6.666666666666666297e-01 5.238095238095238360e-01 -5.823976257179438142e-03 6.513175366110625364e-02 -4.786469078277338224e-02 1.037706479848882896e-02 1.037706479848883069e-02 1.547252474297796943e-01
7.142857142857143016e-01 5.238095238095238360e-01 -7.489203011442352974e-03 6.499168535532966196e-02 -4.809164365661929702e-02 1.337488734906124022e-02 1.337488734906124542e-02 1.608333039732599279e-01
7.619047619047618625e-01 5.238095238095238360e-01 -9.157959327525637058e-03 6.471497158823323603e-02 -4.921295936709760982e-02 1.598334103221890276e-02 1.598334103221890970e-02 1.490618382601273939e-01
8.095238095238095344e-01 5.238095238095238360e-01 -1.079535442449519253e-02 6.434495045791954748e-02 -4.848276950490205961e-02 1.877756893636705129e-02 1.877756893636722130e-02 1.534074309983826101e-01
8.571428571428570953e-01 5.238095238095238360e-01 -1.240628485932522042e-02 6.373289358444866881e-02 -4.636333991185756509e-02 2.081756668839285923e-02 2.081756668839286270e-02 1.403141371089122735e-01
9.047619047619047672e-01 5.238095238095238360e-01 -1.392525818761891285e-02 6.284853083458094569e-02 -4.171136489333131248e-02 2.254772795311301564e-02 2.254772795311302605e-02 1.440252706126063931e-01
9.523809523809523281e-01 5.238095238095238360e-01 -1.533363257877198155e-02 6.138522119617581541e-02 -2.321928059033414454e-02 1.833671440187460699e-02 1.833671440187459659e-02 1.307961967295967198e-01
1.000000000000000000e+00 5.238095238095238360e-01 -1.654950217248013153e-02 5.887696319551168761e-02 -7.332689907175268806e-03 -5.084031697654126450e-03 -5.084031697654129919e-03 2.191193810723550406e-01
0.000000000000000000e+00 5.714285714285713969e-01 1.422937439689289478e-02 6.188976881683234260e-02 1.080096970151990651e-03 4.145378628272394957e-03 4.145378628272396691e-03 2.016436691600849707e-01
4.761904761904761640e-02 5.714285714285713969e-01 1.311666170479403731e-02 6.371879779520948917e-02 -7.050659340483461006e-04 -2.314512196314161014e-03 -2.314512196314153641e-03 1.570722643026984111e-01
9.523809523809523281e-02 5.714285714285713969e-01 1.203282248144097247e-02 6.514745601211610615e-02 -1.485506072681607413e-02 -1.212603318998661459e-02 -1.212603318998661112e-02 1.520404964994538366e-01
1.428571428571428492e-01 5.714285714285713969e-01 1.083126002416086829e-02 6.613899485027555092e-02 -2.166419682381631046e-02 -1.595453339481561067e-02 -1.595453339481561761e-02 1.494305784780538271e-01
1.904761904761904656e-01 5.714285714285713969e-01 9.515813180550876035e-03 6.681292510229600023e-02 -2.800687594660756716e-02 -1.695097575202145559e-02 -1.695097575202146600e-02 1.547681369207883906e-01
2.380952380952380820e-01 5.714285714285713969e-01 8.123842512573668448e-03 6.727447507594777609e-02 -3.061050285873162871e-02 -1.574793285023710562e-02 -1.574793285023710909e-02 1.563744500468806919e-01
2.857142857142856984e-01 5.714285714285713969e-01 6.682015320297611700e-03 6.757690926085661853e-02 -3.197984131509738065e-02 -1.394894916589289532e-02 -1.394894916589289532e-02 1.610830814871026528e-01
3.333333333333333148e-01 5.714285714285713969e-01 5.213243523631273975e-03 6.777797817915505452e-02 -3.258793638825186606e-02 -1.123747393391225785e-02 -1.123747393391223703e-02 1.616263497431900675e-01
3.809523809523809312e-01 5.714285714285713969e-01 3.729138278420915560e-03 6.789767259880352679e-02 -3.232225144941336392e-02 -8.347658974584603112e-03 -8.347658974584603112e-03 1.650322481529357399e-01
4.285714285714285476e-01 5.714285714285713969e-01 2.238712214295989714e-03 6.797117194397735152e-02 -3.249867832922043176e-02 -5.042732924419806619e-03 -5.042732924419805751e-03 1.643376779601116167e-01
4.761904761904761640e-01 5.714285714285713969e-01 7.453493014322888199e-04 6.800013789764999816e-02 -3.201753366161033676e-02 -1.689613102217782815e-03 -1.689613102217778695e-03 1.666173084341847077e-01
5.238095238095238360e-01 5.714285714285713969e-01 -7.485571843135163357e-04 6.800422512913337214e-02 -3.238961312057910685e-02 1.740087279853529210e-03 1.740087279853532462e-03 1.648489667954974869e-01
5.714285714285713969e-01 5.714285714285713969e-01 -2.241673704803619563e-03 6.797071222981586336e-02 -3.214645135656631070e-02 5.156623977435319250e-03 5.156623977435318383e-03 1.660864078377550790e-01
6.190476190476190688e-01 5.714285714285713969e-01 -3.732360944257357739e-03 6.790529897052070829e-02 -3.262566652769752912e-02 8.335271890371394668e-03 8.335271890371394668e-03 1.632580453055350878e-01
6.666666666666666297e-01 5.714285714285713969e-01 -5.215721173129198029e-03 6.778094681620180917e-02 -3.236228122979023514e-02 1.141735756600477728e-02 1.141735756600477207e-02 1.633494456521157601e-01
7.142857142857143016e-01 5.714285714285713969e-01 -6.685135017631565514e-03 6.758761982529101764e-02 -3.207334631932029501e-02 1.386832768355510462e-02 1.386832768355509768e-02 1.593008180017259356e-01
7.619047619047618625e-01 5.714285714285713969e-01 -8.125671583855641894e-03 6.728028464282895249e-02 -3.073984002979752994e-02 1.600143261719474616e-02 1.600143261719469412e-02 1.581191879784796250e-01
8.095238095238095344e-01 5.714285714285713969e-01 -9.518950399090741338e-03 6.682557831886346000e-02 -2.749304155076972428e-02 1.678070009756607930e-02 1.678070009756606196e-02 1.528266932446707416e-01
8.571428571428570953e-01 5.714285714285713969e-01 -1.083243551082172310e-02 6.614703722728687563e-02 -2.292853526068717313e-02 1.633179928663761743e-02 1.633179928663786029e-02 1.516318169692824902e-01
9.047619047619047672e-01 5.714285714285713969e-01 -1.203340495574618807e-02 6.515877301710926162e-02 -1.176023796599293125e-02 1.176862333789988578e-02 1.176862333789977823e-02 1.479400432815133337e-01
9.523809523809523281e-01 5.714285714285713969e-01 -1.311246600247188698e-02 6.372485912307693234e-02 -4.250736084205830427e-03 1.817710417077380170e-03 1.817710417077394048e-03 1.634412900591321050e-01
1.000000000000000000e+00 5.714285714285713969e-01 -1.421712982647513508e-02 6.190076661044413564e-02 3.879720105306305039e-03 -4.654801178033247076e-03 -4.654801178033250546e-03 1.966860637147435364e-01
0.000000000000000000e+00 6.190476190476190688e-01 1.267292044944505307e-02 6.472306222745094484e-02 1.767654736220082904e-04 1.195281465705606751e-03 1.195281465705606751e-03 1.889595551824746200e-01
4.761904761904761640e-02 6.190476190476190688e-01 1.156091016432630840e-02 6.614308274892556627e-02 3.364243919608549843e-04 2.574225057577868118e-03 2.574225057577868552e-03 1.704008663715157190e-01
9.523809523809523281e-02 6.190476190476190688e-01 1.052276513758701633e-02 6.744630667651439759e-02 -3.302197627148415870e-03 -4.119178490007742964e-03 -4.119178490007747301e-03 1.572725581571399744e-01
1.428571428571428492e-01 6.190476190476190688e-01 9.454119308995539636e-03 6.845825993321855152e-02 -9.788279634025879097e-03 -9.847813512808296227e-03 -9.847813512808296227e-03 1.559392003809226546e-01
1.904761904761904656e-01 6.190476190476190688e-01 8.315891602925694348e-03 6.919463733831364427e-02 -1.382713981809752246e-02 -1.277795572703809522e-02 -1.277795572703809696e-02 1.557828703576089602e-01
2.380952380952380820e-01 6.190476190476190688e-01 7.113645006537713984e-03 6.971074350615459603e-02 -1.732410432561749467e-02 -1.364604740193053889e-02 -1.364604740193053889e-02 1.581516943453677437e-01
2.857142857142856984e-01 6.190476190476190688e-01 5.864047591062837399e-03 7.006225205600319361e-02 -1.916645783100142178e-02 -1.278464350282573596e-02 -1.278464350282573596e-02 1.596596365876351842e-01
3.333333333333333148e-01 6.190476190476190688e-01 4.583260358481168820e-03 7.029325507341993573e-02 -2.010758374894617076e-02 -1.092732761409514683e-02 -1.092732761409512428e-02 1.615887891195023074e-01
3.809523809523809312e-01 6.190476190476190688e-01 3.283566474537677731e-03 7.043886034797912366e-02 -2.078646634753057373e-02 -8.237630965751755602e-03 -8.237630965751755602e-03 1.624834199762701104e-01
4.285714285714285476e-01 6.190476190476190688e-01 1.973160228482134532e-03 7.052275277997310798e-02 -2.073645409500763162e-02 -5.125059841177290534e-03 -5.125059841177291402e-03 1.635645525307967973e-01
4.761904761904761640e-01 6.190476190476190688e-01 6.575044646477308258e-04 7.056158506818968612e-02 -2.107922972590627747e-02 -1.709896812210832473e-03 -1.709896812210830088e-03 1.636622990884341322e-01
5.238095238095238360e-01 6.190476190476190688e-01 -6.596900322437217927e-04 7.056221264194988130e-02 -2.078563734242334579e-02 1.780240558870566569e-03 1.780240558870570039e-03 1.639459236701734657e-01
5.714285714285713969e-01 6.190476190476190688e-01 -1.975244698887592895e-03 7.052547942256774671e-02 -2.100159396421599073e-02 5.173026687087507389e-03 5.173026687087510858e-03 1.632612947294943551e-01
6.190476190476190688e-01 6.190476190476190688e-01 -3.285415256735520727e-03 7.044278579235987992e-02 -2.055068715214459704e-02 8.333042545884477084e-03 8.333042545884475349e-03 1.627599279360271711e-01
6.666666666666666297e-01 6.190476190476190688e-01 -4.584847759049778294e-03 7.029916635332678077e-02 -2.024528762993686726e-02 1.095333310946963561e-02 1.095333310946963387e-02 1.612501134018956561e-01
7.142857142857143016e-01 6.190476190476190688e-01 -5.865210414579555623e-03 7.006914869294302017e-02 -1.912551640988344875e-02 1.290697297908408557e-02 1.290697297908408731e-02 1.599765768554597678e-01
7.619047619047618625e-01 6.190476190476190688e-01 -7.114450554130960329e-03 6.971923623701688222e-02 -1.714221159607585629e-02 1.364313531519265391e-02 1.364313531519265391e-02 1.576834854006280706e-01
8.095238095238095344e-01 6.190476190476190688e-01 -8.316262687179267962e-03 6.920361497627491865e-02 -1.425946183794199636e-02 1.292049599879166108e-02 1.292049599879159343e-02 1.563822634794035105e-01
8.571428571428570953e-01 6.190476190476190688e-01 -9.453237170514064425e-03 6.846777104212145582e-02 -8.893303578473355994e-03 9.797717756500097866e-03 9.797717756500144703e-03 1.547907765538170666e-01
9.047619047619047672e-01 6.190476190476190688e-01 -1.052181293402631133e-02 6.745397948844888969e-02 -4.249052051815618326e-03 4.125585150556372246e-03 4.125585150556369644e-03 1.593116099854090806e-01
9.523809523809523281e-01 6.190476190476190688e-01 -1.156119061996968914e-02 6.615085965983093230e-02 3.886545820085731675e-04 -2.365142868696194604e-03 -2.365142868696203278e-03 1.687540299624327167e-01
1.000000000000000000e+00 6.190476190476190688e-01 -1.267283743835042990e-02 6.472439177326556881e-02 3.362818761334577362e-04 -1.311882122965498786e-03 -1.311882122965503123e-03 1.900898836619142329e-01
0.000000000000000000e+00 6.666666666666666297e-01 1.142983201290872011e-02 6.741412882882609481e-02 -1.908842009592874432e-05 6.696282204201026546e-04 6.696282204201026546e-04 1.830847704037559254e-01
4.761904761904761640e-02 6.666666666666666297e-01 1.033001276335789725e-02 6.862430605066455191e-02 4.773398028246206033e-04 2.784943426943276099e-03 2.784943426943276099e-03 1.724225903041953778e-01
9.523809523809523281e-02 6.666666666666666297e-01 9.289148757906231374e-03 6.979707683488207970e-02 -4.434018909994669752e-04 -8.722744798737909087e-04 -8.722744798737906919e-04 1.647427935777442676e-01
1.428571428571428492e-01 6.666666666666666297e-01 8.265334899578645131e-03 7.077776557480790209e-02 -2.167193423278482994e-03 -5.943766332555302373e-03 -5.943766332555302373e-03 1.599059748600590303e-01
1.904761904761904656e-01 6.666666666666666297e-01 7.225269023696231918e-03 7.152906775598208422e-02 -4.939824241338926919e-03 -9.677583671136641072e-03 -9.677583671136641072e-03 1.589513146973128010e-01
2.380952380952380820e-01 6.666666666666666297e-01 6.158317214504663989e-03 7.207363246957146363e-02 -6.562277494656459931e-03 -1.146534704270263903e-02 -1.146534704270264077e-02 1.586028144322180200e-01
2.857142857142856984e-01 6.666666666666666297e-01 5.066675015180475451e-03 7.245206117404959234e-02 -8.121459932478772292e-03 -1.152292731503521371e-02 -1.152292731503521371e-02 1.591839957400466021e-01
3.333333333333333148e-01 6.666666666666666297e-01 3.956430610350052113e-03 7.270487583995749459e-02 -8.867866803536871012e-03 -1.018408939142899372e-02 -1.018408939142899199e-02 1.596489092403047816e-01
3.809523809523809312e-01 6.666666666666666297e-01 2.833432335254847632e-03 7.286576630696950385e-02 -9.415635394450658224e-03 -7.900422004608397691e-03 -7.900422004608397691e-03 1.601946008311080638e-01
4.285714285714285476e-01 6.666666666666666297e-01 1.702607263169531602e-03 7.295964939410480576e-02 -9.672778137817361621e-03 -4.960066173610695218e-03 -4.960066173610693484e-03 1.605128744861971102e-01
4.761904761904761640e-01 6.666666666666666297e-01 5.675432870691622753e-04 7.300300603588578963e-02 -9.766428707228215836e-03 -1.674104147683014949e-03 -1.674104147683009745e-03 1.607220483633695907e-01
5.238095238095238360e-01 6.666666666666666297e-01 -5.687755813532469973e-04 7.300372349662452576e-02 -9.786236114777521061e-03 1.731226482646866256e-03 1.731226482646923935e-03 1.606923435829391289e-01
5.714285714285713969e-01 6.666666666666666297e-01 -1.703657007456249725e-03 7.296195422501981775e-02 -9.653248220732175283e-03 5.026210741321416285e-03 5.026210741322182166e-03 1.605291561692863689e-01
6.190476190476190688e-01 6.666666666666666297e-01 -2.834210382732556353e-03 7.286949072456075371e-02 -9.376077247018558408e-03 7.952095223846190886e-03 7.952095223846192620e-03 1.601303074312619701e-01
6.666666666666666297e-01 6.666666666666666297e-01 -3.956697268770521803e-03 7.271009048664120455e-02 -8.918128600658967869e-03 1.026164284338763021e-02 1.026164284338762327e-02 1.596861888333444834e-01
7.142857142857143016e-01 6.666666666666666297e-01 -5.066464996731479160e-03 7.245858870368854232e-02 -7.943540409479419792e-03 1.157130425568071198e-02 1.157130425568069811e-02 1.590452906387487542e-01
7.619047619047618625e-01 6.666666666666666297e-01 -6.157447373774466159e-03 7.208131293456919442e-02 -6.786971715735500531e-03 1.154521430767464253e-02 1.154521430767463559e-02 1.587626800532771221e-01
8.095238095238095344e-01 6.666666666666666297e-01 -7.223726518366939409e-03 7.153761635210924286e-02 -4.531597368934671931e-03 9.722892780490424366e-03 9.722892780489869255e-03 1.585855321646763294e-01
8.571428571428570953e-01 6.666666666666666297e-01 -8.263438812152626087e-03 7.078638289670922956e-02 -2.591079249112485019e-03 5.959134699414802595e-03 5.959134699414941373e-03 1.604883886267520210e-01
9.047619047619047672e-01 6.666666666666666297e-01 -9.287382524463549255e-03 6.980533282485479329e-02 -1.235790243593680015e-04 9.435084262022610038e-04 9.435084262023068656e-04 1.639949818631175893e-01
9.523809523809523281e-01 6.666666666666666297e-01 -1.032803361870067611e-02 6.863263843341456394e-02 4.598592785880261996e-04 -2.899028364457205843e-03 -2.899028364457205843e-03 1.727796906119812848e-01
1.000000000000000000e+00 6.666666666666666297e-01 -1.142827171596710704e-02 6.742312595252097918e-02 -4.800680036716691143e-05 -6.365177869916760012e-04 -6.365177869916764349e-04 1.829112678890298938e-01
0.000000000000000000e+00 7.142857142857143016e-01 1.033293012322724323e-02 7.002128549612088304e-02 -1.540714086519188184e-04 4.801036627412694235e-04 4.801036627412694777e-04 1.779822965083885933e-01
4.761904761904761640e-02 7.142857142857143016e-01 9.245833953655406556e-03 7.112549576448107258e-02 5.815588074256411357e-04 2.191445246783402939e-03 2.191445246783404674e-03 1.736822037728341372e-01
9.523809523809523281e-02 7.142857142857143016e-01 8.200875009235893132e-03 7.220225663375859360e-02 1.558544755914055341e-03 -6.645489815374086909e-04 -6.645489815374092330e-04 1.687026105019117095e-01
1.428571428571428492e-01 7.142857142857143016e-01 7.195874889264461220e-03 7.312634979701797266e-02 2.088082167641733614e-03 -4.931858805552095416e-03 -4.931858805552090212e-03 1.647280320831392419e-01
1.904761904761904656e-01 7.142857142857143016e-01 6.217868820014031163e-03 7.385224608327570217e-02 2.329040819432810772e-03 -8.547195459493185307e-03 -8.547195459493193981e-03 1.615858804542229243e-01
2.380952380952380820e-01 7.142857142857143016e-01 5.254610769517986495e-03 7.438842672521495114e-02 2.087630703893886795e-03 -1.052434553068273652e-02 -1.052434553068273479e-02 1.598674674343164293e-01
2.857142857142856984e-01 7.142857142857143016e-01 4.298021202851255718e-03 7.476657080440075875e-02 1.960644576674235810e-03 -1.081779201342022989e-02 -1.081779201342022989e-02 1.586000720360906946e-01
3.333333333333333148e-01 7.142857142857143016e-01 3.343605384087457513e-03 7.502202415922379353e-02 1.649245108838005153e-03 -9.734722435859852890e-03 -9.734722435859852890e-03 1.580426773830199139e-01
3.809523809523809312e-01 7.142857142857143016e-01 2.389155588385247220e-03 7.518617914631046950e-02 1.511758231578671369e-03 -7.610865026678401320e-03 -7.610865026678400452e-03 1.576426352741243653e-01
4.285714285714285476e-01 7.142857142857143016e-01 1.433898385021441018e-03 7.528271500872690813e-02 1.335918246503414427e-03 -4.817425112108951642e-03 -4.817425112108951642e-03 1.575234774553819772e-01
4.761904761904761640e-01 7.142857142857143016e-01 4.779132717277369399e-04 7.532744601130886286e-02 1.301433003598405922e-03 -1.629304252077449881e-03 -1.629304252077450315e-03 1.574277941213403087e-01
5.238095238095238360e-01 7.142857142857143016e-01 -4.782921601253535223e-04 7.532809315018872132e-02 1.278034775037954979e-03 1.681167175418095319e-03 1.681167175418112232e-03 1.574505728416381589e-01
5.714285714285713969e-01 7.142857142857143016e-01 -1.434069897145808219e-03 7.528470586861892022e-02 1.386036369602501378e-03 4.864881416447166401e-03 4.864881416447184616e-03 1.574728346577326799e-01
6.190476190476190688e-01 7.142857142857143016e-01 -2.388909922797101144e-03 7.518944834672951216e-02 1.488839788562133825e-03 7.671377614974897452e-03 7.671377614974904391e-03 1.576680540888805160e-01
6.666666666666666297e-01 7.142857142857143016e-01 -3.342766756185506626e-03 7.502665806167424511e-02 1.749691194881369555e-03 9.783195622751591353e-03 9.783195622751561862e-03 1.579395075559583417e-01
7.142857142857143016e-01 7.142857142857143016e-01 -4.296444660029246493e-03 7.477238950940497120e-02 1.912771851828739449e-03 1.088693858352794523e-02 1.088693858352796778e-02 1.586731586490421619e-01
7.619047619047618625e-01 7.142857142857143016e-01 -5.252207394863395509e-03 7.439555607939017656e-02 2.242304716798237171e-03 1.058289079424936004e-02 1.058289079424960984e-02 1.596916615493322866e-01
8.095238095238095344e-01 7.142857142857143016e-01 -6.214748021272954726e-03 7.386018996362830880e-02 2.250154740256832698e-03 8.599855457201601230e-03 8.599855457201436432e-03 1.617685723633550676e-01
8.571428571428570953e-01 7.142857142857143016e-01 -7.192269846598804348e-03 7.313495990746454734e-02 2.205134632862057117e-03 5.015516352220523826e-03 5.015516352223491070e-03 1.645154543764307253e-01
9.047619047619047672e-01 7.142857142857143016e-01 -8.196987802971813369e-03 7.221122149672901114e-02 1.556241917036633787e-03 6.675121533233070552e-04 6.675121533237426876e-04 1.688609483795511512e-01
9.523809523809523281e-01 7.142857142857143016e-01 -9.241848134192456182e-03 7.113324679634318304e-02 5.511996662809358523e-04 -2.098179365767070207e-03 -2.098179365767087554e-03 1.738149789780962795e-01
1.000000000000000000e+00 7.142857142857143016e-01 -1.032802254135734357e-02 7.002631036963961886e-02 -3.573564099814007422e-05 -5.021045682789156400e-04 -5.021045682789197599e-04 1.777874387480725127e-01
0.000000000000000000e+00 7.619047619047618625e-01 9.277615226326065001e-03 7.255979451680744097e-02 -5.788141116721478793e-05 4.660772633731431356e-04 4.660772633731431356e-04 1.740183502669137572e-01
4.761904761904761640e-02 7.619047619047618625e-01 8.200060906524439183e-03 7.363830891640914256e-02 7.584870845937873420e-04 6.784674925573072049e-04 6.784674925573072049e-04 1.753224284460718208e-01
9.523809523809523281e-02 7.619047619047618625e-01 7.152870869572069273e-03 7.465347670414157477e-02 3.426275668940036937e-03 -2.509106457318913738e-03 -2.509106457318906799e-03 1.725080920275710306e-01
1.428571428571428492e-01 7.619047619047618625e-01 6.166468815154638704e-03 7.550764205049768918e-02 6.166011256270316487e-03 -6.549965225464196399e-03 -6.549965225464198133e-03 1.685658644231474157e-01
1.904761904761904656e-01 7.619047619047618625e-01 5.245452592922117928e-03 7.617368657033883605e-02 8.769173611950667122e-03 -9.594102590912015685e-03 -9.594102590912015685e-03 1.643343840555393232e-01
2.380952380952380820e-01 7.619047619047618625e-01 4.378522947772967022e-03 7.666573386104043319e-02 1.037994777204434907e-02 -1.109269862091583417e-02 -1.109269862091583764e-02 1.606904469481409137e-01
2.857142857142856984e-01 7.619047619047618625e-01 3.549652583401942136e-03 7.701391124019903167e-02 1.137663708277498499e-02 -1.106569110910857016e-02 -1.106569110910857016e-02 1.581871064232020785e-01
3.333333333333333148e-01 7.619047619047618625e-01 2.744744130495830204e-03 7.725074232575021571e-02 1.189192570024948971e-02 -9.779686700922106055e-03 -9.779686700922109524e-03 1.562726343662264872e-01
3.809523809523809312e-01 7.619047619047618625e-01 1.953737771646065716e-03 7.740388699861774913e-02 1.204972439908890032e-02 -7.588911524265580869e-03 -7.588911524265594746e-03 1.552140125173007978e-01
4.285714285714285476e-01 7.619047619047618625e-01 1.170021548433469684e-03 7.749458762459840444e-02 1.216016683194919359e-02 -4.774419150387748494e-03 -4.774419150387751963e-03 1.544693321904327121e-01
4.761904761904761640e-01 7.619047619047618625e-01 3.897471239179735596e-04 7.753672952271485619e-02 1.211593619225060162e-02 -1.617274299010991023e-03 -1.617274299010994058e-03 1.542244573707585720e-01
5.238095238095238360e-01 7.619047619047618625e-01 -3.894760631016402149e-04 7.753728589144769090e-02 1.217760616231210180e-02 1.655311492335136874e-03 1.655311492335106733e-03 1.541600031958449135e-01
5.714285714285713969e-01 7.619047619047618625e-01 -1.169512730533019216e-03 7.749620701438837689e-02 1.212468580703919031e-02 4.817866105012182619e-03 4.817866105011860828e-03 1.545190525430617523e-01
6.190476190476190688e-01 7.619047619047618625e-01 -1.952704869639906296e-03 7.740665571777888276e-02 1.213044561524530447e-02 7.626335839434649974e-03 7.626335839434603137e-03 1.551037574636139893e-01
6.666666666666666297e-01 7.619047619047618625e-01 -2.743016131271144593e-03 7.725459834633791045e-02 1.189897547874305649e-02 9.833116574367311777e-03 9.833116574367330859e-03 1.563418976131634441e-01
7.142857142857143016e-01 7.619047619047618625e-01 -3.546924884734429725e-03 7.701903375282075082e-02 1.144274240002071848e-02 1.111206283411607376e-02 1.111206283411554467e-02 1.580256487035379409e-01
7.619047619047618625e-01 7.619047619047618625e-01 -4.374754798369080711e-03 7.667197224629200558e-02 1.047985046429901132e-02 1.115797630614503294e-02 1.115797630614639643e-02 1.607845243490086118e-01
8.095238095238095344e-01 7.619047619047618625e-01 -5.240648597696130964e-03 7.618129320813887828e-02 8.723062254037246277e-03 9.670865305669823497e-03 9.670865305669688189e-03 1.642404317941077163e-01
8.571428571428570953e-01 7.619047619047618625e-01 -6.160771298603564400e-03 7.551619241458955301e-02 6.394548067714721749e-03 6.597690938529669584e-03 6.597690938529556827e-03 1.685242984703368974e-01
9.047619047619047672e-01 7.619047619047618625e-01 -7.146914430760392505e-03 7.466228517947311183e-02 3.247205516510043039e-03 2.601617091388312795e-03 2.601617091386127477e-03 1.728563469214184911e-01
9.523809523809523281e-01 7.619047619047618625e-01 -8.194403067678525387e-03 7.364695683749497568e-02 8.811105355701490463e-04 -7.262484778251304587e-04 -7.262484778250063175e-04 1.748922665881576521e-01
1.000000000000000000e+00 7.619047619047618625e-01 -9.273775641805008171e-03 7.256769911300912923e-02 -3.107101799829839321e-04 -4.499208250588055389e-04 -4.499208250589498462e-04 1.745255621675911306e-01
0.000000000000000000e+00 8.095238095238095344e-01 8.185605122161088848e-03 7.506052149179417987e-02 -5.862525252618888856e-04 5.492114958274476461e-04 5.492114958274474292e-04 1.730726560845001205e-01
4.761904761904761640e-02 8.095238095238095344e-01 7.103555336354141700e-03 7.617641641822439635e-02 1.439767362097747836e-03 -1.763906640613792463e-03 -1.763906640613798101e-03 1.775472849018505106e-01
9.523809523809523281e-02 8.095238095238095344e-01 6.056294883621200775e-03 7.714729078651252903e-02 5.754153202677914948e-03 -6.652716372145968914e-03 -6.652716372145968914e-03 1.772547811059092537e-01
1.428571428571428492e-01 8.095238095238095344e-01 5.104101756004525252e-03 7.791244538975081180e-02 1.170237257080807003e-02 -1.053886131644470210e-02 -1.053886131644470210e-02 1.717867922088127941e-01
1.904761904761904656e-01 8.095238095238095344e-01 4.258797103901574774e-03 7.848520729901618809e-02 1.584626028798334293e-02 -1.261494487932487106e-02 -1.261494487932487106e-02 1.660678270266706391e-01
2.380952380952380820e-01 8.095238095238095344e-01 3.502163838326716183e-03 7.889983429025587691e-02 1.917526520950290497e-02 -1.303303933223787410e-02 -1.303303933223787410e-02 1.610711092763104924e-01
2.857142857142856984e-01 8.095238095238095344e-01 2.808625886251242456e-03 7.919171379385137044e-02 2.095476424683434882e-02 -1.214268889433280270e-02 -1.214268889433280270e-02 1.570283724660305469e-01
3.333333333333333148e-01 8.095238095238095344e-01 2.155847714764437106e-03 7.939055183237961333e-02 2.196633261192381531e-02 -1.031681554660720743e-02 -1.031681554660720743e-02 1.544215342923709322e-01
3.809523809523809312e-01 8.095238095238095344e-01 1.527252991530066162e-03 7.951990362314846628e-02 2.247811622732736811e-02 -7.803885638523972400e-03 -7.803885638523970665e-03 1.524757451727476176e-01
4.285714285714285476e-01 8.095238095238095344e-01 9.121536520314285981e-04 7.959691537130215988e-02 2.260436654244876026e-02 -4.850297709075897766e-03 -4.850297709075897766e-03 1.514976267957907630e-01
4.761904761904761640e-01 8.095238095238095344e-01 3.035879062830241777e-04 7.963287236322114104e-02 2.274235074069139856e-02 -1.635098115354844577e-03 -1.635098115354853684e-03 1.508940337668510379e-01
5.238095238095238360e-01 8.095238095238095344e-01 -3.029389062518635838e-04 7.963327910265084741e-02 2.266965236866629388e-02 1.661986697647915194e-03 1.661986697647952708e-03 1.509786577718632006e-01
5.714285714285713969e-01 8.095238095238095344e-01 -9.112109106024322966e-04 7.959818083835352998e-02 2.269751185426841303e-02 4.874497117022287898e-03 4.874497117022241928e-03 1.513785812734769476e-01
6.190476190476190688e-01 8.095238095238095344e-01 -1.525809935086903024e-03 7.952201514648100933e-02 2.245705592657546920e-02 7.836429819170874153e-03 7.836429819171032013e-03 1.525634731465205784e-01
6.666666666666666297e-01 8.095238095238095344e-01 -2.153487197325516540e-03 7.939362098088276198e-02 2.204038099326532246e-02 1.034282361628620535e-02 1.034282361628557738e-02 1.542415068224654573e-01
7.142857142857143016e-01 8.095238095238095344e-01 -2.805233233857990123e-03 7.919577666790128534e-02 2.106328400050281463e-02 1.218962348968774360e-02 1.218962348968788065e-02 1.571372410558797561e-01
7.619047619047618625e-01 8.095238095238095344e-01 -3.497251838678106829e-03 7.890515344768277151e-02 1.911929358502596418e-02 1.307672968727793469e-02 1.307672968727641334e-02 1.608856440219383621e-01
8.095238095238095344e-01 8.095238095238095344e-01 -4.252280757839544366e-03 7.849188997104569743e-02 1.624110220718246594e-02 1.269920810634951082e-02 1.269920810634811957e-02 1.660797276428963021e-01
8.571428571428570953e-01 8.095238095238095344e-01 -5.096418541428371883e-03 7.792105339776225770e-02 1.131910680651674120e-02 1.064713030289943588e-02 1.064713030289936475e-02 1.720407032616582121e-01
9.047619047619047672e-01 8.095238095238095344e-01 -6.047823623198283691e-03 7.715685816696102317e-02 6.327329649092085229e-03 6.706692561488891181e-03 6.706692561488880773e-03 1.766216164977365555e-01
9.523809523809523281e-01 8.095238095238095344e-01 -7.094680963590318558e-03 7.618518068505195084e-02 1.201270875658975177e-03 1.929466350434529825e-03 1.929466350434489276e-03 1.786511399537528966e-01
1.000000000000000000e+00 8.095238095238095344e-01 -8.174331839857641724e-03 7.506618116462109025e-02 -1.523014275017175155e-04 -5.406539662455642345e-04 -5.406539662455758354e-04 1.722414228828058891e-01
0.000000000000000000e+00 8.571428571428570953e-01 6.957199499944053886e-03 7.755197522918176600e-02 -5.668116358983552039e-04 1.007680361515802267e-03 1.007680361515824602e-03 1.730493157747491073e-01
4.761904761904761640e-02 8.571428571428570953e-01 5.857355411477077958e-03 7.876915453015870261e-02 2.179473532356727625e-03 -6.709135617684582921e-03 -6.709135617684588125e-03 1.851256860434168372e-01
9.523809523809523281e-02 8.571428571428570953e-01 4.824774447740676556e-03 7.968238501361467330e-02 1.179274663391459248e-02 -1.377480754600195548e-02 -1.377480754600196068e-02 1.811792041612472759e-01
1.428571428571428492e-01 8.571428571428570953e-01 3.948462939315465492e-03 8.031887803487122723e-02 1.900921063085775353e-02 -1.681288756315226646e-02 -1.681288756315227340e-02 1.742704965881347046e-01
1.904761904761904656e-01 8.571428571428570953e-01 3.221776936947347812e-03 8.076142242602223076e-02 2.553871955387383708e-02 -1.705058407531422071e-02 -1.705058407531430745e-02 1.664697608577543897e-01
2.380952380952380820e-01 8.571428571428570953e-01 2.607424490103299203e-03 8.107157166194674247e-02 2.894598066930622812e-02 -1.573676979722666777e-02 -1.573676979722666777e-02 1.599117937183244242e-01
2.857142857142856984e-01 8.571428571428570953e-01 2.068245445460117817e-03 8.128790559514072200e-02 3.112526733590082265e-02 -1.365076813401932404e-02 -1.365076813401931190e-02 1.553306730909977673e-01
3.333333333333333148e-01 8.571428571428570953e-01 1.575762467039736828e-03 8.143561817622717303e-02 3.218882018461997202e-02 -1.105059652977635060e-02 -1.105059652977635233e-02 1.517792646638076171e-01
3.809523809523809312e-01 8.571428571428570953e-01 1.111140093161969286e-03 8.153234450848187431e-02 3.259926274173075705e-02 -8.122458871965264685e-03 -8.122458871965261215e-03 1.496991885377025322e-01
4.285714285714285476e-01 8.571428571428570953e-01 6.618143817885506876e-04 8.159036586263296309e-02 3.286306877682185906e-02 -4.958829316778293368e-03 -4.958829316778296838e-03 1.482093109457838509e-01
4.761904761904761640e-01 8.571428571428570953e-01 2.200879862874622597e-04 8.161757549156047065e-02 3.280914781747397424e-02 -1.664049921839514355e-03 -1.664049921839522161e-03 1.476931407603062629e-01
5.238095238095238360e-01 8.571428571428570953e-01 -2.193249378332989645e-04 8.161786085396134649e-02 3.292271897576402873e-02 1.676313259993205589e-03 1.676313259993089362e-03 1.475706413900438607e-01
5.714285714285713969e-01 8.571428571428570953e-01 -6.608160439153171802e-04 8.159122291046957964e-02 3.278256942460536921e-02 4.973051093602822575e-03 4.973051093602836453e-03 1.483166876438329618e-01
6.190476190476190688e-01 8.571428571428570953e-01 -1.109548513695233184e-03 8.153380638379409406e-02 3.271446029050096432e-02 8.131680451476360275e-03 8.131680451476190272e-03 1.495215187245426680e-01
6.666666666666666297e-01 8.571428571428570953e-01 -1.573419963296849352e-03 8.143774182338145429e-02 3.219847624594798091e-02 1.106819452415945190e-02 1.106819452415846831e-02 1.519074246329840117e-01
7.142857142857143016e-01 8.571428571428570953e-01 -2.064536982650100241e-03 8.129079273388480076e-02 3.117037478775602777e-02 1.365924376372119192e-02 1.365924376370375101e-02 1.550787581217295263e-01
7.619047619047618625e-01 8.571428571428570953e-01 -2.602258381644789644e-03 8.107548835032978018e-02 2.921709488517143516e-02 1.577836054647431541e-02 1.577836054648522682e-02 1.600475657669738760e-01
8.095238095238095344e-01 8.571428571428570953e-01 -3.214176398377207537e-03 8.076667534158636641e-02 2.528761891635879222e-02 1.708109654370700697e-02 1.708109654370609104e-02 1.662824990242610101e-01
8.571428571428570953e-01 8.571428571428570953e-01 -3.937839040078841557e-03 8.032637723034423416e-02 1.998886833755894252e-02 1.697674486046658535e-02 1.697674486046871559e-02 1.740868603131207615e-01
9.047619047619047672e-01 8.571428571428570953e-01 -4.812955319511417161e-03 7.969377809440986171e-02 1.076500526982755897e-02 1.397558272080523523e-02 1.397558272080520400e-02 1.825184007997870117e-01
9.523809523809523281e-01 8.571428571428570953e-01 -5.846818083907627528e-03 7.878048337567020165e-02 2.986356321578041012e-03 6.658167601510168489e-03 6.658167601510168489e-03 1.835267109527635165e-01
1.000000000000000000e+00 8.571428571428570953e-01 -6.951625458896837535e-03 7.756080155700216527e-02 -1.537487808672634423e-03 -7.888333570769751535e-04 -7.888333570769839355e-04 1.754329178191804395e-01
0.000000000000000000e+00 9.047619047619047672e-01 5.495020282187031320e-03 8.008855345120945157e-02 -5.868189114744569966e-03 3.900171773049764846e-03 3.900171773049763979e-03 1.801805274609632190e-01
4.761904761904761640e-02 9.047619047619047672e-01 4.332744984094023637e-03 8.146871093783816797e-02 9.816555241974956811e-03 -1.758466487426238803e-02 -1.758466487426238803e-02 1.934056813457716573e-01
9.523809523809523281e-02 9.047619047619047672e-01 3.377491024261657614e-03 8.223788816326078888e-02 2.106623578110922157e-02 -2.479624547258051787e-02 -2.479624547258052827e-02 1.858005216256764236e-01
1.428571428571428492e-01 9.047619047619047672e-01 2.665893214266149870e-03 8.267943706900886258e-02 3.250125769276354659e-02 -2.450838391008958866e-02 -2.450838391008959907e-02 1.741485566525266260e-01
1.904761904761904656e-01 9.047619047619047672e-01 2.128006323253208050e-03 8.296007001258427771e-02 3.745430444861602703e-02 -2.155780638974665736e-02 -2.155780638974668859e-02 1.643266764502964994e-01
2.380952380952380820e-01 9.047619047619047672e-01 1.698816073179607467e-03 8.315189496345407050e-02 4.045247119068175884e-02 -1.824886211438810080e-02 -1.824886211438810080e-02 1.575900751955520707e-01
2.857142857142856984e-01 9.047619047619047672e-01 1.335282256011774849e-03 8.328546495874888933e-02 4.182284179475595498e-02 -1.489517739786965292e-02 -1.489517739786965292e-02 1.522519365441145633e-01
3.333333333333333148e-01 9.047619047619047672e-01 1.011555601127129330e-03 8.337761894731217371e-02 4.230603639105307012e-02 -1.160007265465136210e-02 -1.160007265465136210e-02 1.489140913946113420e-01
3.809523809523809312e-01 9.047619047619047672e-01 7.107119737686717550e-04 8.343863277453396343e-02 4.257806870058665483e-02 -8.303154788937727737e-03 -8.303154788937727737e-03 1.463528261386217999e-01
4.285714285714285476e-01 9.047619047619047672e-01 4.225081252182923196e-04 8.347566170301928823e-02 4.243481329906906296e-02 -4.995684622558974226e-03 -4.995684622558974226e-03 1.450570981570628581e-01
4.761904761904761640e-01 9.047619047619047672e-01 1.404085140768127364e-04 8.349312740900596830e-02 4.254028989658623777e-02 -1.666784007796779862e-03 -1.666784007796782681e-03 1.442295771113347447e-01
5.238095238095238360e-01 9.047619047619047672e-01 -1.398047752334603984e-04 8.349329917873508922e-02 4.240267942747061314e-02 1.668691868192992466e-03 1.668691868192979889e-03 1.443576717441441004e-01
5.714285714285713969e-01 9.047619047619047672e-01 -4.216766528482438956e-04 8.347613259159773758e-02 4.258830952346759346e-02 4.994483460491465354e-03 4.994483460491624949e-03 1.448942376388312470e-01
6.190476190476190688e-01 9.047619047619047672e-01 -7.094811667253091017e-04 8.343948078037471960e-02 4.247578288170722471e-02 8.302532835027539790e-03 8.302532835027539790e-03 1.464897611944361300e-01
6.666666666666666297e-01 9.047619047619047672e-01 -1.009545417379712536e-03 8.337878737646732541e-02 4.245395204237235875e-02 1.158859489139415881e-02 1.158859489140221660e-02 1.486737690854966210e-01
7.142857142857143016e-01 9.047619047619047672e-01 -1.332337016024728047e-03 8.328715473737580144e-02 4.183194231449411521e-02 1.489109574684162503e-02 1.489109574685782908e-02 1.524334956964890075e-01
7.619047619047618625e-01 9.047619047619047672e-01 -1.694087334813982465e-03 8.315405131775116532e-02 4.050748587362628522e-02 1.821854267983110884e-02 1.821854267983878672e-02 1.572307907765350954e-01
8.095238095238095344e-01 9.047619047619047672e-01 -2.121404431617577961e-03 8.296333825063710588e-02 3.787932265390234199e-02 2.158946011671892401e-02 2.158946011672110282e-02 1.645680677958193672e-01
8.571428571428570953e-01 9.047619047619047672e-01 -2.654720512023056502e-03 8.268369083411257481e-02 3.201691366892435442e-02 2.448747921960885143e-02 2.448747921960888266e-02 1.737562420636379057e-01
9.047619047619047672e-01 9.047619047619047672e-01 -3.358834653156971863e-03 8.224773203461141491e-02 2.376964512306681612e-02 2.526100632860677625e-02 2.526100632860678319e-02 1.855414858853449700e-01
9.523809523809523281e-01 9.047619047619047672e-01 -4.313133189747753345e-03 8.148353201384876676e-02 6.359544594713089499e-03 1.791182953601898331e-02 1.791182953601898331e-02 1.992691442260707546e-01
1.000000000000000000e+00 9.047619047619047672e-01 -5.456512823300247589e-03 8.010903467103859532e-02 -3.112116970131484535e-03 -1.877450021557167418e-03 -1.877450021557167201e-03 1.801343466816746897e-01
0.000000000000000000e+00 9.523809523809523281e-01 3.483701905211269295e-03 8.288342810443960484e-02 1.370367432452559162e-03 4.642066937219390017e-03 4.642066937219394354e-03 1.893877340408914867e-01
4.761904761904761640e-02 9.523809523809523281e-01 2.345887073356464191e-03 8.429634750894485218e-02 2.436177459488440139e-02 -4.015858171372684721e-02 -4.015858171372684721e-02 2.088481648633240817e-01
9.523809523809523281e-02 9.523809523809523281e-01 1.689495293535096679e-03 8.471754427869074289e-02 4.486680377137767378e-02 -3.734057852381572618e-02 -3.734057852381571924e-02 1.858638022530853251e-01
1.428571428571428492e-01 9.523809523809523281e-01 1.295326966133885423e-03 8.491214999628172999e-02 5.057853986122752554e-02 -3.011875438826122284e-02 -3.011875438826121243e-02 1.693116424586525448e-01
1.904761904761904656e-01 9.523809523809523281e-01 1.022479185235929426e-03 8.502949513176058516e-02 5.210495242609255312e-02 -2.410413881762829211e-02 -2.410413881762825741e-02 1.603236391745996581e-01
2.380952380952380820e-01 9.523809523809523281e-01 8.098941979887155050e-04 8.511158012331444811e-02 5.273320428481620414e-02 -1.933636701845749956e-02 -1.933636701845749956e-02 1.533586212941930316e-01
2.857142857142856984e-01 9.523809523809523281e-01 6.340135303409084530e-04 8.516952449882780884e-02 5.237874809913086599e-02 -1.521946803110471071e-02 -1.521946803110471071e-02 1.488678683126889446e-01
3.333333333333333148e-01 9.523809523809523281e-01 4.789719961367574640e-04 8.521071694389416307e-02 5.225280280168205504e-02 -1.158029034183215809e-02 -1.158029034183215809e-02 1.452915740679919521e-01
3.809523809523809312e-01 9.523809523809523281e-01 3.361640524453272309e-04 8.523833011303670604e-02 5.166756701225991288e-02 -8.151690867235061172e-03 -8.151690867235059437e-03 1.431792641674781985e-01
4.285714285714285476e-01 9.523809523809523281e-01 1.997092475895498364e-04 8.525553620303787106e-02 5.156677862505106708e-02 -4.859699295304111336e-03 -4.859699295304107866e-03 1.416127073180658280e-01
4.761904761904761640e-01 9.523809523809523281e-01 6.636779632370070248e-05 8.526359402323380188e-02 5.121316793432145742e-02 -1.615293661536125643e-03 -1.615293661536129112e-03 1.410734774382646217e-01
5.238095238095238360e-01 9.523809523809523281e-01 -6.605920429954238379e-05 8.526374918399244607e-02 5.140330515144647672e-02 1.610787070206433792e-03 1.610787070206402350e-03 1.409363590071576189e-01
5.714285714285713969e-01 9.523809523809523281e-01 -1.993064293519563647e-04 8.525562029757310922e-02 5.137921627747732423e-02 4.848405668626992390e-03 4.848405668626857082e-03 1.417402455161214381e-01
6.190476190476190688e-01 9.523809523809523281e-01 -3.354482367531842952e-04 8.523875927827402610e-02 5.188395609214614679e-02 8.145036188038547870e-03 8.145036188037003966e-03 1.429935131198705744e-01
6.666666666666666297e-01 9.523809523809523281e-01 -4.779732304389010603e-04 8.521101816663620432e-02 5.205783847945699011e-02 1.154533529996518496e-02 1.154533529996192194e-02 1.454467389049034498e-01
7.142857142857143016e-01 9.523809523809523281e-01 -6.321493342788749069e-04 8.517030800857004758e-02 5.263707890655210803e-02 1.520732237035835911e-02 1.520732237032982465e-02 1.485935152978160867e-01
7.619047619047618625e-01 9.523809523809523281e-01 -8.075275083575843759e-04 8.511206146854664867e-02 5.256466609603827056e-02 1.924657354373973325e-02 1.924657354375014506e-02 1.535878515442578585e-01
8.095238095238095344e-01 9.523809523809523281e-01 -1.017863370544463747e-03 8.503102265901869850e-02 5.240108890223089955e-02 2.410510823690948171e-02 2.410510823690911394e-02 1.598381132786005632e-01
8.571428571428570953e-01 9.523809523809523281e-01 -1.290731591529338355e-03 8.491206897354715288e-02 5.054880721599183668e-02 2.994588396655410364e-02 2.994588396655410364e-02 1.698429341139894855e-01
9.047619047619047672e-01 9.523809523809523281e-01 -1.672835296267275156e-03 8.472115813122418904e-02 4.548211275374573065e-02 3.778169518367755636e-02 3.778169518367755636e-02 1.833770952271988885e-01
9.523809523809523281e-01 9.523809523809523281e-01 -2.309201842757879850e-03 8.431057495765445498e-02 2.951476679503961531e-02 4.113296655537974217e-02 4.113296655537973523e-02 2.044217992427199426e-01
1.000000000000000000e+00 9.523809523809523281e-01 -3.496456670448098297e-03 8.286584254964000917e-02 -1.742044781199539663e-02 3.178281763427884092e-03 3.178281763427890597e-03 2.260035723154074638e-01
0.000000000000000000e+00 1.000000000000000000e+00 -2.021152989328023999e-20 8.693599999999999939e-02 9.170912009992193692e-02 -8.693888440891306413e-02 -8.693888440891306413e-02 3.424590444790776012e-01
4.761904761904761640e-02 1.000000000000000000e+00 -3.069241679030774467e-20 8.693599999999999939e-02 7.827612590593094333e-02 -5.443036844255275120e-02 -5.443036844255274426e-02 2.104658363189024495e-01
9.523809523809523281e-02 1.000000000000000000e+00 3.593468830574356814e-15 8.693599999999999939e-02 7.251643475853096488e-02 -3.649959089983054877e-02 -3.649959089983050714e-02 1.719699956950173358e-01
1.428571428571428492e-01 1.000000000000000000e+00 -2.675639534283970644e-20 8.693599999999999939e-02 6.937699892111905131e-02 -2.927986109348078639e-02 -2.927986109348078639e-02 1.622998122925764786e-01
1.904761904761904656e-01 1.000000000000000000e+00 3.013159491787375489e-20 8.693599999999999939e-02 6.632710973885543038e-02 -2.289793504676002761e-02 -2.289793504676002414e-02 1.542940141500165618e-01
2.380952380952380820e-01 1.000000000000000000e+00 -1.717072691159764499e-20 8.693599999999999939e-02 6.393997826137069740e-02 -1.831766980638808301e-02 -1.831766980638808301e-02 1.491567587848958709e-01
2.857142857142856984e-01 1.000000000000000000e+00 5.752241907982972042e-20 8.693599999999999939e-02 6.224311265364013829e-02 -1.425926768669918618e-02 -1.425926768669918618e-02 1.447833083836509993e-01
3.333333333333333148e-01 1.000000000000000000e+00 -1.425949307368354181e-20 8.693599999999999939e-02 6.088280225697101367e-02 -1.083485999829533405e-02 -1.083485999829533405e-02 1.420201032135126051e-01
3.809523809523809312e-01 1.000000000000000000e+00 1.007919060954531742e-15 8.693599999999999939e-02 6.005021158743634874e-02 -7.587001653508341527e-03 -7.587001653508342394e-03 1.397355079013142543e-01
4.285714285714285476e-01 1.000000000000000000e+00 -2.591199344881673895e-20 8.693600000000001327e-02 5.941303729349601409e-02 -4.523842298252265907e-03 -4.523842298252325755e-03 1.385976997579861092e-01
4.761904761904761640e-01 1.000000000000000000e+00 -4.971945981685181622e-16 8.693599999999998551e-02 5.920519737997034793e-02 -1.500786827826813656e-03 -1.500786827826817559e-03 1.378000896933492536e-01
5.238095238095238360e-01 1.000000000000000000e+00 5.386882396855773792e-21 8.693599999999999939e-02 5.913656776058744124e-02 1.497293252955507904e-03 1.497293252955498146e-03 1.379540999427485426e-01
5.714285714285713969e-01 1.000000000000000000e+00 -1.519400547234205169e-14 8.693599999999999939e-02 5.947679617966390025e-02 4.504905775363109675e-03 4.504905775363000388e-03 1.384205236459041533e-01
6.190476190476190688e-01 1.000000000000000000e+00 1.299369821642391757e-20 8.693599999999999939e-02 5.997469268003884774e-02 7.592403970311631563e-03 7.592403970310211692e-03 1.399051343750525866e-01
6.666666666666666297e-01 1.000000000000000000e+00 -1.393442216483488588e-20 8.693599999999999939e-02 6.094318767719902885e-02 1.076721338537170100e-02 1.076721338536437873e-02 1.417852320154003865e-01
7.142857142857143016e-01 1.000000000000000000e+00 2.180316346762564756e-20 8.693599999999999939e-02 6.216436749052504929e-02 1.429061574048831607e-02 1.429061574048531326e-02 1.450062961098873282e-01
7.619047619047618625e-01 1.000000000000000000e+00 6.605867568936650839e-16 8.693599999999999939e-02 6.399236796417613615e-02 1.813069425128976259e-02 1.813069425128617171e-02 1.488189768164933091e-01
8.095238095238095344e-01 1.000000000000000000e+00 3.427636420213114882e-20 8.693599999999999939e-02 6.628015153487618050e-02 2.303393097851932220e-02 2.303393097851839932e-02 1.546730613266711074e-01
8.571428571428570953e-01 1.000000000000000000e+00 8.329060315549984593e-16 8.693599999999999939e-02 6.932631217735223117e-02 2.894987646431028058e-02 2.894987646431021466e-02 1.615051643348315857e-01
9.047619047619047672e-01 1.000000000000000000e+00 5.828688674035840587e-20 8.693599999999999939e-02 7.357504066077442950e-02 3.840121697561846986e-02 3.840121697561847680e-02 1.738556223191602967e-01
9.523809523809523281e-01 1.000000000000000000e+00 -6.434575648377253022e-20 8.693599999999999939e-02 7.974523801294315650e-02 5.600552238242247072e-02 5.600552238242247072e-02 1.926814027115617001e-01
1.000000000000000000e+00 1.000000000000000000e+00 1.599587900874246624e-19 8.693599999999999939e-02 1.877268700425931969e-01 1.197882448116469600e-01 1.197882448116469600e-01 4.028933967354358936e-01
