0.000000000000000000e+00 0.000000000000000000e+00 -6.698719970833079337e-19 -5.642381690301761129e-19 3.035954118370416399e-01 1.689649507904358305e-01 1.689649507904358028e-01 5.171750700729442762e-01
4.761904761904761640e-02 0.000000000000000000e+00 -1.236707028066184184e-16 -4.927278276765968076e-19 1.048134009981161602e-01 8.524720088319621969e-02 8.524720088319613642e-02 2.009089791435721140e-01
9.523809523809523281e-02 0.000000000000000000e+00 -4.117399366494691290e-19 -2.784654664239593685e-19 1.001509714830129405e-01 6.447361013540761632e-02 6.447361013540761632e-02 1.886853010710918543e-01
1.428571428571428492e-01 0.000000000000000000e+00 -3.997202373785363744e-19 -3.312722439892986857e-19 9.911363328656791483e-02 5.347951977428609671e-02 5.347951977428602732e-02 1.834194637954253970e-01
1.904761904761904656e-01 0.000000000000000000e+00 -2.741116354215499911e-19 -2.420530286637684483e-19 9.983258245315980439e-02 4.527265374679206866e-02 4.527265374679205479e-02 1.854258810389352863e-01
2.380952380952380820e-01 0.000000000000000000e+00 -2.743266290665705596e-19 -3.268469075921343909e-19 1.011691474672865437e-01 3.753244640731935589e-02 3.753244640731936976e-02 1.878399294535224584e-01
2.857142857142856984e-01 0.000000000000000000e+00 -1.886939627381526354e-19 -2.450880533520668624e-19 1.026884243013241604e-01 3.034113177751004628e-02 3.034113177751005322e-02 1.907125478773615546e-01
3.333333333333333148e-01 0.000000000000000000e+00 -1.819554000731382056e-19 -2.455523763537313538e-19 1.040166932807112810e-01 2.328042879466617546e-02 2.328042879466618587e-02 1.934922262581662278e-01
3.809523809523809312e-01 0.000000000000000000e+00 -1.144640908676843977e-19 -2.509827511347271066e-19 1.052055538524159645e-01 1.650483089394129757e-02 1.650483089394129757e-02 1.954112842652445114e-01
4.285714285714285476e-01 0.000000000000000000e+00 -6.149034584168093113e-20 -3.956699328461371243e-19 1.058924395138682029e-01 9.811627321188834058e-03 9.811627321188832324e-03 1.970808110681875613e-01
4.761904761904761640e-01 0.000000000000000000e+00 -4.524677672820204990e-20 -2.547229417869485060e-19 1.063753274286775435e-01 3.243532540573623550e-03 3.243532540573623550e-03 1.975904122426380694e-01
5.238095238095238360e-01 0.000000000000000000e+00 -3.949030528962681421e-20 -2.547864103449701466e-19 1.062828057354750777e-01 -3.307493845669156555e-03 -3.307493845669156989e-03 1.978201617422274405e-01
5.714285714285713969e-01 0.000000000000000000e+00 2.209609692259722742e-20 -2.553672087684500629e-19 1.059798405671384253e-01 -9.904565022022396650e-03 -9.904565022022396650e-03 1.968540170709176806e-01
6.190476190476190688e-01 0.000000000000000000e+00 2.773145648369167520e-20 -2.551433778097596153e-19 1.051219935258596028e-01 -1.655673378229198175e-02 -1.655673378229198175e-02 1.956164366424743284e-01
6.666666666666666297e-01 0.000000000000000000e+00 1.207504724166696155e-19 -2.504975164524726905e-19 1.040801609521082305e-01 -2.342303267173904274e-02 -2.342303267173904274e-02 1.933124072788618142e-01
7.142857142857143016e-01 0.000000000000000000e+00 1.974630772234701485e-19 -3.320859297848873146e-19 1.026422605992805548e-01 -3.039996501494761361e-02 -3.039996501494761361e-02 1.908117826780457715e-01
7.619047619047618625e-01 0.000000000000000000e+00 1.633698298157925115e-19 -2.476522069847958715e-19 1.011692515270947168e-01 -3.777302217088322062e-02 -3.777302217088322062e-02 1.878777326807014036e-01
8.095238095238095344e-01 0.000000000000000000e+00 3.034501415296329982e-19 -3.255993071862438464e-19 9.984975475620289087e-02 -4.529031049221417249e-02 -4.529031049221417249e-02 1.850809804088927868e-01
8.571428571428570953e-01 0.000000000000000000e+00 2.454744634502671524e-19 -2.432528599955256352e-19 9.915857637694366900e-02 -5.379354233900091042e-02 -5.379354233900091042e-02 1.845646533693768021e-01
9.047619047619047672e-01 0.000000000000000000e+00 4.428023310581453814e-19 -3.388575367926964409e-19 9.869882499049148494e-02 -6.195997762916296420e-02 -6.195997762916296420e-02 1.851385624767723226e-01
9.523809523809523281e-01 0.000000000000000000e+00 3.474035144310763717e-19 -2.631842206564456233e-19 1.042231891476433359e-01 -8.302783047010227346e-02 -8.302783047010227346e-02 2.296208128975830154e-01
1.000000000000000000e+00 0.000000000000000000e+00 3.197351490230139897e-19 -2.114894543631949629e-19 1.381587618930465167e-01 -1.237057229987848922e-01 -1.237057229987848644e-01 4.173918234306674413e-01
0.000000000000000000e+00 4.761904761904761640e-02 1.519735022833346855e-02 1.336074295887592148e-02 -2.514840667549524816e-02 7.274925901232702843e-03 7.274925901232710650e-03 2.415583068346839057e-01
4.761904761904761640e-02 4.761904761904761640e-02 1.065864901679308002e-02 7.507706966492961459e-03 4.098914255515152816e-02 6.521557833915105074e-02 6.521557833915106461e-02 2.177132100912123336e-01
9.523809523809523281e-02 4.761904761904761640e-02 8.291954022620137352e-03 6.259117735998676740e-03 6.552422495039395001e-02 6.217808223311871441e-02 6.217808223311872828e-02 2.000040480255790287e-01
1.428571428571428492e-01 4.761904761904761640e-02 6.831825905868377409e-03 5.953948381574613626e-03 7.381602167271825166e-02 5.174813974747094480e-02 5.174813974747080603e-02 1.945887159919509335e-01
1.904761904761904656e-01 4.761904761904761640e-02 5.676691151187553998e-03 5.903405703927804525e-03 7.879065710167795777e-02 4.326825904472698242e-02 4.326825904472700324e-02 1.933894031830274696e-01
2.380952380952380820e-01 4.761904761904761640e-02 4.670948579159846237e-03 5.944461662703625325e-03 8.223146253435796582e-02 3.549836067843555043e-02 3.549836067843550880e-02 1.953958025150777100e-01
2.857142857142856984e-01 4.761904761904761640e-02 3.743090199167455230e-03 6.008383531534569784e-03 8.485646381189086707e-02 2.843307235724976470e-02 2.843307235724977858e-02 1.978581815879424388e-01
3.333333333333333148e-01 4.761904761904761640e-02 2.866107068995342108e-03 6.071790217744179978e-03 8.730984845037330355e-02 2.172379119156924929e-02 2.172379119156924929e-02 2.000982910200442277e-01
3.809523809523809312e-01 4.761904761904761640e-02 2.022960139443991806e-03 6.124513239467824742e-03 8.871597486825287537e-02 1.532825378536180685e-02 1.532825378536180685e-02 2.021383854289453830e-01
4.285714285714285476e-01 4.761904761904761640e-02 1.203180707123715576e-03 6.160519958871124580e-03 9.016261066843467287e-02 9.104290602923238371e-03 9.104290602923240106e-03 2.032996111841889608e-01
4.761904761904761640e-01 4.761904761904761640e-02 3.966865045567942840e-04 6.179576472971612389e-03 9.041099829907633945e-02 3.003179787882724258e-03 3.003179787882724692e-03 2.041335199664303379e-01
5.238095238095238360e-01 4.761904761904761640e-02 -4.054478335242825502e-04 6.179180815616086217e-03 9.073145625166376127e-02 -3.065683334414455799e-03 -3.065683334414433248e-03 2.039693056822351191e-01
5.714285714285713969e-01 4.761904761904761640e-02 -1.212311273856385039e-03 6.161209492454139056e-03 8.982774153976255671e-02 -9.177774248137999386e-03 -9.177774248137999386e-03 2.034648500927205284e-01
6.190476190476190688e-01 4.761904761904761640e-02 -2.033401269488149896e-03 6.124545557591281643e-03 8.898708337556207604e-02 -1.539332277918963043e-02 -1.539332277918963043e-02 2.019951443413364189e-01
6.666666666666666297e-01 4.761904761904761640e-02 -2.877988649334427534e-03 6.072866352191116229e-03 8.699702001261823414e-02 -2.182524300344129697e-02 -2.182524300344129697e-02 2.002377781763289843e-01
7.142857142857143016e-01 4.761904761904761640e-02 -3.758356076482645761e-03 6.009535664161830444e-03 8.498163237961467442e-02 -2.851484213529798320e-02 -2.851484213529798320e-02 1.978086186903974530e-01
7.619047619047618625e-01 4.761904761904761640e-02 -4.689818381472777090e-03 5.945888290758103226e-03 8.202988012184181388e-02 -3.566657931599086923e-02 -3.566657931599085535e-02 1.953884918013402416e-01
8.095238095238095344e-01 4.761904761904761640e-02 -5.704351585569507679e-03 5.908407158503669460e-03 7.853578922323294076e-02 -4.334734039138179312e-02 -4.334734039138178618e-02 1.937714158724406777e-01
8.571428571428570953e-01 4.761904761904761640e-02 -6.862350400919932369e-03 5.951450245376473103e-03 7.394023680031039381e-02 -5.207762854366201899e-02 -5.207762854366203287e-02 1.938720307286325717e-01
9.047619047619047672e-01 4.761904761904761640e-02 -8.384187110407609680e-03 6.277600734429174961e-03 6.385990458252953361e-02 -6.154693221229349392e-02 -6.154693221229348005e-02 2.042897582408168822e-01
9.523809523809523281e-01 4.761904761904761640e-02 -1.083969862408619769e-02 7.572786521180712924e-03 3.503633149242665890e-02 -6.400906026384291236e-02 -6.400906026384291236e-02 2.237156022067330052e-01
1.000000000000000000e+00 4.761904761904761640e-02 -1.517271592146449480e-02 1.333551519747551255e-02 1.203586279518342045e-03 6.140335150240098377e-03 6.140335150240130470e-03 1.873729436244492286e-01
0.000000000000000000e+00 9.523809523809523281e-02 2.358359992399057525e-02 2.115978009519776590e-02 -4.894860974159603688e-03 -1.999909433743314070e-03 -1.999909433743318407e-03 1.657120913274141571e-01
4.761904761904761640e-02 9.523809523809523281e-02 1.951688065844845929e-02 1.589201930233270776e-02 1.005541428985457300e-02 3.173163855518104648e-02 3.173163855518101872e-02 2.073773022542658995e-01
9.523809523809523281e-02 9.523809523809523281e-02 1.593579499271086455e-02 1.364198464335673183e-02 3.524058186715347402e-02 4.386670458092645913e-02 4.386670458092620239e-02 2.024732621386380049e-01
1.428571428571428492e-01 9.523809523809523281e-02 1.316000528507542400e-02 1.284211161169710250e-02 4.782389652232908739e-02 4.260866294643117502e-02 4.260866294643120278e-02 2.004365266978243021e-01
1.904761904761904656e-01 9.523809523809523281e-02 1.089188476073337311e-02 1.261390389099494198e-02 5.794339026349853289e-02 3.748508511991194975e-02 3.748508511991197056e-02 2.007337999198036405e-01
2.380952380952380820e-01 9.523809523809523281e-02 8.913873884850695428e-03 1.261151839875362425e-02 6.369946587160592311e-02 3.137071512720630145e-02 3.137071512720656513e-02 2.022149132647971526e-01
2.857142857142856984e-01 9.523809523809523281e-02 7.115211875727591763e-03 1.268713948492915244e-02 6.861555267340097020e-02 2.525743124150505933e-02 2.525743124150501423e-02 2.042785446081022693e-01
3.333333333333333148e-01 9.523809523809523281e-02 5.431725444859527782e-03 1.277891291975956183e-02 7.161178269874729496e-02 1.932925219374132669e-02 1.932925219374133363e-02 2.064374229498463220e-01
3.809523809523809312e-01 9.523809523809523281e-02 3.826643620035665404e-03 1.285942750779846960e-02 7.439945348177849638e-02 1.362580132116356785e-02 1.362580132116362336e-02 2.079617063132569166e-01
4.285714285714285476e-01 9.523809523809523281e-02 2.273067505109585378e-03 1.291708654866024868e-02 7.562468002213401652e-02 8.091792255002120543e-03 8.091792255002122278e-03 2.092953133562986956e-01
4.761904761904761640e-01 9.523809523809523281e-02 7.490648139961800537e-04 1.294684187817110935e-02 7.676962144675904265e-02 2.669017393150179170e-03 2.669017393150179603e-03 2.097174598247855959e-01
5.238095238095238360e-01 9.523809523809523281e-02 -7.655231222742283357e-04 1.294719950068843987e-02 7.639779639031631098e-02 -2.718311807910918018e-03 -2.718311807910918018e-03 2.098949990765654749e-01
5.714285714285713969e-01 9.523809523809523281e-02 -2.290399573534033454e-03 1.291802055469126742e-02 7.595885381095489330e-02 -8.144276664279590308e-03 -8.144276664279579900e-03 2.091310351076964558e-01
6.190476190476190688e-01 9.523809523809523281e-02 -3.845815023393587672e-03 1.286129991285730328e-02 7.398701845848117131e-02 -1.367747979397373331e-02 -1.367747979397373331e-02 2.081380386414663775e-01
6.666666666666666297e-01 9.523809523809523281e-02 -5.454092252724175582e-03 1.278186639364048589e-02 7.189306701546095690e-02 -1.939034245365793899e-02 -1.939034245365797368e-02 2.063205180550924389e-01
7.142857142857143016e-01 9.523809523809523281e-02 -7.142090730066489278e-03 1.269193220908435525e-02 6.812062339462396365e-02 -2.531342071422979303e-02 -2.531342071422979303e-02 2.044071127674561839e-01
7.619047619047618625e-01 9.523809523809523281e-02 -8.948963795067058080e-03 1.261891648494443269e-02 6.392746073949973074e-02 -3.144495339800697925e-02 -3.144495339800693762e-02 2.022798152033185026e-01
8.095238095238095344e-01 9.523809523809523281e-02 -1.093627482436716411e-02 1.262661019238315793e-02 5.705193752000624341e-02 -3.749097095596171797e-02 -3.749097095596169715e-02 2.006501234220780527e-01
8.571428571428570953e-01 9.523809523809523281e-02 -1.322843373025547886e-02 1.286151368472771353e-02 4.845598093644398752e-02 -4.263496993561782800e-02 -4.263496993561782800e-02 2.008654139286441265e-01
9.047619047619047672e-01 9.523809523809523281e-02 -1.604151884183345825e-02 1.369181040046841581e-02 3.114641235415146689e-02 -4.319301004200575694e-02 -4.319301004200572919e-02 2.025072307255000592e-01
9.523809523809523281e-01 9.523809523809523281e-02 -1.962398008179137496e-02 1.597452067684073523e-02 1.478960179115616606e-02 -3.129722987493888109e-02 -3.129722987493887415e-02 1.988535357831059114e-01
1.000000000000000000e+00 9.523809523809523281e-02 -2.378724701250876580e-02 2.128026340407987785e-02 -9.228523490650225938e-03 5.451327264277857146e-03 5.451327264278116487e-03 1.656767131744215915e-01
0.000000000000000000e+00 1.428571428571428492e-01 2.942051026148698178e-02 2.771137026377793605e-02 -2.381680303278512281e-03 -8.963828798299743224e-04 -8.963828798299601193e-04 1.515866105715336642e-01
4.761904761904761640e-02 1.428571428571428492e-01 2.569153303837900387e-02 2.372541969763723377e-02 4.530488530391916201e-03 1.506280938293741607e-02 1.506280938293737270e-02 1.815415273161314902e-01
9.523809523809523281e-02 1.428571428571428492e-01 2.185505824021129889e-02 2.143328844848680151e-02 1.631093882540799248e-02 2.704015651910829376e-02 2.704015651910830764e-02 1.978185268916013984e-01
1.428571428571428492e-01 1.428571428571428492e-01 1.837026491248736765e-02 2.038460890744479143e-02 3.084024910492802127e-02 3.058654158768032288e-02 3.058654158768032288e-02 2.017197499782013292e-01
1.904761904761904656e-01 1.428571428571428492e-01 1.528879666170509383e-02 1.999406914570596092e-02 4.009643836270729983e-02 2.899279580101529752e-02 2.899279580101530446e-02 2.050686773555565612e-01
2.380952380952380820e-01 1.428571428571428492e-01 1.252281787155542364e-02 1.991357155852374605e-02 4.868791282202009074e-02 2.527787794207501243e-02 2.527787794207503672e-02 2.073613589355414732e-01
2.857142857142856984e-01 1.428571428571428492e-01 9.985721795599353245e-03 1.996134326072034754e-02 5.399263361168106512e-02 2.072945909048747037e-02 2.072945909048748078e-02 2.097807814702243867e-01
3.333333333333333148e-01 1.428571428571428492e-01 7.613876188857499408e-03 2.004832283194328893e-02 5.886361972527313219e-02 1.601852400492455655e-02 1.601852400492456002e-02 2.115694307889393888e-01
3.809523809523809312e-01 1.428571428571428492e-01 5.358089182919978551e-03 2.013295005164293661e-02 6.154588780001669923e-02 1.133563275858017090e-02 1.133563275858017090e-02 2.132708065134835129e-01
4.285714285714285476e-01 1.428571428571428492e-01 3.180527105228129429e-03 2.019591237965922409e-02 6.399964800135410359e-02 6.747586453763640239e-03 6.747586453763640239e-03 2.141471351890028574e-01
4.761904761904761640e-01 1.428571428571428492e-01 1.047866719598286936e-03 2.022927648956854285e-02 6.457653083668321581e-02 2.230310546727375717e-03 2.230310546727374849e-03 2.148530367368684524e-01
5.238095238095238360e-01 1.428571428571428492e-01 -1.070356692271507001e-03 2.022985694039262233e-02 6.497853849458642972e-02 -2.259563951226768383e-03 -2.259563951226768383e-03 2.146812890052333944e-01
5.714285714285713969e-01 1.428571428571428492e-01 -3.204019975109626082e-03 2.019799503116617712e-02 6.354527179987465302e-02 -6.774877290163894110e-03 -6.774877290163894110e-03 2.143285798595754299e-01
6.190476190476190688e-01 1.428571428571428492e-01 -5.383916658990561648e-03 2.013658130896753967e-02 6.192013239299802574e-02 -1.136332746401447907e-02 -1.136332746401447907e-02 2.131133009225486263e-01
6.666666666666666297e-01 1.428571428571428492e-01 -7.643052038446680740e-03 2.005432257887682437e-02 5.830366040505209624e-02 -1.603483247199559425e-02 -1.603483247199559425e-02 2.117567222572061536e-01
7.142857142857143016e-01 1.428571428571428492e-01 -1.002066167573186992e-02 1.997041596235188399e-02 5.437956610779420830e-02 -2.074749546369044489e-02 -2.074749546369044836e-02 2.096523554136363043e-01
7.619047619047618625e-01 1.428571428571428492e-01 -1.256464273978289900e-02 1.992766584453390874e-02 4.784824363454806551e-02 -2.523983832347791861e-02 -2.523983832347790821e-02 2.075566485856494559e-01
8.095238095238095344e-01 1.428571428571428492e-01 -1.534199077738084699e-02 2.001574206516446713e-02 4.070372116290263409e-02 -2.895827057494987020e-02 -2.895827057494988060e-02 2.048686650145715160e-01
8.571428571428570953e-01 1.428571428571428492e-01 -1.843823170799563024e-02 2.041871993509835129e-02 2.914261936409104706e-02 -3.031325922387540991e-02 -3.031325922387537175e-02 2.022056460295532931e-01
9.047619047619047672e-01 1.428571428571428492e-01 -2.192689601013524808e-02 2.149151931472527768e-02 1.783230222284775887e-02 -2.671060703306242512e-02 -2.671060703306243206e-02 1.955338635553044990e-01
9.523809523809523281e-01 1.428571428571428492e-01 -2.575627588930571102e-02 2.378700656294769830e-02 3.314465898128447861e-03 -1.503311610702271102e-02 -1.503311610702271102e-02 1.839520552566134559e-01
1.000000000000000000e+00 1.428571428571428492e-01 -2.945698304995515715e-02 2.775879565711865740e-02 -8.829388907993539811e-04 1.146432258555021974e-03 1.146432258561331163e-03 1.478916090830519892e-01
0.000000000000000000e+00 1.904761904761904656e-01 3.331533085385730841e-02 3.373475234397660394e-02 -2.301975325189196042e-04 -4.396650393774214618e-04 -4.396650393774046567e-04 1.401165790433215597e-01
4.761904761904761640e-02 1.904761904761904656e-01 2.983154467885458863e-02 3.100269594608201854e-02 1.705931833745587701e-03 7.844618264892055590e-03 7.844618264892055590e-03 1.718246917718012079e-01
9.523809523809523281e-02 1.904761904761904656e-01 2.600063767832962516e-02 2.920642485180616893e-02 9.974116320516040676e-03 1.560076147446021362e-02 1.560076147446022056e-02 1.892005175469680667e-01
1.428571428571428492e-01 1.904761904761904656e-01 2.221018452148409636e-02 2.824242198764214534e-02 1.875501755869785417e-02 1.957368363069468542e-02 1.957368363069469583e-02 2.010477702943547496e-01
1.904761904761904656e-01 1.904761904761904656e-01 1.863807875457913765e-02 2.782331620773581538e-02 2.914460717292190542e-02 1.995363174164740960e-02 1.995363174164741307e-02 2.065160541251964688e-01
2.380952380952380820e-01 1.904761904761904656e-01 1.532180491630987310e-02 2.769816806869042011e-02 3.645480568274481886e-02 1.812399142232844554e-02 1.812399142232844901e-02 2.109220781533749089e-01
2.857142857142856984e-01 1.904761904761904656e-01 1.223356475241033949e-02 2.771211885458403634e-02 4.363671227542673808e-02 1.527018023700490307e-02 1.527018023700490307e-02 2.134838485606907477e-01
3.333333333333333148e-01 1.904761904761904656e-01 9.329473205040243050e-03 2.777754648702391443e-02 4.807720703534580642e-02 1.196566614746349261e-02 1.196566614746349261e-02 2.158126858691753747e-01
3.809523809523809312e-01 1.904761904761904656e-01 6.564594900358427555e-03 2.784933133309095560e-02 5.223134085422936196e-02 8.544239991694660766e-03 8.544239991694662500e-03 2.171380153678032221e-01
4.285714285714285476e-01 1.904761904761904656e-01 3.895922195574504088e-03 2.790553653133237902e-02 5.411217923234346028e-02 5.108819565046565647e-03 5.108819565046564780e-03 2.183214498836437145e-01
4.761904761904761640e-01 1.904761904761904656e-01 1.283776401675310562e-03 2.793594204105840501e-02 5.573657123511622374e-02 1.697409905476221980e-03 1.697409905476221980e-03 2.186382000336154208e-01
5.238095238095238360e-01 1.904761904761904656e-01 -1.310118906001382947e-03 2.793697800582891494e-02 5.526619892189905264e-02 -1.703000184482267223e-03 -1.703000184482267223e-03 2.188174946225256989e-01
5.714285714285713969e-01 1.904761904761904656e-01 -3.923357432022703782e-03 2.790856500668385462e-02 5.454782009570213058e-02 -5.113172537266806594e-03 -5.113172537266807462e-03 2.181451605990278320e-01
6.190476190476190688e-01 1.904761904761904656e-01 -6.594033445744887194e-03 2.785490824919321234e-02 5.167438940764559896e-02 -8.538799099926644778e-03 -8.538799099926644778e-03 2.173350459339752072e-01
6.666666666666666297e-01 1.904761904761904656e-01 -9.362395858210543348e-03 2.778618020069515554e-02 4.852810563754750284e-02 -1.195657130830738227e-02 -1.195657130830738227e-02 2.156157526024947424e-01
7.142857142857143016e-01 1.904761904761904656e-01 -1.227085247667168179e-02 2.772496995456487368e-02 4.290432569028051341e-02 -1.522623624355831304e-02 -1.522623624355831304e-02 2.137334135592018347e-01
7.619047619047618625e-01 1.904761904761904656e-01 -1.536504644974518233e-02 2.771696240362569660e-02 3.701549323261926067e-02 -1.807464409682392817e-02 -1.807464409682393511e-02 2.105930906642735356e-01
8.095238095238095344e-01 1.904761904761904656e-01 -1.868839278628281822e-02 2.784941178645953391e-02 2.810593185112672532e-02 -1.981145721835053664e-02 -1.981145721835053317e-02 2.069795511168633362e-01
8.571428571428570953e-01 1.904761904761904656e-01 -2.226422680457014122e-02 2.828044934447962455e-02 1.958884727776508128e-02 -1.941328361717878717e-02 -1.941328361717879064e-02 2.000192097725822793e-01
9.047619047619047672e-01 1.904761904761904656e-01 -2.605718617340374924e-02 2.925035761742241988e-02 8.930843356909929504e-03 -1.547168050394023137e-02 -1.547168050394022616e-02 1.904784625821845379e-01
9.523809523809523281e-01 1.904761904761904656e-01 -2.988662650245079572e-02 3.104532718996952378e-02 2.061100710703612018e-03 -7.634813665172521073e-03 -7.634813665172566176e-03 1.697891340368083146e-01
1.000000000000000000e+00 1.904761904761904656e-01 -3.337752894745173865e-02 3.376582358637443548e-02 -8.889940321595606520e-04 4.692804404308243858e-04 4.692804404307522321e-04 1.413551051586113827e-01
0.000000000000000000e+00 2.380952380952380820e-01 3.575870317861191972e-02 3.949591714192821762e-02 -5.483376790391279645e-04 -2.011046779954515202e-04 -2.011046779954462618e-04 1.367054149142084840e-01
4.761904761904761640e-02 2.380952380952380820e-01 3.238351266601841721e-02 3.793750481016767290e-02 1.257624189662824880e-03 3.809584195683999360e-03 3.809584195684008467e-03 1.638456469378303804e-01
9.523809523809523281e-02 2.380952380952380820e-01 2.859130091858812922e-02 3.684892743339296395e-02 5.773753532484871692e-03 8.004661319003620115e-03 8.004661319003755424e-03 1.858024052060783526e-01
1.428571428571428492e-01 2.380952380952380820e-01 2.467934905095406709e-02 3.621134108554474595e-02 1.390875939331616233e-02 1.062075153207904174e-02 1.062075153207904001e-02 1.982334413272138773e-01
1.904761904761904656e-01 2.380952380952380820e-01 2.085587045270608300e-02 3.590373205291074593e-02 2.138326139285601918e-02 1.140577213190673185e-02 1.140577213190673532e-02 2.074644463410038053e-01
2.380952380952380820e-01 2.380952380952380820e-01 1.721413666154973307e-02 3.579855593042829964e-02 2.986318516349672700e-02 1.081350447261637815e-02 1.081350447261637641e-02 2.122776661404333354e-01
2.857142857142856984e-01 2.380952380952380820e-01 1.377452225264670128e-02 3.579818369424853791e-02 3.579123767118247423e-02 9.369172782803204466e-03 9.369172782803204466e-03 2.161597088098872743e-01
3.333333333333333148e-01 2.380952380952380820e-01 1.051632557805021011e-02 3.584202609239019177e-02 4.165603822869586026e-02 7.499278070204615405e-03 7.499278070204615405e-03 2.182768038424370838e-01
3.809523809523809312e-01 2.380952380952380820e-01 7.403573735067000422e-03 3.589469145887533991e-02 4.498329645138705174e-02 5.422481949759553818e-03 5.422481949759552951e-03 2.201173539707097226e-01
4.285714285714285476e-01 2.380952380952380820e-01 4.395193080798401319e-03 3.593751130049452347e-02 4.804799232697656158e-02 3.272269020433047574e-03 3.272269020433047574e-03 2.209353585620144611e-01
4.761904761904761640e-01 2.380952380952380820e-01 1.448943199543103457e-03 3.596136839566255877e-02 4.880756450261570373e-02 1.096972856546291888e-03 1.096972856546291888e-03 2.216121375516610925e-01
5.238095238095238360e-01 2.380952380952380820e-01 -1.476906410007299648e-03 3.596262266307633654e-02 4.928642465976842968e-02 -1.080979834826252973e-03 -1.080979834826252973e-03 2.214312207389876330e-01
5.714285714285713969e-01 2.380952380952380820e-01 -4.423977594204712288e-03 3.594144775297013206e-02 4.751340544436753049e-02 -3.251637380703455236e-03 -3.251637380703457404e-03 2.211237404459224509e-01
6.190476190476190688e-01 2.380952380952380820e-01 -7.434171039538766193e-03 3.590162643679781218e-02 4.546304588509493538e-02 -5.396974137557772160e-03 -5.396974137557773894e-03 2.199093578885614741e-01
6.666666666666666297e-01 2.380952380952380820e-01 -1.054938960477140066e-02 3.585256273066624727e-02 4.100419962916287270e-02 -7.455797552776356057e-03 -7.455797552776356057e-03 2.185113827179146484e-01
7.142857142857143016e-01 2.380952380952380820e-01 -1.381082407634158689e-02 3.581331833487975957e-02 3.633844574530420424e-02 -9.315822212706747693e-03 -9.315822212706749428e-03 2.158358491492141373e-01
7.619047619047618625e-01 2.380952380952380820e-01 -1.725429809503406520e-02 3.581899705667181827e-02 2.904459093276409026e-02 -1.072093468294908411e-02 -1.072093468294907891e-02 2.126653703376419347e-01
8.095238095238095344e-01 2.380952380952380820e-01 -2.089840969553048364e-02 3.593124515120042078e-02 2.204886018856129157e-02 -1.130090560677515267e-02 -1.130090560677515094e-02 2.067513444508213283e-01
8.571428571428570953e-01 2.380952380952380820e-01 -2.472459001704324644e-02 3.624440190188742833e-02 1.307040264436570669e-02 -1.049806142461305082e-02 -1.049806142461305082e-02 1.990308933005787151e-01
9.047619047619047672e-01 2.380952380952380820e-01 -2.863473518619788494e-02 3.688623853722905466e-02 6.313214807281117107e-03 -7.876823753114768276e-03 -7.876823753114768276e-03 1.843520329647920231e-01
9.523809523809523281e-01 2.380952380952380820e-01 -3.242253513739289800e-02 3.797396671318752082e-02 9.898067775758901538e-04 -3.787641704327307426e-03 -3.787641704327307426e-03 1.647644977577613357e-01
1.000000000000000000e+00 2.380952380952380820e-01 -3.578593539040927918e-02 3.952396001385948682e-02 -8.323827752163988325e-05 1.898901638419158507e-04 1.898901638419085052e-04 1.356048979981636649e-01
0.000000000000000000e+00 2.857142857142856984e-01 3.686996870478426169e-02 4.512911998954989568e-02 -6.340547296433087421e-05 -4.460322581911365899e-06 -4.460322581902961638e-06 1.337532255518005253e-01
4.761904761904761640e-02 2.857142857142856984e-01 3.355313064027112824e-02 4.470280786535454215e-02 7.268172204224804429e-04 1.155121173918774186e-03 1.155121173918767031e-03 1.621725557933293704e-01
9.523809523809523281e-02 2.857142857142856984e-01 2.978876649622596434e-02 4.439583372150992385e-02 5.190775167967645772e-03 2.173506881229563675e-03 2.173506881229543726e-03 1.823634673706360787e-01
1.428571428571428492e-01 2.857142857142856984e-01 2.584895608254284688e-02 4.419807674673063846e-02 1.111981509727330737e-02 3.033534647190578096e-03 3.033534647190577662e-03 1.979398975423600215e-01
1.904761904761904656e-01 2.857142857142856984e-01 2.193785471626151506e-02 4.409496644074918648e-02 1.935030625088838760e-02 3.573278238050657356e-03 3.573278238050661693e-03 2.066120069660825342e-01
2.380952380952380820e-01 2.857142857142856984e-01 1.816642722820260847e-02 4.406310155888547991e-02 2.593923646578986941e-02 3.708757925280153304e-03 3.708757925280153304e-03 2.132655963897288898e-01
2.857142857142856984e-01 2.857142857142856984e-01 1.456913678287445439e-02 4.407524869369074116e-02 3.300998052418516182e-02 3.454542656083544813e-03 3.454542656083544813e-03 2.168745417586616098e-01
3.333333333333333148e-01 2.857142857142856984e-01 1.113987457374271232e-02 4.410760332221023289e-02 3.758381402285652928e-02 2.914190719294188978e-03 2.914190719294189411e-03 2.198258432885088209e-01
3.809523809523809312e-01 2.857142857142856984e-01 7.850335303020606822e-03 4.414355482673087971e-02 4.203140057663656143e-02 2.186796960772291985e-03 2.186796960772292853e-03 2.213518680145070694e-01
4.285714285714285476e-01 2.857142857142856984e-01 4.663355830313149937e-03 4.417252247705737156e-02 4.406734402468202166e-02 1.353041148199937271e-03 1.353041148199944210e-03 2.226251782837355975e-01
4.761904761904761640e-01 2.857142857142856984e-01 1.538495135112689233e-03 4.418892565930392785e-02 4.584811977938505617e-02 4.674864959077444236e-04 4.674864959077413879e-04 2.229590883270854140e-01
5.238095238095238360e-01 2.857142857142856984e-01 -1.565842382798398463e-03 4.419037099214674635e-02 4.533713518902680178e-02 -4.321903976866246734e-04 -4.321903976866251613e-04 2.231323320555126111e-01
5.714285714285713969e-01 2.857142857142856984e-01 -4.691371751464222181e-03 4.417697738176060845e-02 4.455829645718052678e-02 -1.314330050151236952e-03 -1.314330050151246926e-03 2.224346778554314730e-01
6.190476190476190688e-01 2.857142857142856984e-01 -7.879519312004710022e-03 4.415124784244656847e-02 4.144492568133945065e-02 -2.141276092263173347e-03 -2.141276092263177683e-03 2.215487771186976929e-01
6.666666666666666297e-01 2.857142857142856984e-01 -1.117076362705821460e-02 4.411907464291738024e-02 3.811631316071136671e-02 -2.857740129420698657e-03 -2.857740129420699091e-03 2.195538657367492041e-01
7.142857142857143016e-01 2.857142857142856984e-01 -1.460201780638809184e-02 4.409087462354827763e-02 3.230300849879887137e-02 -3.385127997383639582e-03 -3.385127997383636546e-03 2.171655489215371104e-01
7.619047619047618625e-01 2.857142857142856984e-01 -1.820067576709393301e-02 4.408362708150219411e-02 2.657060243045935785e-02 -3.620734882172800539e-03 -3.620734882172799672e-03 2.127519740563116601e-01
8.095238095238095344e-01 2.857142857142856984e-01 -2.197383583831034187e-02 4.412021917810166755e-02 1.856224373323351814e-02 -3.481621299918630143e-03 -3.481621299918629276e-03 2.071713959081992185e-01
8.571428571428570953e-01 2.857142857142856984e-01 -2.588333819079720322e-02 4.422699699033792731e-02 1.177470184452360583e-02 -2.934111617767895096e-03 -2.934111617767899000e-03 1.968913546098935152e-01
9.047619047619047672e-01 2.857142857142856984e-01 -2.982105890263999151e-02 4.442635525287952358e-02 4.676010889715550775e-03 -2.098577144464463303e-03 -2.098577144464462436e-03 1.833350778278892146e-01
9.523809523809523281e-01 2.857142857142856984e-01 -3.358217741125764377e-02 4.473057689617546129e-02 9.566800279965797810e-04 -1.118217321751664066e-03 -1.118217321751661031e-03 1.610430623305906528e-01
1.000000000000000000e+00 2.857142857142856984e-01 -3.690127564560025802e-02 4.514965556109594436e-02 -4.424843908495800101e-04 4.004502562512923476e-06 4.004502562512398315e-06 1.343377483338095424e-01
0.000000000000000000e+00 3.333333333333333148e-01 3.673549380256181662e-02 5.071341250403706147e-02 -5.782485821887669870e-04 2.151862675397198663e-04 2.151862675397200832e-04 1.342468951228872054e-01
4.761904761904761640e-02 3.333333333333333148e-01 3.341030565362148458e-02 5.142388382803646241e-02 1.048804545719927333e-03 -1.388751971498078082e-03 -1.388751971498077865e-03 1.616389743221303410e-01
9.523809523809523281e-02 3.333333333333333148e-01 2.965575739393662424e-02 5.190702762800780690e-02 5.377915754174926975e-03 -3.474606960009006193e-03 -3.474606960009007928e-03 1.837358463198690284e-01
1.428571428571428492e-01 3.333333333333333148e-01 2.576030161009000216e-02 5.216358626342665339e-02 1.302904478705173633e-02 -4.203843352197914572e-03 -4.203843352197915439e-03 1.967110224285452957e-01
1.904761904761904656e-01 3.333333333333333148e-01 2.190807069412939456e-02 5.229094248547582618e-02 1.962614827016540345e-02 -3.821305238060570056e-03 -3.821305238060568321e-03 2.066731032321980632e-01
2.380952380952380820e-01 3.333333333333333148e-01 1.818374680158498305e-02 5.235888830695985263e-02 2.732592583767167599e-02 -3.047215309923918380e-03 -3.047215309923918380e-03 2.123968482194517893e-01
2.857142857142856984e-01 3.333333333333333148e-01 1.461490440979706235e-02 5.240432022647895788e-02 3.265695103691805545e-02 -2.209992306586369606e-03 -2.209992306586369606e-03 2.169216053075951889e-01
3.333333333333333148e-01 3.333333333333333148e-01 1.119464712091747770e-02 5.243922915051145439e-02 3.816539504031028762e-02 -1.521090547685311281e-03 -1.521090547685314534e-03 2.195337834141951050e-01
3.809523809523809312e-01 3.333333333333333148e-01 7.899326363806084134e-03 5.246693287328955263e-02 4.124331256899110842e-02 -9.632126950085666143e-04 -9.632126950085666143e-04 2.216094420364247419e-01
4.285714285714285476e-01 3.333333333333333148e-01 4.696872581818006473e-03 5.248632176767470403e-02 4.422859600044402179e-02 -5.265142734273785654e-04 -5.265142734273785654e-04 2.226196751107047955e-01
4.761904761904761640e-01 3.333333333333333148e-01 1.551046835521941499e-03 5.249725912530783106e-02 4.490475002889902228e-02 -1.509706107119404908e-04 -1.509706107119372653e-04 2.233035398879679723e-01
5.238095238095238360e-01 3.333333333333333148e-01 -1.575864457475407987e-03 5.249859750014240767e-02 4.542482693051894810e-02 2.022478919774095671e-04 2.022478919774086726e-04 2.231733264803792971e-01
5.714285714285713969e-01 3.333333333333333148e-01 -4.722062321412747073e-03 5.249112172078418403e-02 4.366951358213983642e-02 5.770917142216388162e-04 5.770917142215350581e-04 2.227477921172636433e-01
6.190476190476190688e-01 3.333333333333333148e-01 -7.925319508811326519e-03 5.247465390885650005e-02 4.177758893427332282e-02 1.025603755976814500e-03 1.025603755976814283e-03 2.214284660099654078e-01
6.666666666666666297e-01 3.333333333333333148e-01 -1.122150935836424210e-02 5.245078148296245663e-02 3.752212864979020956e-02 1.579220049983114755e-03 1.579220049983114105e-03 2.197072973723347977e-01
7.142857142857143016e-01 3.333333333333333148e-01 -1.464264582905467141e-02 5.241929705310095777e-02 3.326989217286911715e-02 2.293915169872760926e-03 2.293915169872770467e-03 2.166011869710489091e-01
7.619047619047618625e-01 3.333333333333333148e-01 -1.821206658738158332e-02 5.237798850276509377e-02 2.656897221764472489e-02 3.110649138963696072e-03 3.110649138963696939e-03 2.127119636596550845e-01
8.095238095238095344e-01 3.333333333333333148e-01 -2.193554961653630675e-02 5.231290305528194656e-02 2.037963837779940141e-02 3.926041023542885429e-03 3.926041023542887164e-03 2.060212290715057737e-01
8.571428571428570953e-01 3.333333333333333148e-01 -2.578750596268369194e-02 5.218883656387553888e-02 1.220069775083223486e-02 4.253677487568908837e-03 4.253677487568908837e-03 1.974278279701794092e-01
9.047619047619047672e-01 3.333333333333333148e-01 -2.967927602309523502e-02 5.192976586274561379e-02 6.104660742392433587e-03 3.519505453568987519e-03 3.519505453568987953e-03 1.823864593916841581e-01
9.523809523809523281e-01 3.333333333333333148e-01 -3.342761349334173737e-02 5.144466899898296475e-02 7.964271795365082153e-04 1.512024615109517408e-03 1.512024615109518492e-03 1.626028661743597337e-01
1.000000000000000000e+00 3.333333333333333148e-01 -3.674371144108178056e-02 5.072507302042106314e-02 -1.505338121241749875e-04 -2.577269553523139196e-04 -2.577269553523112633e-04 1.331915497834383622e-01
0.000000000000000000e+00 3.809523809523809312e-01 3.526526312277313002e-02 5.630760797458460309e-02 -7.258600902852888406e-04 7.940105541824719892e-04 7.940105541824735071e-04 1.344367693793442342e-01
4.761904761904761640e-02 3.809523809523809312e-01 3.187971757966290981e-02 5.822614761353760854e-02 1.242328352266758090e-03 -5.496086983850146171e-03 -5.496086983850142701e-03 1.671762127301283929e-01
9.523809523809523281e-02 3.809523809523809312e-01 2.815534834062918476e-02 5.942310562469528545e-02 1.009283530780881975e-02 -1.054170796427550058e-02 -1.054170796427550752e-02 1.844891755728527705e-01
1.428571428571428492e-01 3.809523809523809312e-01 2.442539380038513327e-02 6.006071231633683394e-02 1.681706899646441544e-02 -1.175445245814226401e-02 -1.175445245814226401e-02 1.970676005200786285e-01
1.904761904761904656e-01 3.809523809523809312e-01 2.079678008594617461e-02 6.038921406355536592e-02 2.545229810057489384e-02 -1.100015664154536076e-02 -1.100015664154536076e-02 2.049763451010870041e-01
2.380952380952380820e-01 3.809523809523809312e-01 1.730188182801118552e-02 6.055892366517157122e-02 3.088628411338571050e-02 -9.241251594382852638e-03 -9.241251594382850904e-03 2.108786523163828641e-01
2.857142857142856984e-01 3.809523809523809312e-01 1.394063823745064420e-02 6.065332992178396748e-02 3.720462411017268212e-02 -7.405507632179622428e-03 -7.405507632179622428e-03 2.150992811759474266e-01
3.333333333333333148e-01 3.809523809523809312e-01 1.070168916757929453e-02 6.070588426999987131e-02 4.066231827763799184e-02 -5.534378675338409714e-03 -5.534378675338412316e-03 2.179730735811771236e-01
3.809523809523809312e-01 3.809523809523809312e-01 7.564397465984789432e-03 6.073884853410679158e-02 4.474073461083898084e-02 -3.854337097168061572e-03 -3.854337097168098001e-03 2.201280769191832354e-01
4.285714285714285476e-01 3.809523809523809312e-01 4.503338720814499194e-03 6.075608017323977372e-02 4.609796184602644314e-02 -2.238960764105692690e-03 -2.238960764105691822e-03 2.212094642371419673e-01
4.761904761904761640e-01 3.809523809523809312e-01 1.488999740627815335e-03 6.076630568791353826e-02 4.796651311193229211e-02 -7.222748833450092984e-04 -7.222748833450079974e-04 2.219915367999468758e-01
5.238095238095238360e-01 3.809523809523809312e-01 -1.509599473809107107e-03 6.076664987540388030e-02 4.717597066083997065e-02 7.796599059361434148e-04 7.796599059361435232e-04 2.217962410335193590e-01
5.714285714285713969e-01 3.809523809523809312e-01 -4.524104422637175403e-03 6.076175716962160800e-02 4.687857872750687133e-02 2.316095801539778346e-03 2.316095801539764902e-03 2.213765902808270958e-01
6.190476190476190688e-01 3.809523809523809312e-01 -7.585678392982575513e-03 6.074529542098849877e-02 4.390255571444730276e-02 3.897222241429184903e-03 3.897222241429183168e-03 2.199478495465509442e-01
6.666666666666666297e-01 3.809523809523809312e-01 -1.072319825872024984e-02 6.071776351354900292e-02 4.148039939641941232e-02 5.637331828152986057e-03 5.637331828152986057e-03 2.180569402181475880e-01
7.142857142857143016e-01 3.809523809523809312e-01 -1.396261713005964022e-02 6.066603806443601754e-02 3.628521042192212748e-02 7.432076379991534032e-03 7.432076379991534032e-03 2.149815180175604357e-01
7.619047619047618625e-01 3.809523809523809312e-01 -1.732338839604044556e-02 6.057671269102743450e-02 3.181885527152975013e-02 9.373209172030503092e-03 9.373209172030504827e-03 2.107976697803897181e-01
8.095238095238095344e-01 3.809523809523809312e-01 -2.081762272752325782e-02 6.040709691521666674e-02 2.437593849306171623e-02 1.098847287405898404e-02 1.098847287405898404e-02 2.050241645456346851e-01
8.571428571428570953e-01 3.809523809523809312e-01 -2.444311491431241240e-02 6.008164929126531134e-02 1.810536542216106132e-02 1.190806208282027892e-02 1.190806208282027892e-02 1.966080585316893614e-01
9.047619047619047672e-01 3.809523809523809312e-01 -2.817429861820512985e-02 5.944233983680778655e-02 8.614202805877643754e-03 1.047906787806673727e-02 1.047906787806673901e-02 1.854891947873940072e-01
9.523809523809523281e-01 3.809523809523809312e-01 -3.189297518877008686e-02 5.824121741905938926e-02 2.516081674450654487e-03 5.529231726135505794e-03 5.529231726135503192e-03 1.652256861276040767e-01
1.000000000000000000e+00 3.809523809523809312e-01 -3.528582502122569464e-02 5.632243094558687241e-02 -1.648505336349266343e-03 -9.340512113628634963e-04 -9.340512113628417039e-04 1.355673608720754930e-01
0.000000000000000000e+00 4.285714285714285476e-01 3.228084411649090324e-02 6.199851517664289186e-02 -7.606124035149269477e-03 2.522234736353618639e-03 2.522234736353607364e-03 1.398946843894380287e-01
4.761904761904761640e-02 4.285714285714285476e-01 2.871330315481525342e-02 6.525453990728946607e-02 8.904415728219381224e-03 -1.468082466821100940e-02 -1.468082466821107532e-02 1.726921648092629435e-01
9.523809523809523281e-02 4.285714285714285476e-01 2.519015109500751318e-02 6.690812592332205655e-02 1.655254463618887825e-02 -1.959016514098691972e-02 -1.959016514098690584e-02 1.849739457732815229e-01
1.428571428571428492e-01 4.285714285714285476e-01 2.186043447785490645e-02 6.779270719532927425e-02 2.744028381248532489e-02 -1.962664070402050931e-02 -1.962664070402050931e-02 1.955751619192120094e-01
1.904761904761904656e-01 4.285714285714285476e-01 1.866837389528135452e-02 6.826290169761968507e-02 3.260847355143750570e-02 -1.714410748120976519e-02 -1.714410748120976519e-02 2.002140866041684231e-01
2.380952380952380820e-01 4.285714285714285476e-01 1.559151862758612582e-02 6.854643569676481529e-02 3.932669872156357993e-02 -1.461882989344043780e-02 -1.461882989344043780e-02 2.078165339172708403e-01
2.857142857142856984e-01 4.285714285714285476e-01 1.260577614908032704e-02 6.869420102906569070e-02 4.244757979808690823e-02 -1.157124321786051277e-02 -1.157124321786051624e-02 2.096885969950859629e-01
3.333333333333333148e-01 4.285714285714285476e-01 9.706777297949598787e-03 6.879686772304499653e-02 4.721770470464792951e-02 -8.948877787096109690e-03 -8.948877787096109690e-03 2.150809488736897535e-01
3.809523809523809312e-01 4.285714285714285476e-01 6.876283250729506129e-03 6.883856661038850744e-02 4.865082526413407049e-02 -6.180620004111306298e-03 -6.180620004111306298e-03 2.148093152219644753e-01
4.285714285714285476e-01 4.285714285714285476e-01 4.100886252364163188e-03 6.887779849302524959e-02 5.163270592228304257e-02 -3.704665733535512928e-03 -3.704665733535514229e-03 2.185740670944132935e-01
4.761904761904761640e-01 4.285714285714285476e-01 1.358063769026905156e-03 6.887988683288949476e-02 5.132706242515285011e-02 -1.185656038475040855e-03 -1.185656038475039337e-03 2.167589731934205788e-01
5.238095238095238360e-01 4.285714285714285476e-01 -1.373144809136458326e-03 6.889216045968812874e-02 5.251403209710188424e-02 1.274045585790570040e-03 1.274045585790570690e-03 2.192164898400554840e-01
5.714285714285713969e-01 4.285714285714285476e-01 -4.115491746878882293e-03 6.887118981566912879e-02 5.042333092201402994e-02 3.719247410324930028e-03 3.719247410324921354e-03 2.161126474521254393e-01
6.190476190476190688e-01 4.285714285714285476e-01 -6.892244896371682236e-03 6.885641739512528281e-02 4.984490067746430442e-02 6.345711092196976155e-03 6.345711092196969216e-03 2.172011710785866911e-01
6.666666666666666297e-01 4.285714285714285476e-01 -9.721096625003188343e-03 6.879585979507644999e-02 4.596373362866561924e-02 8.887536648339546680e-03 8.887536648339546680e-03 2.126732958994337619e-01
7.142857142857143016e-01 4.285714285714285476e-01 -1.262254521257064402e-02 6.871710737360689492e-02 4.368336070988588365e-02 1.181438957673757589e-02 1.181438957673755508e-02 2.119483706446044780e-01
7.619047619047618625e-01 4.285714285714285476e-01 -1.560475013554529951e-02 6.855036108828044261e-02 3.800375566133834537e-02 1.446873050978581508e-02 1.446873050978582029e-02 2.055136821648532730e-01
8.095238095238095344e-01 4.285714285714285476e-01 -1.868517020685333402e-02 6.828886537755717023e-02 3.398355619959386731e-02 1.745983364453094350e-02 1.745983364453094697e-02 2.023097056480455125e-01
8.571428571428570953e-01 4.285714285714285476e-01 -2.186978103210249214e-02 6.779830172110096198e-02 2.585247710968973864e-02 1.935616703191278196e-02 1.935616703191277849e-02 1.934365023264568162e-01
9.047619047619047672e-01 4.285714285714285476e-01 -2.520320091180152516e-02 6.693334182939114640e-02 1.908532643392507611e-02 1.994585156269963397e-02 1.994585156269962703e-02 1.868026567609883670e-01
9.523809523809523281e-01 4.285714285714285476e-01 -2.872644314356279441e-02 6.524169402592158717e-02 4.560825648438285827e-03 1.420053968226523029e-02 1.420053968226522856e-02 1.740620574812292709e-01
1.000000000000000000e+00 4.285714285714285476e-01 -3.221429088057438384e-02 6.207504841226803294e-02 -5.482863971402105168e-04 -1.842266610376291133e-03 -1.842266610376288530e-03 1.374871515605015360e-01
0.000000000000000000e+00 4.761904761904761640e-01 2.676339251374197994e-02 6.838853674292030838e-02 8.070304802742548148e-03 -1.329719589000300135e-02 -1.329719589000300135e-02 1.694798174135680180e-01
4.761904761904761640e-02 4.761904761904761640e-01 2.351430358751438465e-02 7.248096408766505072e-02 2.237206005235177139e-02 -2.927938217461138054e-02 -2.927938217461138401e-02 1.720371366139460956e-01
9.523809523809523281e-02 4.761904761904761640e-01 2.080661183091509284e-02 7.413214117991434593e-02 3.215822446691646297e-02 -2.743300426191937896e-02 -2.743300426191936162e-02 1.800403853210810201e-01
1.428571428571428492e-01 4.761904761904761640e-01 1.818868253551492870e-02 7.522039916839609597e-02 3.683126572133268994e-02 -2.453113599729703567e-02 -2.453113599729703914e-02 1.822759890235360336e-01
1.904761904761904656e-01 4.761904761904761640e-01 1.567220349587792466e-02 7.576647877426193056e-02 4.161760778089165780e-02 -2.106581119884711958e-02 -2.106581119884711611e-02 1.918034352739680093e-01
2.380952380952380820e-01 4.761904761904761640e-01 1.315793594606658873e-02 7.624317106658867749e-02 4.459444553454722238e-02 -1.773595806052022036e-02 -1.773595806052022036e-02 1.932656239368387152e-01
2.857142857142856984e-01 4.761904761904761640e-01 1.070786301258882210e-02 7.640997983914565861e-02 4.825084218757783039e-02 -1.424325534865542378e-02 -1.424325534865544633e-02 2.010238765882598477e-01
3.333333333333333148e-01 4.761904761904761640e-01 8.270697679837554772e-03 7.664842949985552212e-02 5.010199435479031210e-02 -1.098832080070499644e-02 -1.098832080070499123e-02 2.003302105533039668e-01
3.809523809523809312e-01 4.761904761904761640e-01 5.884826769639091293e-03 7.665656250313615527e-02 5.266207460833754322e-02 -7.710723086655811923e-03 -7.710723086655810188e-03 2.063080514610788618e-01
4.285714285714285476e-01 4.761904761904761640e-01 3.513641006367313867e-03 7.679305160872244851e-02 5.328134360671475667e-02 -4.601908795461183942e-03 -4.601908795461183074e-03 2.038332139129160614e-01
4.761904761904761640e-01 4.761904761904761640e-01 1.167720126443677923e-03 7.673134293402100736e-02 5.460488781272633541e-02 -1.494991632066504155e-03 -1.494991632066502854e-03 2.083704224107510716e-01
5.238095238095238360e-01 4.761904761904761640e-01 -1.174517109951027805e-03 7.681782818956738035e-02 5.392375135529199615e-02 1.576287028226699190e-03 1.576287028226700925e-03 2.044850019356385384e-01
5.714285714285713969e-01 4.761904761904761640e-01 -3.525517758240219457e-03 7.671186319733754033e-02 5.394571624787491276e-02 4.648085892580157939e-03 4.648085892580157072e-03 2.076844391005457091e-01
6.190476190476190688e-01 4.761904761904761640e-01 -5.886659456863705536e-03 7.674763478178275866e-02 5.198450393709484058e-02 7.826628418409078622e-03 7.826628418409078622e-03 2.024499006915400634e-01
6.666666666666666297e-01 4.761904761904761640e-01 -8.287814762759790344e-03 7.657294461423355680e-02 5.073024770099204134e-02 1.099955857758605146e-02 1.099955857758605146e-02 2.040838014373038412e-01
7.142857142857143016e-01 4.761904761904761640e-01 -1.070460650239028408e-02 7.650408011914959505e-02 4.759873402630572514e-02 1.438785243779614788e-02 1.438785243779614788e-02 1.972520704578287487e-01
7.619047619047618625e-01 4.761904761904761640e-01 -1.318050784933366693e-02 7.617355722356539127e-02 4.517333416596007456e-02 1.770256166973578973e-02 1.770256166973578973e-02 1.968750619877370212e-01
8.095238095238095344e-01 4.761904761904761640e-01 -1.566333196228492791e-02 7.586034245053335789e-02 4.099676825554291609e-02 2.123933082872144634e-02 2.123933082872146716e-02 1.881378628479315473e-01
8.571428571428570953e-01 4.761904761904761640e-01 -1.821855165899378265e-02 7.515551793362103272e-02 3.741586149976593861e-02 2.443397890975374659e-02 2.443397890975371189e-02 1.858088605400984861e-01
9.047619047619047672e-01 4.761904761904761640e-01 -2.078500875167662784e-02 7.422324209682829022e-02 3.185105903275935874e-02 2.779764676666181267e-02 2.779764676666174675e-02 1.762659947163992824e-01
9.523809523809523281e-01 4.761904761904761640e-01 -2.357453962059924066e-02 7.239704467762912710e-02 2.399694402150406164e-02 2.921469727991034965e-02 2.921469727991037393e-02 1.755790237267012277e-01
1.000000000000000000e+00 4.761904761904761640e-01 -2.679108455795553220e-02 6.850498093941510824e-02 9.462693685689303399e-03 1.369089754219592579e-02 1.369089754219591538e-02 1.694641612240088691e-01
0.000000000000000000e+00 5.238095238095238360e-01 2.065857815877919848e-02 7.357956568951574960e-02 2.250123682847667006e-03 4.631651328880334942e-03 4.631651328880329738e-03 2.360735732323664959e-01
4.761904761904761640e-02 5.238095238095238360e-01 1.913604296777319386e-02 7.674197852557998467e-02 -3.949766452142101231e-02 -2.321747646298906106e-02 -2.321747646298905760e-02 1.865936859720334906e-01
9.523809523809523281e-02 5.238095238095238360e-01 1.741333294385487285e-02 7.852379388505711932e-02 -5.025762694940690001e-02 -2.736429720667213697e-02 -2.736429720667214738e-02 1.695532171889884421e-01
1.428571428571428492e-01 5.238095238095238360e-01 1.549117443528419576e-02 7.967691766172846357e-02 -5.825591241192503572e-02 -2.627010051711654512e-02 -2.627010051711654512e-02 1.859364790393795985e-01
1.904761904761904656e-01 5.238095238095238360e-01 1.349785918048234008e-02 8.039263690602450885e-02 -6.084797372521493636e-02 -2.312816074334585539e-02 -2.312816074334585886e-02 1.813705078780102897e-01
2.380952380952380820e-01 5.238095238095238360e-01 1.143511934068262847e-02 8.090880226029313615e-02 -6.086925018431402906e-02 -2.012995167359328888e-02 -2.012995167359328194e-02 1.969363686380423140e-01
2.857142857142856984e-01 5.238095238095238360e-01 9.362487316368788004e-03 8.120226618868646440e-02 -6.092442984007819667e-02 -1.646721725881669998e-02 -1.646721725881669998e-02 1.903876682691408584e-01
3.333333333333333148e-01 5.238095238095238360e-01 7.270440896248600050e-03 8.143433797801585827e-02 -5.885216121265298556e-02 -1.302908589856250667e-02 -1.302908589856250840e-02 2.042427212710234141e-01
3.809523809523809312e-01 5.238095238095238360e-01 5.189385518592735079e-03 8.153179053529388542e-02 -5.862842655485328569e-02 -9.242916326041895198e-03 -9.242916326041891728e-03 1.956095803818390377e-01
4.285714285714285476e-01 5.238095238095238360e-01 3.107353573581997201e-03 8.163090815578583070e-02 -5.654340112642157468e-02 -5.600902170988283912e-03 -5.600902170988284780e-03 2.079354812625697213e-01
4.761904761904761640e-01 5.238095238095238360e-01 1.034089988750725797e-03 8.163505594615358407e-02 -5.713943832508168452e-02 -1.825152795739662772e-03 -1.825152795739672529e-03 1.976675880173968392e-01
5.238095238095238360e-01 5.238095238095238360e-01 -1.038505866187830994e-03 8.166450675720192398e-02 -5.598644992052646818e-02 1.920901456233484617e-03 1.920901456233484617e-03 2.086281675084454557e-01
5.714285714285713969e-01 5.238095238095238360e-01 -3.114324006290012260e-03 8.160634039881427271e-02 -5.767220989531164632e-02 5.622522996029851068e-03 5.622522996029845864e-03 1.969818748169347711e-01
6.190476190476190688e-01 5.238095238095238360e-01 -5.191154489148364082e-03 8.156570825936962366e-02 -5.757226845660141923e-02 9.414704354836371525e-03 9.414704354836369790e-03 2.064724459528235467e-01
6.666666666666666297e-01 5.238095238095238360e-01 -7.279970321471987242e-03 8.141469207638293848e-02 -5.983086347849575493e-02 1.297133099810428292e-02 1.297133099810428465e-02 1.934065592872373507e-01
7.142857142857143016e-01 5.238095238095238360e-01 -9.361503764300787775e-03 8.123960669416210867e-02 -6.011455457099757621e-02 1.671860918627446346e-02 1.671860918627447040e-02 2.010416299665551965e-01
7.619047619047618625e-01 5.238095238095238360e-01 -1.144744915940502927e-02 8.089371448529168729e-02 -6.151619920884794646e-02 1.997917629030699152e-02 1.997917629030701581e-02 1.863272978251597489e-01
8.095238095238095344e-01 5.238095238095238360e-01 -1.349419303061696537e-02 8.043118807239983681e-02 -6.060346188092769620e-02 2.347196117053508904e-02 2.347196117053501271e-02 1.917592887480562835e-01
8.571428571428570953e-01 5.238095238095238360e-01 -1.550785607415454230e-02 7.966611698056134949e-02 -5.795417488979234116e-02 2.602195836045337329e-02 2.602195836045338717e-02 1.753926713861625464e-01
9.047619047619047672e-01 5.238095238095238360e-01 -1.740657273452170944e-02 7.856066354322674417e-02 -5.213920611666900129e-02 2.818465994140618991e-02 2.818465994140626971e-02 1.800315882657478328e-01
9.523809523809523281e-01 5.238095238095238360e-01 -1.916704072346309129e-02 7.673152649522024804e-02 -2.902410073792940914e-02 2.292089300236392971e-02 2.292089300236392277e-02 1.634952459120059265e-01
1.000000000000000000e+00 5.238095238095238360e-01 -2.068687771559828137e-02 7.359620399439001370e-02 -9.165862383913744860e-03 -6.355039622025266191e-03 -6.355039622025267926e-03 2.738992263404984029e-01
0.000000000000000000e+00 5.714285714285713969e-01 1.778671799611815027e-02 7.736221102104004488e-02 1.350121212665375894e-03 5.181723285368717430e-03 5.181723285368718297e-03 2.520545864500778332e-01
4.761904761904761640e-02 5.714285714285713969e-01 1.639582713099460923e-02 7.964849724401117104e-02 -8.813324175188728526e-04 -2.893140245368330029e-03 -2.893140245368338703e-03 1.963403303783907428e-01
9.523809523809523281e-02 5.714285714285713969e-01 1.504102810180327383e-02 8.143432001514473717e-02 -1.856882590855532880e-02 -1.515754148751494168e-02 -1.515754148751495035e-02 1.900506206241813212e-01
1.428571428571428492e-01 5.714285714285713969e-01 1.353907503020321083e-02 8.267374356284408476e-02 -2.708024602977877199e-02 -1.994316674353320551e-02 -1.994316674353320551e-02 1.867882230975135283e-01
1.904761904761904656e-01 5.714285714285713969e-01 1.189476647569073786e-02 8.351615637786941049e-02 -3.500859493325515076e-02 -2.118871969000595337e-02 -2.118871969000587357e-02 1.934601711509239819e-01
2.380952380952380820e-01 5.714285714285713969e-01 1.015480314071946950e-02 8.409309384493438011e-02 -3.826312857337593742e-02 -1.968491606279797537e-02 -1.968491606279797884e-02 1.954680625586818488e-01
2.857142857142856984e-01 5.714285714285713969e-01 8.352519150374245263e-03 8.447113657607040194e-02 -3.997480164377541223e-02 -1.743618645736045789e-02 -1.743618645736045789e-02 2.013538518591338200e-01
3.333333333333333148e-01 5.714285714285713969e-01 6.516554404541508722e-03 8.472247272394335671e-02 -4.073492048534158722e-02 -1.404684241741521733e-02 -1.404684241741522600e-02 2.020329371789947870e-01
3.809523809523809312e-01 5.714285714285713969e-01 4.661422848028676930e-03 8.487209074850410317e-02 -4.040281431171161702e-02 -1.043457371823955024e-02 -1.043457371823954850e-02 2.062903101911681969e-01
4.285714285714285476e-01 5.714285714285713969e-01 2.798390267872560930e-03 8.496396492997167205e-02 -4.062334791152422825e-02 -6.303416155531391639e-03 -6.303416155531391639e-03 2.054220974501323183e-01
4.761904761904761640e-01 5.714285714285713969e-01 9.316866267930143386e-04 8.500017237206232423e-02 -4.002191707696497319e-02 -2.112016377777618196e-03 -2.112016377777620798e-03 2.082716355427616794e-01
5.238095238095238360e-01 5.714285714285713969e-01 -9.356964803893008968e-04 8.500528141141654170e-02 -4.048701640073153196e-02 2.175109099819780636e-03 2.175109099819796249e-03 2.060612084943747313e-01
5.714285714285713969e-01 5.714285714285713969e-01 -2.802092131002104514e-03 8.496339028726979103e-02 -4.018306419571181926e-02 6.445779971776927596e-03 6.445779971776922392e-03 2.076080097971611804e-01
6.190476190476190688e-01 5.714285714285713969e-01 -4.665451180319427939e-03 8.488162371315090271e-02 -4.078208315965140690e-02 1.041908986296312921e-02 1.041908986296313962e-02 2.040725566319054052e-01
6.666666666666666297e-01 5.714285714285713969e-01 -6.519651466409249335e-03 8.472618352025237942e-02 -4.045285153726389804e-02 1.427169695750519184e-02 1.427169695750520224e-02 2.041868070651246536e-01
7.142857142857143016e-01 5.714285714285713969e-01 -8.356418772037160769e-03 8.448452478161391777e-02 -4.009168289918520894e-02 1.733540960441748782e-02 1.733540960441749129e-02 1.991260225021557750e-01
7.619047619047618625e-01 5.714285714285713969e-01 -1.015708947981763116e-02 8.410035580353589224e-02 -3.842480003720118165e-02 2.000179077150623930e-02 2.000179077150624277e-02 1.976489849731737913e-01
8.095238095238095344e-01 5.714285714285713969e-01 -1.189868799886150373e-02 8.353197289857960950e-02 -3.436630193843761422e-02 2.097587512198026416e-02 2.097587512198027804e-02 1.910333665558811567e-01
8.571428571428570953e-01 5.714285714285713969e-01 -1.354054438852514940e-02 8.268379653410885821e-02 -2.866066907580584744e-02 2.041474910830327547e-02 2.041474910830321648e-02 1.895397712116179689e-01
9.047619047619047672e-01 5.714285714285713969e-01 -1.504175619468094312e-02 8.144846627138661865e-02 -1.470029745752246715e-02 1.471077917236353338e-02 1.471077917236345532e-02 1.849250541018819805e-01
9.523809523809523281e-01 5.714285714285713969e-01 -1.639058250308811013e-02 7.965607390384642217e-02 -5.313420105263345905e-03 2.272138021354690087e-03 2.272138021354709603e-03 2.043016125739143263e-01
1.000000000000000000e+00 5.714285714285713969e-01 -1.777141228309209522e-02 7.737595826305555813e-02 4.849650131633517942e-03 -5.818501472541040380e-03 -5.818501472541052523e-03 2.458575796434293304e-01
0.000000000000000000e+00 6.190476190476190688e-01 1.584115056180821976e-02 8.090382778431305655e-02 2.209568420417313346e-04 1.494101832130119651e-03 1.494101832130118783e-03 2.361994439781007205e-01
4.761904761904761640e-02 6.190476190476190688e-01 1.445113770540981148e-02 8.267885343615678784e-02 4.205304899693534612e-04 3.217781321954321129e-03 3.217781321954319828e-03 2.130010829644312098e-01
9.523809523809523281e-02 6.190476190476190688e-01 1.315345642198523929e-02 8.430788334564237596e-02 -4.127747033944741302e-03 -5.148973112516203217e-03 -5.148973112516207554e-03 1.965906976964014452e-01
1.428571428571428492e-01 6.190476190476190688e-01 1.181764913624638348e-02 8.557282491652286327e-02 -1.223534954254310719e-02 -1.230976689102959362e-02 -1.230976689102959536e-02 1.949240004756116196e-01
1.904761904761904656e-01 6.190476190476190688e-01 1.039486450365938001e-02 8.649329667289151757e-02 -1.728392477260900367e-02 -1.597244465886988804e-02 -1.597244465886988457e-02 1.947285879469872749e-01
2.380952380952380820e-01 6.190476190476190688e-01 8.892056258174078215e-03 8.713842938269290850e-02 -2.165513040712986961e-02 -1.705755925241306259e-02 -1.705755925241306259e-02 1.976896179316666169e-01
2.857142857142856984e-01 6.190476190476190688e-01 7.330059488830569653e-03 8.757781507000343690e-02 -2.395807228881596460e-02 -1.598080437852114621e-02 -1.598080437852114621e-02 1.995745457343432450e-01
3.333333333333333148e-01 6.190476190476190688e-01 5.729075448103814611e-03 8.786656884177500293e-02 -2.513447968620944814e-02 -1.365915951768638392e-02 -1.365915951768638392e-02 2.019859863994299676e-01
3.809523809523809312e-01 6.190476190476190688e-01 4.104458093174470808e-03 8.804857543497367212e-02 -2.598308293437701436e-02 -1.029703870720079240e-02 -1.029703870720079066e-02 2.031042749703541039e-01
4.285714285714285476e-01 6.190476190476190688e-01 2.466450285604838630e-03 8.815344097496606579e-02 -2.592056761866324763e-02 -6.406324801427437134e-03 -6.406324801427435399e-03 2.044556906636198212e-01
4.761904761904761640e-01 6.190476190476190688e-01 8.218805808119795508e-04 8.820198133523676765e-02 -2.634903715744956257e-02 -2.137371015250797909e-03 -2.137371015250793573e-03 2.045778738604843994e-01
5.238095238095238360e-01 6.190476190476190688e-01 -8.246125403023996754e-04 8.820276580243725795e-02 -2.598204667799023163e-02 2.225300698598004032e-03 2.225300698598008369e-03 2.049324045877271572e-01
5.714285714285713969e-01 6.190476190476190688e-01 -2.469055873607376925e-03 8.815684927820957584e-02 -2.625199245520787664e-02 6.466283358860311012e-03 6.466283358860305808e-03 2.040766184119660320e-01
6.190476190476190688e-01 6.190476190476190688e-01 -4.106769070917369764e-03 8.805348224044988459e-02 -2.568835894026656394e-02 1.041630318232065339e-02 1.041630318232065512e-02 2.034499099200201833e-01
6.666666666666666297e-01 6.190476190476190688e-01 -5.731059698810271087e-03 8.787395794165860086e-02 -2.530660953745021008e-02 1.369166638683697208e-02 1.369166638683697555e-02 2.015626417523165015e-01
7.142857142857143016e-01 6.190476190476190688e-01 -7.331513018222559318e-03 8.758643586617874399e-02 -2.390689551237493160e-02 1.613371622385953788e-02 1.613371622385953441e-02 1.999707210693177639e-01
7.619047619047618625e-01 6.190476190476190688e-01 -8.893063192661894781e-03 8.714904529627130747e-02 -2.142776449511475320e-02 1.705391914394888131e-02 1.705391914394891253e-02 1.971043567508083127e-01
8.095238095238095344e-01 6.190476190476190688e-01 -1.039532835897228648e-02 8.650451872034393974e-02 -1.782432729742047459e-02 1.615061999849159297e-02 1.615061999849159644e-02 1.954778293492142327e-01
8.571428571428570953e-01 6.190476190476190688e-01 -1.181654646314080417e-02 8.558471380265213202e-02 -1.111662947291310218e-02 1.224714719563910897e-02 1.224714719563925816e-02 1.934884706923366560e-01
9.047619047619047672e-01 6.190476190476190688e-01 -1.315226616753115835e-02 8.431747436056138967e-02 -5.311315065071601366e-03 5.156981438177593753e-03 5.156981438177618907e-03 1.991395124817109397e-01
9.523809523809523281e-01 6.190476190476190688e-01 -1.445148827496042267e-02 8.268857457478896722e-02 4.858182274569095385e-04 -2.956428585879598402e-03 -2.956428585879603173e-03 2.109425374529893260e-01
1.000000000000000000e+00 6.190476190476190688e-01 -1.584104679793633258e-02 8.090548971658230448e-02 4.203523451600550817e-04 -1.639852653697599543e-03 -1.639852653697604096e-03 2.376123545773796142e-01
0.000000000000000000e+00 6.666666666666666297e-01 1.428729001613766696e-02 8.426766103603215707e-02 -2.386052510809229154e-05 8.370352755355092017e-04 8.370352755355092017e-04 2.288559630046901328e-01
4.761904761904761640e-02 6.666666666666666297e-01 1.291251595419940466e-02 8.578038256333021805e-02 5.966747536315669285e-04 3.481179283709970491e-03 3.481179283709970491e-03 2.155282378802647891e-01
9.523809523809523281e-02 6.666666666666666297e-01 1.161143594738513023e-02 8.724634604360211043e-02 -5.542523638168792705e-04 -1.090343099836756178e-03 -1.090343099836755310e-03 2.059284919722542684e-01
1.428571428571428492e-01 6.666666666666666297e-01 1.033166862447506933e-02 8.847220696850954802e-02 -2.708991778826495486e-03 -7.429707915615970000e-03 -7.429707915615971735e-03 1.998824685754085617e-01
1.904761904761904656e-01 6.666666666666666297e-01 9.031586279622054111e-03 8.941133469497732078e-02 -6.174780302137885396e-03 -1.209697958884555641e-02 -1.209697958884555641e-02 1.986891433716579114e-01
2.380952380952380820e-01 6.666666666666666297e-01 7.697896518132563842e-03 9.009204058696411443e-02 -8.202846868389431292e-03 -1.433168380338275573e-02 -1.433168380338275399e-02 1.982535180402477115e-01
2.857142857142856984e-01 6.666666666666666297e-01 6.333343768977363515e-03 9.056507646756159491e-02 -1.015182491565725167e-02 -1.440365914379725804e-02 -1.440365914379725804e-02 1.989799946749956361e-01
3.333333333333333148e-01 6.666666666666666297e-01 4.945538262939505429e-03 9.088109479994654905e-02 -1.108483350447536653e-02 -1.273011173926116325e-02 -1.273011173926116325e-02 1.995611365503513202e-01
3.809523809523809312e-01 6.666666666666666297e-01 3.541790419070569001e-03 9.108220788371163001e-02 -1.176954424288302430e-02 -9.875527505760274202e-03 -9.875527505760274202e-03 2.002432510389236253e-01
4.285714285714285476e-01 6.666666666666666297e-01 2.128259078963724849e-03 9.119956174263069149e-02 -1.209097267187643834e-02 -6.200082717036170012e-03 -6.200082717036165675e-03 2.006410931078521087e-01
4.761904761904761640e-01 6.666666666666666297e-01 7.094291088382356520e-04 9.125375754485696989e-02 -1.220803588467910331e-02 -2.092630184645076843e-03 -2.092630184645068170e-03 2.009025604541057608e-01
5.238095238095238360e-01 6.666666666666666297e-01 -7.109694766900136230e-04 9.125465437078046638e-02 -1.223279514358971941e-02 2.164033103303913269e-03 2.164033103303998271e-03 2.008654294786027528e-01
5.714285714285713969e-01 6.666666666666666297e-01 -2.129571259318492702e-03 9.120244278127476178e-02 -1.206656027599959692e-02 6.282763426634806712e-03 6.282763426635844077e-03 2.006614452111794011e-01
6.190476190476190688e-01 6.666666666666666297e-01 -3.542762978413939792e-03 9.108686340570093520e-02 -1.172009655882074071e-02 9.940119029805152134e-03 9.940119029805153869e-03 2.001628842890357529e-01
6.666666666666666297e-01 6.666666666666666297e-01 -4.945871585961441816e-03 9.088761310830151263e-02 -1.114766075090384626e-02 1.282705355420634720e-02 1.282705355420634720e-02 1.996077360412588375e-01
7.142857142857143016e-01 6.666666666666666297e-01 -6.333081245912653909e-03 9.057323587961083056e-02 -9.929425511888878911e-03 1.446413031958683135e-02 1.446413031958685043e-02 1.988066132984132595e-01
7.619047619047618625e-01 6.666666666666666297e-01 -7.696809217216428640e-03 9.010164116821169078e-02 -8.483714644651996553e-03 1.443151788459077697e-02 1.443151788459078391e-02 1.984533500666027517e-01
8.095238095238095344e-01 6.666666666666666297e-01 -9.029658147957050560e-03 8.942202044013679296e-02 -5.664496711141870852e-03 1.215361597561471010e-02 1.215361597561464072e-02 1.982319152058474587e-01
8.571428571428570953e-01 6.666666666666666297e-01 -1.032929851518913852e-02 8.848297862088687349e-02 -3.238849061349069729e-03 7.448918374260119109e-03 7.448918374260559729e-03 2.006104857834491995e-01
9.047619047619047672e-01 6.666666666666666297e-01 -1.160922815557782067e-02 8.725666603106888020e-02 -1.544737804580906477e-04 1.179385532753074320e-03 1.179385532753182957e-03 2.049937273289007544e-01
9.523809523809523281e-01 6.666666666666666297e-01 -1.291004202337425744e-02 8.579079804176860391e-02 5.748240982402326102e-04 -3.623785455581222947e-03 -3.623785455581226417e-03 2.159746132650398331e-01
1.000000000000000000e+00 6.666666666666666297e-01 -1.428533964495742013e-02 8.427890744065161255e-02 -6.000850046319720232e-05 -7.956472337466960650e-04 -7.956472337467023533e-04 2.286390848612911697e-01
0.000000000000000000e+00 7.142857142857143016e-01 1.291616265403588114e-02 8.752660687015040297e-02 -1.925892608407491554e-04 6.001295784259012790e-04 6.001295784259017127e-04 2.224778706354680891e-01
4.761904761904761640e-02 7.142857142857143016e-01 1.155729244207110221e-02 8.890686970560077174e-02 7.269485091792656384e-04 2.739306558454726419e-03 2.739306558454730756e-03 2.171027547160402360e-01
9.523809523809523281e-02 7.142857142857143016e-01 1.025109376154671390e-02 9.025282079219767994e-02 1.948180945005844721e-03 -8.306862269424154571e-04 -8.306862269424151318e-04 2.108782631274548347e-01
1.428571428571428492e-01 7.142857142857143016e-01 8.994843611582455448e-03 9.140793724627194194e-02 2.610102709682134668e-03 -6.164823506998901893e-03 -6.164823506998907965e-03 2.059100401039597739e-01
1.904761904761904656e-01 7.142857142857143016e-01 7.772336025019332441e-03 9.231530760409480119e-02 2.911301024249095173e-03 -1.068399432434915391e-02 -1.068399432434915218e-02 2.019823505677655340e-01
2.380952380952380820e-01 7.142857142857143016e-01 6.568263461899189436e-03 9.298553340651857790e-02 2.609538379862487174e-03 -1.315543191336659631e-02 -1.315543191336660499e-02 1.998343342928854960e-01
2.857142857142856984e-01 7.142857142857143016e-01 5.372526503565572785e-03 9.345821350550054252e-02 2.450805720704588801e-03 -1.352224001677319182e-02 -1.352224001677319182e-02 1.982500900450702153e-01
3.333333333333333148e-01 7.142857142857143016e-01 4.179506730110837606e-03 9.377753019902929088e-02 2.061556386227003917e-03 -1.216840304481764563e-02 -1.216840304481764563e-02 1.975533467287972633e-01
3.809523809523809312e-01 7.142857142857143016e-01 2.986444485483237370e-03 9.398272393288770177e-02 1.889697789468420186e-03 -9.513581283361091656e-03 -9.513581283361091656e-03 1.970532940926484899e-01
4.285714285714285476e-01 7.142857142857143016e-01 1.792372981278695645e-03 9.410339376090832986e-02 1.669897808326415616e-03 -6.021781390191755998e-03 -6.021781390191757732e-03 1.969043468192600566e-01
4.761904761904761640e-01 7.142857142857143016e-01 5.973915896615984798e-04 9.415930751413661981e-02 1.626791254491147601e-03 -2.036630315100011832e-03 -2.036630315100008363e-03 1.967847426516592668e-01
5.238095238095238360e-01 7.142857142857143016e-01 -5.978652001549742421e-04 9.416011643773573858e-02 1.597543468834848428e-03 2.101458969248637138e-03 2.101458969248632801e-03 1.968132160520675578e-01
5.714285714285713969e-01 7.142857142857143016e-01 -1.792587371430760497e-03 9.410588233577357742e-02 1.732545461994660242e-03 6.081101770540353092e-03 6.081101770540347021e-03 1.968410433222778366e-01
6.190476190476190688e-01 7.142857142857143016e-01 -2.986137403494932164e-03 9.398681043341204633e-02 1.861049735727448185e-03 9.589222018711715881e-03 9.589222018711705472e-03 1.970850676111789435e-01
6.666666666666666297e-01 7.142857142857143016e-01 -4.178458445230476964e-03 9.378332257709291742e-02 2.187113993697504567e-03 1.222899452846327138e-02 1.222899452846333557e-02 1.974243844451968322e-01
7.142857142857143016e-01 7.142857142857143016e-01 -5.370555825035016814e-03 9.346548688675622441e-02 2.390964814807901469e-03 1.360867322941250283e-02 1.360867322941256181e-02 1.983414483113305760e-01
7.619047619047618625e-01 7.142857142857143016e-01 -6.565259243577943778e-03 9.299444509923790458e-02 2.802880895981643260e-03 1.322861349281536161e-02 1.322861349281542753e-02 1.996145769366351463e-01
8.095238095238095344e-01 7.142857142857143016e-01 -7.768435026589790883e-03 9.232523745453560804e-02 2.812693425317975074e-03 1.074981932149471353e-02 1.074981932149471527e-02 2.022107154542315266e-01
8.571428571428570953e-01 7.142857142857143016e-01 -8.990337308247074721e-03 9.141869988433093397e-02 2.756418291076128541e-03 6.269395440268904322e-03 6.269395440275295911e-03 2.056443179704101343e-01
9.047619047619047672e-01 7.142857142857143016e-01 -1.024623475371333990e-02 9.026402687091156229e-02 1.945302396293590924e-03 8.343901916474298717e-04 8.343901916484179051e-04 2.110761854744204746e-01
9.523809523809523281e-01 7.142857142857143016e-01 -1.155231016773911566e-02 8.891655849542937085e-02 6.889995828529886729e-04 -2.622724207210528572e-03 -2.622724207210611405e-03 2.172687237226338663e-01
1.000000000000000000e+00 7.142857142857143016e-01 -1.291002817669524398e-02 8.753288796204991562e-02 -4.466955124057098679e-05 -6.276307103439310352e-04 -6.276307103439461056e-04 2.222342984351078909e-01
0.000000000000000000e+00 7.619047619047618625e-01 1.159701903290921016e-02 9.069974314600853793e-02 -7.235176396139047193e-05 5.825965792170001043e-04 5.825965792170001043e-04 2.175229378336303865e-01
4.761904761904761640e-02 7.619047619047618625e-01 1.025007613315727546e-02 9.204788614551100145e-02 9.481088557535432464e-04 8.480843656880631982e-04 8.480843656880631982e-04 2.191530355575996569e-01
9.523809523809523281e-02 7.619047619047618625e-01 8.941088586966764937e-03 9.331684588017678805e-02 4.282844586265358369e-03 -3.136383071621704627e-03 -3.136383071621675570e-03 2.156351150345017509e-01
1.428571428571428492e-01 7.619047619047618625e-01 7.708086018944888471e-03 9.438455256312176800e-02 7.707514070322768820e-03 -8.187456531863791798e-03 -8.187456531863777920e-03 2.107073305289384468e-01
1.904761904761904656e-01 7.619047619047618625e-01 6.556815741154093519e-03 9.521710821292343752e-02 1.096146701493337997e-02 -1.199262823862717701e-02 -1.199262823862717701e-02 2.054179800694260483e-01
2.380952380952380820e-01 7.619047619047618625e-01 5.473153684717715385e-03 9.583216732630031598e-02 1.297493471503015881e-02 -1.386587327613879837e-02 -1.386587327613878450e-02 2.008630586851563871e-01
2.857142857142856984e-01 7.619047619047618625e-01 4.437065729253659649e-03 9.626738905024836979e-02 1.422079635339596609e-02 -1.383211388637121952e-02 -1.383211388637121952e-02 1.977338830289897542e-01
3.333333333333333148e-01 7.619047619047618625e-01 3.430930163121028841e-03 9.656342790718741576e-02 1.486490712531452624e-02 -1.222460837615401905e-02 -1.222460837615402598e-02 1.953407929578149516e-01
3.809523809523809312e-01 7.619047619047618625e-01 2.442172214558597718e-03 9.675485874827179089e-02 1.506215549883806355e-02 -9.486139405347898679e-03 -9.486139405347914291e-03 1.940175156466306394e-01
4.285714285714285476e-01 7.619047619047618625e-01 1.462526935543113048e-03 9.686823453074765167e-02 1.520020853997025405e-02 -5.968023937986888933e-03 -5.968023937986888065e-03 1.930866652380664739e-01
4.761904761904761640e-01 7.619047619047618625e-01 4.871839048988360122e-04 9.692091190339355289e-02 1.514492024034153929e-02 -2.021592873751098390e-03 -2.021592873751103595e-03 1.927805717134756791e-01
5.238095238095238360e-01 7.619047619047618625e-01 -4.868450788757275284e-04 9.692160736430946444e-02 1.522200770288474961e-02 2.069139365412689911e-03 2.069139365412666492e-03 1.927000039948236765e-01
5.714285714285713969e-01 7.619047619047618625e-01 -1.461890913165143305e-03 9.687025876798542601e-02 1.515585725879863011e-02 6.022332631267022195e-03 6.022332631265846919e-03 1.931488156788648825e-01
6.190476190476190688e-01 7.619047619047618625e-01 -2.440881087048760341e-03 9.675831964722370060e-02 1.516305701906060961e-02 9.532919799277828760e-03 9.532919799277863454e-03 1.938796968295435075e-01
6.666666666666666297e-01 7.619047619047618625e-01 -3.428770164087862910e-03 9.656824793292242970e-02 1.487371934844077502e-02 1.229139571796159479e-02 1.229139571796167632e-02 1.954273720164755590e-01
7.142857142857143016e-01 7.619047619047618625e-01 -4.433656105916923031e-03 9.627379219102598362e-02 1.430342800003257288e-02 1.389007854267311839e-02 1.389007854267380014e-02 1.975320608794114696e-01
7.619047619047618625e-01 7.619047619047618625e-01 -5.468443497960233726e-03 9.583996530786523249e-02 1.309981308044246701e-02 1.394747038268271712e-02 1.394747038268280732e-02 2.009806554362711939e-01
8.095238095238095344e-01 7.619047619047618625e-01 -6.550810747119022691e-03 9.522661651017391704e-02 1.090382781754895697e-02 1.208858163209266048e-02 1.208858163209275936e-02 2.053005397426765632e-01
8.571428571428570953e-01 7.619047619047618625e-01 -7.700964123253230785e-03 9.439524051823733330e-02 7.993185084651669228e-03 8.247113673151224358e-03 8.247113673151243440e-03 2.106553730879935360e-01
9.047619047619047672e-01 7.619047619047618625e-01 -8.933643038449156845e-03 9.332785647434167775e-02 4.059006895637089218e-03 3.252021364243245713e-03 3.252021364238023762e-03 2.160704336518891044e-01
9.523809523809523281e-01 7.619047619047618625e-01 -1.024300383459677243e-02 9.205869604686903185e-02 1.101388169480044818e-03 -9.078105972856852094e-04 -9.078105972855661640e-04 2.186153332352326062e-01
1.000000000000000000e+00 7.619047619047618625e-01 -1.159221955225489369e-02 9.070962389126192849e-02 -3.883877249715226134e-04 -5.624010313222629507e-04 -5.624010313223840561e-04 2.181569527095090222e-01
0.000000000000000000e+00 8.095238095238095344e-01 1.023200640270251378e-02 9.382565186474201013e-02 -7.328156565593265965e-04 6.865143697792395030e-04 6.865143697792399366e-04 2.163408201056415958e-01
4.761904761904761640e-02 8.095238095238095344e-01 8.879444170443812068e-03 9.522052052278008605e-02 1.799709202656464774e-03 -2.204883300771208216e-03 -2.204883300771243344e-03 2.219341061273219784e-01
9.523809523809523281e-02 8.095238095238095344e-01 7.570368604527635478e-03 9.643411348314046005e-02 7.192691503677733390e-03 -8.315895465239848613e-03 -8.315895465239848613e-03 2.215684763825253034e-01
1.428571428571428492e-01 8.095238095238095344e-01 6.380127195006753994e-03 9.739055673718832740e-02 1.462796571297029537e-02 -1.317357664558637884e-02 -1.317357664558637884e-02 2.147334902609246143e-01
1.904761904761904656e-01 8.095238095238095344e-01 5.323496379878116420e-03 9.810650912377003041e-02 1.980782535993226567e-02 -1.576868109917501162e-02 -1.576868109917501162e-02 2.075847837832744958e-01
2.380952380952380820e-01 8.095238095238095344e-01 4.377704797909606066e-03 9.862479286281941593e-02 2.396908151176805127e-02 -1.629129916531540240e-02 -1.629129916531540240e-02 2.013388865953632256e-01
2.857142857142856984e-01 8.095238095238095344e-01 3.510782357815029394e-03 9.898964224231389386e-02 2.619345530835551564e-02 -1.517836111796595257e-02 -1.517836111796595257e-02 1.962854655824690098e-01
3.333333333333333148e-01 8.095238095238095344e-01 2.694809643456496685e-03 9.923818979047423217e-02 2.745791576511671939e-02 -1.289601943327432776e-02 -1.289601943327432602e-02 1.930269178654576978e-01
3.809523809523809312e-01 8.095238095238095344e-01 1.909066239413497986e-03 9.939987952893536427e-02 2.809764528408666487e-02 -9.754857048152076535e-03 -9.754857048152076535e-03 1.905946814659077448e-01
4.285714285714285476e-01 8.095238095238095344e-01 1.140192065040192791e-03 9.949614421412747434e-02 2.825545817824142922e-02 -6.062872136349387042e-03 -6.062872136349387910e-03 1.893720334947760486e-01
4.761904761904761640e-01 8.095238095238095344e-01 3.794848828546782803e-04 9.954109045402625977e-02 2.842793842593693485e-02 -2.043872644202539800e-03 -2.043872644202543703e-03 1.886175422085968334e-01
5.238095238095238360e-01 8.095238095238095344e-01 -3.786736328139322211e-04 9.954159887831345865e-02 2.833706546076207242e-02 2.077483372055963489e-03 2.077483372055921422e-03 1.887233222148242962e-01
5.714285714285713969e-01 8.095238095238095344e-01 -1.139013638252195154e-03 9.949772604794183961e-02 2.837188981783056105e-02 6.093121396273024765e-03 6.093121396272903334e-03 1.892232265918695200e-01
6.190476190476190688e-01 8.095238095238095344e-01 -1.907262418857738704e-03 9.940251893310131370e-02 2.807131990822398643e-02 9.795537273945930171e-03 9.795537273945897211e-03 1.907043414331945907e-01
6.666666666666666297e-01 8.095238095238095344e-01 -2.691858996655999581e-03 9.924202622610343860e-02 2.755047624159543893e-02 1.292852952033863266e-02 1.292852952034002564e-02 1.928018835280860543e-01
7.142857142857143016e-01 8.095238095238095344e-01 -3.506541542321548952e-03 9.899472083487645402e-02 2.632910500060366144e-02 1.523702936208259917e-02 1.523702936208815549e-02 1.964215513198158403e-01
7.619047619047618625e-01 8.095238095238095344e-01 -4.371564798346925552e-03 9.863144180960355112e-02 2.389911698124292175e-02 1.634591210903251976e-02 1.634591210903389713e-02 2.011070550273976465e-01
8.095238095238095344e-01 8.095238095238095344e-01 -5.315350947298611885e-03 9.811486246380732301e-02 2.030137775898196648e-02 1.587401013290924701e-02 1.587401013290673860e-02 2.075996595536487577e-01
8.571428571428570953e-01 8.095238095238095344e-01 -6.370523176784435512e-03 9.740131674720287069e-02 1.414888350814177270e-02 1.330891287862661157e-02 1.330891287862666708e-02 2.150508790770220557e-01
9.047619047619047672e-01 8.095238095238095344e-01 -7.559779528996738752e-03 9.644607270870146631e-02 7.909162061371865018e-03 8.383365701865687358e-03 8.383365701865692562e-03 2.207770206221834619e-01
9.523809523809523281e-01 8.095238095238095344e-01 -8.868351204486760869e-03 9.523147585631529244e-02 1.501588594580244513e-03 2.411832938037274630e-03 2.411832938037108531e-03 2.233139249422101957e-01
1.000000000000000000e+00 8.095238095238095344e-01 -1.021791479982091591e-02 9.383272645577689364e-02 -1.903767843849151690e-04 -6.758174578057755998e-04 -6.758174578058051985e-04 2.153017786034961412e-01
0.000000000000000000e+00 8.571428571428570953e-01 8.696499374930496268e-03 9.693996903647650321e-02 -7.085145448624924043e-04 1.259600451893828172e-03 1.259600451893817114e-03 2.163116447184615654e-01
4.761904761904761640e-02 8.571428571428570953e-01 7.321694264346752072e-03 9.846144316269800356e-02 2.724341915501890359e-03 -8.386419522125727194e-03 -8.386419522125727194e-03 2.314071075542978584e-01
9.523809523809523281e-02 8.571428571428570953e-01 6.030968059676859207e-03 9.960298126701844224e-02 1.474093329260079376e-02 -1.721850943253935839e-02 -1.721850943253935839e-02 2.264740052015730976e-01
1.428571428571428492e-01 8.571428571428570953e-01 4.935578674145096878e-03 1.003985975435887912e-01 2.376151328849303648e-02 -2.101610945398932340e-02 -2.101610945398930952e-02 2.178381207350884863e-01
1.904761904761904656e-01 8.571428571428570953e-01 4.027221171184949995e-03 1.009517780325274311e-01 3.192339944231726429e-02 -2.131323009417822670e-02 -2.131323009417823364e-02 2.080872010721727117e-01
2.380952380952380820e-01 8.571428571428570953e-01 3.259280612629813015e-03 1.013394645774331332e-01 3.618247583660511024e-02 -1.967096224652165395e-02 -1.967096224652165395e-02 1.998897421478976477e-01
2.857142857142856984e-01 8.571428571428570953e-01 2.585306806825748462e-03 1.016098819939256770e-01 3.890658416980844608e-02 -1.706346016754966069e-02 -1.706346016754959824e-02 1.941633413637756655e-01
3.333333333333333148e-01 8.571428571428570953e-01 1.969703083800269407e-03 1.017945227202835395e-01 4.023602523081033083e-02 -1.381324566223906050e-02 -1.381324566223906224e-02 1.897240808298081283e-01
3.809523809523809312e-01 8.571428571428570953e-01 1.388925116453074886e-03 1.019154306356021972e-01 4.074907842717947343e-02 -1.015307358996309257e-02 -1.015307358996309604e-02 1.871239856721466643e-01
4.285714285714285476e-01 8.571428571428570953e-01 8.272679772367418517e-04 1.019879573282907043e-01 4.107883597104088069e-02 -6.198536645992281519e-03 -6.198536645992286723e-03 1.852616386822372729e-01
4.761904761904761640e-01 8.571428571428570953e-01 2.751099828601382725e-04 1.020219693644511538e-01 4.101143477185190123e-02 -2.080062402298137221e-03 -2.080062402298144594e-03 1.846164259503857985e-01
5.238095238095238360e-01 8.571428571428570953e-01 -2.741561722908053295e-04 1.020223260674515686e-01 4.115339871970689900e-02 2.095391575012001822e-03 2.095391575011957587e-03 1.844633017375808814e-01
5.714285714285713969e-01 8.571428571428570953e-01 -8.260200548935901169e-04 1.019890286380867733e-01 4.097821178081983984e-02 6.216313867040294816e-03 6.216313867039398831e-03 1.853958595550941890e-01
6.190476190476190688e-01 8.571428571428570953e-01 -1.386935642118515208e-03 1.019172579797426176e-01 4.089307536315509722e-02 1.016460056428757260e-02 1.016460056428776342e-02 1.869018984057483623e-01
6.666666666666666297e-01 8.571428571428570953e-01 -1.966774954120552223e-03 1.017971772792268248e-01 4.024809530744452579e-02 1.383524315516847757e-02 1.383524315517599412e-02 1.898842807912018704e-01
7.142857142857143016e-01 8.571428571428570953e-01 -2.580671228312229459e-03 1.016134909173560530e-01 3.896296848466417051e-02 1.707405470454706475e-02 1.707405470459719479e-02 1.938484476518533561e-01
7.619047619047618625e-01 8.571428571428570953e-01 -3.252822977055122404e-03 1.013443604379123536e-01 3.652136860648320243e-02 1.972295068307911015e-02 1.972295068306956917e-02 2.000594572086934197e-01
8.095238095238095344e-01 8.571428571428570953e-01 -4.017720497970691390e-03 1.009583441769830170e-01 3.160952364546303767e-02 2.135137067964014077e-02 2.135137067964093874e-02 2.078531237803236953e-01
8.571428571428570953e-01 8.571428571428570953e-01 -4.922298800097677646e-03 1.004079715379301435e-01 2.498608542201922675e-02 2.122093107559893527e-02 2.122093107560388964e-02 2.176085753916444931e-01
9.047619047619047672e-01 8.571428571428570953e-01 -6.016194149388386959e-03 9.961722261801266021e-02 1.345625658728109159e-02 1.746947840101223740e-02 1.746947840101226168e-02 2.281480009997599867e-01
9.523809523809523281e-01 8.571428571428570953e-01 -7.308522604883614139e-03 9.847560421958813370e-02 3.732945401984510882e-03 8.322709501870410864e-03 8.322709501870416068e-03 2.294083886909552283e-01
1.000000000000000000e+00 8.571428571428570953e-01 -8.689531823620049236e-03 9.695100194625320966e-02 -1.921859760837610082e-03 -9.860416963558403958e-04 -9.860416963558547073e-04 2.192911472739763334e-01
0.000000000000000000e+00 9.047619047619047672e-01 6.868775352733689187e-03 1.001106918140114571e-01 -7.335236393371730342e-03 4.875214716317645934e-03 4.875214716317645067e-03 2.252256593262289552e-01
4.761904761904761640e-02 9.047619047619047672e-01 5.415931230117367566e-03 1.018358886722975087e-01 1.227069405254163637e-02 -2.198083109282562841e-02 -2.198083109282562495e-02 2.417571016822240293e-01
9.523809523809523281e-02 9.047619047619047672e-01 4.221863780327721020e-03 1.027973602040760936e-01 2.633279472704292204e-02 -3.099530684065533725e-02 -3.099530684065533032e-02 2.322506520323090462e-01
1.428571428571428492e-01 9.047619047619047672e-01 3.332366517833351086e-03 1.033492963362609984e-01 4.062657211490670189e-02 -3.063547988760786239e-02 -3.063547988760786239e-02 2.176856958154987920e-01
1.904761904761904656e-01 9.047619047619047672e-01 2.660007904067316492e-03 1.037000875157301633e-01 4.681788056057436392e-02 -2.694725798732805488e-02 -2.694725798732804101e-02 2.054083455626616039e-01
2.380952380952380820e-01 9.047619047619047672e-01 2.123520091474933799e-03 1.039398687043173453e-01 5.056558898831143428e-02 -2.281107764288242343e-02 -2.281107764288242343e-02 1.969875939948471377e-01
2.857142857142856984e-01 9.047619047619047672e-01 1.669102820015135004e-03 1.041068311984359451e-01 5.227855224328380873e-02 -1.861897174727711671e-02 -1.861897174727711671e-02 1.903149206801132975e-01
3.333333333333333148e-01 9.047619047619047672e-01 1.264444501409356511e-03 1.042220236841401443e-01 5.288254548908804392e-02 -1.450009081830383982e-02 -1.450009081830384329e-02 1.861426142433184883e-01
3.809523809523809312e-01 9.047619047619047672e-01 8.883899672112239351e-04 1.042982909681672565e-01 5.322258587583166001e-02 -1.037894348617203304e-02 -1.037894348617203477e-02 1.829410326733503511e-01
4.285714285714285476e-01 9.047619047619047672e-01 5.281351565234398233e-04 1.043445771287740548e-01 5.304351662377730647e-02 -6.244605778191567036e-03 -6.244605778191568771e-03 1.813213726963421035e-01
4.761904761904761640e-01 9.047619047619047672e-01 1.755106425965404914e-04 1.043664092612576338e-01 5.317536237070717015e-02 -2.083480009740279731e-03 -2.083480009740286236e-03 1.802869713891637471e-01
5.238095238095238360e-01 9.047619047619047672e-01 -1.747559690416139499e-04 1.043666239734185597e-01 5.300334928418633934e-02 2.085864835283232112e-03 2.085864835283183973e-03 1.804470896800989821e-01
5.714285714285713969e-01 9.047619047619047672e-01 -5.270958160599729546e-04 1.043451657394970783e-01 5.323538690415867414e-02 6.243104325751443369e-03 6.243104325751180558e-03 1.811177970482389099e-01
6.190476190476190688e-01 9.047619047619047672e-01 -8.868514584063629143e-04 1.042993509754682746e-01 5.309472860225095819e-02 1.037816604358966777e-02 1.037816604358781335e-02 1.831122014926962194e-01
6.666666666666666297e-01 9.047619047619047672e-01 -1.261931771724399002e-03 1.042234842205841533e-01 5.306744005300273459e-02 1.448574361416266922e-02 1.448574361414693007e-02 1.858422113569928869e-01
7.142857142857143016e-01 9.047619047619047672e-01 -1.665421270030566312e-03 1.041089434217198212e-01 5.228992789314455825e-02 1.861386968356132723e-02 1.861386968354733842e-02 1.905418696203130535e-01
7.619047619047618625e-01 9.047619047619047672e-01 -2.117609168516895648e-03 1.039425641471889566e-01 5.063435734208246441e-02 2.277317834986663028e-02 2.277317834985931322e-02 1.965384884708591406e-01
8.095238095238095344e-01 9.047619047619047672e-01 -2.651755539521431868e-03 1.037041728132963442e-01 4.734915331742561156e-02 2.698682514591614276e-02 2.698682514591422069e-02 2.057100847447877745e-01
8.571428571428570953e-01 9.047619047619047672e-01 -3.318400640028390958e-03 1.033546135426406248e-01 4.002114208628301806e-02 3.060934902450498929e-02 3.060934902450498235e-02 2.171953025796089509e-01
9.047619047619047672e-01 9.047619047619047672e-01 -4.198543316445388016e-03 1.028096650432644421e-01 2.971205640363695083e-02 3.157625791080166666e-02 3.157625791080165972e-02 2.319268573566263814e-01
9.523809523809523281e-01 9.047619047619047672e-01 -5.391416487184013187e-03 1.018544150173111562e-01 7.949430743346790756e-03 2.238978691996732634e-02 2.238978691996733328e-02 2.490864302825432919e-01
1.000000000000000000e+00 9.047619047619047672e-01 -6.820641029124659832e-03 1.001362933387987542e-01 -3.890146212674255952e-03 -2.346812526952357387e-03 -2.346812526952358254e-03 2.251679333520754389e-01
0.000000000000000000e+00 9.523809523809523281e-01 4.354627381513866309e-03 1.036042851305494505e-01 1.712959290617670346e-03 5.802583671510676971e-03 5.802583671510676104e-03 2.367346675511400600e-01
4.761904761904761640e-02 9.523809523809523281e-01 2.932358841695007455e-03 1.053704343861816134e-01 3.045221824381507542e-02 -5.019822714216986420e-02 -5.019822714216986420e-02 2.610602060791657464e-01
9.523809523809523281e-02 9.523809523809523281e-01 2.111869116919221859e-03 1.058969303483634633e-01 5.608350471437798662e-02 -4.667572315446520681e-02 -4.667572315446518599e-02 2.323297528163689452e-01
1.428571428571428492e-01 9.523809523809523281e-01 1.619158707667316989e-03 1.061401874953521729e-01 6.322317482636440056e-02 -3.764844298530466843e-02 -3.764844298530467537e-02 2.116395530732965158e-01
1.904761904761904656e-01 9.523809523809523281e-01 1.278098981545939010e-03 1.062868689146996004e-01 6.513119053265126190e-02 -3.013017352209900954e-02 -3.013017352209901648e-02 2.004045489681817727e-01
2.380952380952380820e-01 9.523809523809523281e-01 1.012367747486066227e-03 1.063894751541429595e-01 6.591650535602969208e-02 -2.417045877297693823e-02 -2.417045877297693823e-02 1.916982766177253439e-01
2.857142857142856984e-01 9.523809523809523281e-01 7.925169129263707297e-04 1.064619056235345529e-01 6.547343512375264352e-02 -1.902433503889002647e-02 -1.902433503889002647e-02 1.860848353908112762e-01
3.333333333333333148e-01 9.523809523809523281e-01 5.987149951713995793e-04 1.065133961798671869e-01 6.531600350207729389e-02 -1.447536292727551188e-02 -1.447536292727550841e-02 1.816144675850162871e-01
3.809523809523809312e-01 9.523809523809523281e-01 4.202050655568607680e-04 1.065479126412954280e-01 6.458445876540142017e-02 -1.018961358411425711e-02 -1.018961358411425884e-02 1.789740802095160233e-01
4.285714285714285476e-01 9.523809523809523281e-01 2.496365594872275093e-04 1.065694202537974394e-01 6.445847328133341714e-02 -6.074624119028174292e-03 -6.074624119028174292e-03 1.770158841475696632e-01
4.761904761904761640e-01 9.523809523809523281e-01 8.295974540501440872e-05 1.065794925290423772e-01 6.401645991779879308e-02 -2.019117076868439092e-03 -2.019117076868439959e-03 1.763418467978684623e-01
5.238095238095238360e-01 9.523809523809523281e-01 -8.257400537479411481e-05 1.065796864799883198e-01 6.425413143859608212e-02 2.013483838040927825e-03 2.013483838040913514e-03 1.761704487589338675e-01
5.714285714285713969e-01 9.523809523809523281e-01 -2.491330366900291224e-04 1.065695253719661645e-01 6.422402034614142774e-02 6.060507084826438975e-03 6.060507084826410353e-03 1.771753068919987850e-01
6.190476190476190688e-01 9.523809523809523281e-01 -4.193102959416407090e-04 1.065484490978424181e-01 6.485494511572707788e-02 1.018129523468565105e-02 1.018129523468602922e-02 1.787418913993329139e-01
6.666666666666666297e-01 9.523809523809523281e-01 -5.974665380489024716e-04 1.065137727082951236e-01 6.507229809901372841e-02 1.443166912493203634e-02 1.443166912493504435e-02 1.818084236310132107e-01
7.142857142857143016e-01 9.523809523809523281e-01 -7.901866678484741275e-04 1.064628850107125629e-01 6.579634863317561366e-02 1.900915296287479864e-02 1.900915296290058357e-02 1.857418941226389453e-01
7.619047619047618625e-01 9.523809523809523281e-01 -1.009409385446596689e-03 1.063900768356828980e-01 6.570583262006944592e-02 2.405821692968651559e-02 2.405821692967683237e-02 1.919848144304873716e-01
8.095238095238095344e-01 9.523809523809523281e-01 -1.272329213180050430e-03 1.062887783237731337e-01 6.550136112779167408e-02 3.013138529612731722e-02 3.013138529612852112e-02 1.997976415983425125e-01
8.571428571428570953e-01 9.523809523809523281e-01 -1.613414489411449815e-03 1.061400862169338127e-01 6.318600902004954667e-02 3.743235495814141445e-02 3.743235495814147690e-02 2.123036676428298186e-01
9.047619047619047672e-01 9.523809523809523281e-01 -2.091044120333927520e-03 1.059014476640302987e-01 5.685264094219486669e-02 4.722711897960647776e-02 4.722711897960651245e-02 2.292213690339921506e-01
9.523809523809523281e-01 9.523809523809523281e-01 -2.886502303447072149e-03 1.053882186970682422e-01 3.689345849378327519e-02 5.141620819420786304e-02 5.141620819420784916e-02 2.555272490533532781e-01
1.000000000000000000e+00 9.523809523809523281e-01 -4.370570838059774192e-03 1.035823031870503896e-01 -2.177555976499646537e-02 3.972852204277906897e-03 3.972852204277903428e-03 2.825044653942393458e-01
0.000000000000000000e+00 1.000000000000000000e+00 -2.526441236661692317e-20 1.086700000000000027e-01 1.146364001252863363e-01 -1.086736055111888755e-01 -1.086736055111888893e-01 4.280738055989865565e-01
4.761904761904761640e-02 1.000000000000000000e+00 -3.836552098789481605e-20 1.086700000000000027e-01 9.784515738342987323e-02 -6.803796055327282488e-02 -6.803796055327282488e-02 2.630822953989556123e-01
9.523809523809523281e-02 1.000000000000000000e+00 -8.830030982621237519e-15 1.086700000000000027e-01 9.064554344818825937e-02 -4.562448862518011378e-02 -4.562448862518039133e-02 2.149624946188007646e-01
1.428571428571428492e-01 1.000000000000000000e+00 -3.344549417862623691e-20 1.086700000000000027e-01 8.672124865038341457e-02 -3.659982636694669722e-02 -3.659982636694672498e-02 2.028747653653975580e-01
1.904761904761904656e-01 1.000000000000000000e+00 3.766449364735536817e-20 1.086700000000000027e-01 8.290888717343659897e-02 -2.862241880850036752e-02 -2.862241880850036405e-02 1.928675176876167574e-01
2.380952380952380820e-01 1.000000000000000000e+00 -2.146340863948715575e-20 1.086700000000000027e-01 7.992497282668252490e-02 -2.289708725798617409e-02 -2.289708725798617409e-02 1.864459484810642165e-01
2.857142857142856984e-01 1.000000000000000000e+00 7.190302384982549158e-20 1.086700000000000027e-01 7.780389081699025378e-02 -1.782408460835595981e-02 -1.782408460835595634e-02 1.809791354795476370e-01
3.333333333333333148e-01 1.000000000000000000e+00 -1.782436634208527329e-20 1.086700000000000027e-01 7.610350282096299546e-02 -1.354357499784317187e-02 -1.354357499784316840e-02 1.775251290167823570e-01
3.809523809523809312e-01 1.000000000000000000e+00 4.466013028400483161e-15 1.086700000000000027e-01 7.506276448423075676e-02 -9.483752066815965762e-03 -9.483752066815965762e-03 1.746693848764498125e-01
4.285714285714285476e-01 1.000000000000000000e+00 -3.238999181147509709e-20 1.086700000000000027e-01 7.426629661703411378e-02 -5.654802873126698118e-03 -5.654802873126741486e-03 1.732471246974546242e-01
4.761904761904761640e-01 1.000000000000000000e+00 -4.409213817920565232e-16 1.086700000000000027e-01 7.400649672439270355e-02 -1.875983534755973348e-03 -1.875983534755955133e-03 1.722501121164897175e-01
5.238095238095238360e-01 1.000000000000000000e+00 6.733602996071974941e-21 1.086700000000000027e-01 7.392070969725443585e-02 1.871616566167568548e-03 1.871616566167596521e-03 1.724426249281346135e-01
5.714285714285713969e-01 1.000000000000000000e+00 2.921050467002635584e-14 1.086700000000000027e-01 7.434599522592306997e-02 5.631132220625092479e-03 5.631132220625303247e-03 1.730256545613200747e-01
6.190476190476190688e-01 1.000000000000000000e+00 1.624212277059984433e-20 1.086700000000000027e-01 7.496836585389711483e-02 9.490504963289137993e-03 9.490504963286740606e-03 1.748814179707005867e-01
6.666666666666666297e-01 1.000000000000000000e+00 -1.741802770580095221e-20 1.086700000000000027e-01 7.617898459716458681e-02 1.345901673178062294e-02 1.345901673176981214e-02 1.772315400195124124e-01
7.142857142857143016e-01 1.000000000000000000e+00 2.725395433451855537e-20 1.086700000000000027e-01 7.770545936321165970e-02 1.786326967559773507e-02 1.786326967560250903e-02 1.812578701374570056e-01
7.619047619047618625e-01 1.000000000000000000e+00 5.887753975776832894e-16 1.086700000000000027e-01 7.999045995515693952e-02 2.266336781405753689e-02 2.266336781406011816e-02 1.860237210206210356e-01
8.095238095238095344e-01 1.000000000000000000e+00 4.284545525267986407e-20 1.086700000000000027e-01 8.285018941845410934e-02 2.879241372315991671e-02 2.879241372316004854e-02 1.933413266581980039e-01
8.571428571428570953e-01 1.000000000000000000e+00 2.297728251395101581e-15 1.086700000000000027e-01 8.665789022154837817e-02 3.618734558043271154e-02 3.618734558043287114e-02 2.018814554181307119e-01
9.047619047619047672e-01 1.000000000000000000e+00 7.285860842545908143e-20 1.086700000000000027e-01 9.196880082604520779e-02 4.800152121950521794e-02 4.800152121950523182e-02 2.173195278988759305e-01
9.523809523809523281e-01 1.000000000000000000e+00 -8.043219560470142895e-20 1.086700000000000027e-01 9.968154751619272280e-02 7.000690297802811268e-02 7.000690297802811268e-02 2.408517533894528051e-01
1.000000000000000000e+00 1.000000000000000000e+00 1.999484876092661186e-19 1.086699999999999749e-01 2.346585875532285481e-01 1.497353060145514836e-01 1.497353060145514836e-01 5.036167459192617546e-01
