0.000000000000000000e+00 0.000000000000000000e+00 -2.679487988333212668e-19 -2.256952676120674407e-19 1.214381647348135723e-01 6.758598031617370216e-02 6.758598031617372992e-02 2.068700280291747851e-01
4.761904761904761640e-02 0.000000000000000000e+00 -2.076783484776325093e-17 -1.970911310706364553e-19 4.192536039924581875e-02 3.409888035327814093e-02 3.409888035327827277e-02 8.036359165742727739e-02
9.523809523809523281e-02 0.000000000000000000e+00 -1.646959746597898664e-19 -1.113861865695842963e-19 4.006038859320663198e-02 2.578944405416301253e-02 2.578944405416300212e-02 7.547412042843662516e-02
1.428571428571428492e-01 0.000000000000000000e+00 -1.598880949514106497e-19 -1.325088975957196139e-19 3.964545331462694666e-02 2.139180790971570781e-02 2.139180790971572516e-02 7.336778551816754146e-02
1.904761904761904656e-01 0.000000000000000000e+00 -1.096446541686164672e-19 -9.682121146550580007e-20 3.993303298126276574e-02 1.810906149871660542e-02 1.810906149871660195e-02 7.417035241557308478e-02
2.380952380952380820e-01 0.000000000000000000e+00 -1.097306516266262401e-19 -1.307387630368528656e-19 4.046765898691464386e-02 1.501297856292756368e-02 1.501297856292756715e-02 7.513597178140908606e-02
2.857142857142856984e-01 0.000000000000000000e+00 -7.547758509525907285e-20 -9.803522134082648979e-20 4.107536972052970581e-02 1.213645271100370279e-02 1.213645271100370453e-02 7.628501915094559882e-02
3.333333333333333148e-01 0.000000000000000000e+00 -7.278216002925363555e-20 -9.822095054149195892e-20 4.160667731228722549e-02 9.312171517864785072e-03 9.312171517864785072e-03 7.739689050327273889e-02
3.809523809523809312e-01 0.000000000000000000e+00 -4.578563634706760090e-20 -1.003931004538918682e-19 4.208222154096733642e-02 6.601932357574857337e-03 6.601932357574857337e-03 7.816451370609940608e-02
4.285714285714285476e-01 0.000000000000000000e+00 -2.459613833667352801e-20 -1.582679731384530008e-19 4.235697580554697445e-02 3.924650928474339093e-03 3.924650928474339093e-03 7.883232442727408640e-02
4.761904761904761640e-01 0.000000000000000000e+00 -1.809871069127593773e-20 -1.018891767147781265e-19 4.255013097147103407e-02 1.297413016228584313e-03 1.297413016228584530e-03 7.903616489705428405e-02
5.238095238095238360e-01 0.000000000000000000e+00 -1.579612211584634660e-20 -1.019145641379885209e-19 4.251312229418804933e-02 -1.322997538268874803e-03 -1.322997538268874803e-03 7.912806469688701827e-02
5.714285714285713969e-01 0.000000000000000000e+00 8.838438769049739370e-21 -1.021468835073705303e-19 4.239193622684697682e-02 -3.961826008811264975e-03 -3.961826008811265842e-03 7.874160682834997760e-02
6.190476190476190688e-01 0.000000000000000000e+00 1.109258259349194331e-20 -1.020573511238882365e-19 4.204879741033169804e-02 -6.622693512915816400e-03 -6.622693512915816400e-03 7.824657465696435721e-02
6.666666666666666297e-01 0.000000000000000000e+00 4.830018896666330821e-20 -1.001990065809625754e-19 4.163206438082348720e-02 -9.369213068703856340e-03 -9.369213068703854605e-03 7.732496291144765055e-02
7.142857142857143016e-01 0.000000000000000000e+00 7.898523088931996091e-20 -1.328343719137740859e-19 4.105690423951720291e-02 -1.215998600591933210e-02 -1.215998600591933210e-02 7.632471307076280076e-02
7.619047619047618625e-01 0.000000000000000000e+00 6.534793192616205391e-20 -9.906088279386000497e-20 4.046770061079944802e-02 -1.510920886829800712e-02 -1.510920886829800712e-02 7.515109307215707413e-02
8.095238095238095344e-01 0.000000000000000000e+00 1.213800566118260148e-19 -1.302397228745016841e-19 3.993990190246844707e-02 -1.811612419687309850e-02 -1.811612419687309850e-02 7.403239216355135544e-02
8.571428571428570953e-01 0.000000000000000000e+00 9.818978538007835962e-20 -9.730114399821697076e-20 3.966343055077601459e-02 -2.151741693559716673e-02 -2.151741693559716673e-02 7.382586134775047382e-02
9.047619047619047672e-01 0.000000000000000000e+00 1.771209324232587689e-19 -1.355430147170818504e-19 3.947952999619554898e-02 -2.478399105166625635e-02 -2.478399105166625635e-02 7.405542499070869034e-02
9.523809523809523281e-01 0.000000000000000000e+00 1.389614057724339239e-19 -1.052736882625783841e-19 4.168927565905734822e-02 -3.321113218804135070e-02 -3.321113218804135070e-02 9.184832515903379457e-02
1.000000000000000000e+00 0.000000000000000000e+00 1.278940596092083740e-19 -8.459578174527631441e-20 5.526350475721931305e-02 -4.948228919951449395e-02 -4.948228919951449395e-02 1.669567293722696577e-01
0.000000000000000000e+00 4.761904761904761640e-02 6.078940091333334683e-03 5.344297183550294345e-03 -1.005936267019831923e-02 2.909970360493042540e-03 2.909970360493050346e-03 9.662332273387182202e-02
4.761904761904761640e-02 4.761904761904761640e-02 4.263459606717206682e-03 3.003082786597152231e-03 1.639565702206077780e-02 2.608623133566057017e-02 2.608623133566057364e-02 8.708528403648398142e-02
9.523809523809523281e-02 4.761904761904761640e-02 3.316781609048058931e-03 2.503647094399502008e-03 2.620968998015835508e-02 2.487123289324964098e-02 2.487123289324964792e-02 8.000161921022951039e-02
1.428571428571428492e-01 4.761904761904761640e-02 2.732730362347275069e-03 2.381579352629839379e-03 2.952640866908815692e-02 2.069925589899609605e-02 2.069925589899584972e-02 7.783548639677650982e-02
1.904761904761904656e-01 4.761904761904761640e-02 2.270676460475014140e-03 2.361362281571064738e-03 3.151626284066980088e-02 1.730730361789293084e-02 1.730730361789292390e-02 7.735576127321154571e-02
2.380952380952380820e-01 4.761904761904761640e-02 1.868379431663892221e-03 2.377784665081447788e-03 3.289258501374214827e-02 1.419934427137380453e-02 1.419934427137378719e-02 7.815832100603127552e-02
2.857142857142856984e-01 4.761904761904761640e-02 1.497236079666916823e-03 2.403353412613835460e-03 3.394258552475511864e-02 1.137322894289938095e-02 1.137322894289938789e-02 7.914327263517625943e-02
3.333333333333333148e-01 4.761904761904761640e-02 1.146442827598043602e-03 2.428716087097689772e-03 3.492393938014737298e-02 8.689516476627212951e-03 8.689516476627212951e-03 8.003931640801276171e-02
3.809523809523809312e-01 4.761904761904761640e-02 8.091840557774908176e-04 2.449805295787137183e-03 3.548638994730098778e-02 6.131301514143926677e-03 6.131301514143925810e-03 8.085535417157815874e-02
4.285714285714285476e-01 4.761904761904761640e-02 4.812722828493723785e-04 2.464207983548433612e-03 3.606504426737370400e-02 3.641716241168445594e-03 3.641716241168445594e-03 8.131984447367607283e-02
4.761904761904761640e-01 4.761904761904761640e-02 1.586746018226104697e-04 2.471830589188652675e-03 3.616439931962955878e-02 1.201271915151839141e-03 1.201271915151839141e-03 8.165340798656997578e-02
5.238095238095238360e-01 4.761904761904761640e-02 -1.621791334098139918e-04 2.471672326246442033e-03 3.629258250064919950e-02 -1.226273333769205796e-03 -1.226273333769251983e-03 8.158772227286438528e-02
5.714285714285713969e-01 4.761904761904761640e-02 -4.849245095427947520e-04 2.464483796981139022e-03 3.593109661589825865e-02 -3.671109699257669653e-03 -3.671109699257673123e-03 8.138594003706804692e-02
6.190476190476190688e-01 4.761904761904761640e-02 -8.133605077952920943e-04 2.449818223035832732e-03 3.559483335022020634e-02 -6.157329111674817411e-03 -6.157329111674818278e-03 8.079805773651276002e-02
6.666666666666666297e-01 4.761904761904761640e-02 -1.151195459733642904e-03 2.429146540875809501e-03 3.479880800505993910e-02 -8.730097201368768045e-03 -8.730097201368768045e-03 8.009511127052335033e-02
7.142857142857143016e-01 4.761904761904761640e-02 -1.503342430592739159e-03 2.403814265664125892e-03 3.399265295192621661e-02 -1.140593685414447236e-02 -1.140593685414447236e-02 7.912344747649562027e-02
7.619047619047618625e-01 4.761904761904761640e-02 -1.875927352589160449e-03 2.378355316303140329e-03 3.281195204874488847e-02 -1.426663172641438014e-02 -1.426663172641438361e-02 7.815539672053162246e-02
8.095238095238095344e-01 4.761904761904761640e-02 -2.281740634227288726e-03 2.363362863401561979e-03 3.141431568928669538e-02 -1.733893615655147935e-02 -1.733893615655148282e-02 7.750856634897022868e-02
8.571428571428570953e-01 4.761904761904761640e-02 -2.744940160367804072e-03 2.380580098150757683e-03 2.957609472011609592e-02 -2.083105141746766781e-02 -2.083105141746766781e-02 7.754881229145717259e-02
9.047619047619047672e-01 4.761904761904761640e-02 -3.353674844163117078e-03 2.511040293771691842e-03 2.554396183300990456e-02 -2.461877288492046040e-02 -2.461877288492046040e-02 8.171590329632619221e-02
9.523809523809523281e-01 4.761904761904761640e-02 -4.335879449634543088e-03 3.029114608472286297e-03 1.401453259697012406e-02 -2.560362410553820162e-02 -2.560362410553820162e-02 8.948624088269341303e-02
1.000000000000000000e+00 4.761904761904761640e-02 -6.069086368585872339e-03 5.334206078990302337e-03 4.814345118083571281e-04 2.456134060096442587e-03 2.456134060096451261e-03 7.494917744978238372e-02
0.000000000000000000e+00 9.523809523809523281e-02 9.433439969596094446e-03 8.463912038078977990e-03 -1.957944389663011583e-03 -7.999637734973644642e-04 -7.999637734973587180e-04 6.628483653096545192e-02
4.761904761904761640e-02 9.523809523809523281e-02 7.806752263379264714e-03 6.356807720932998972e-03 4.022165715943125386e-03 1.269265542207068283e-02 1.269265542207070711e-02 8.295092090170641530e-02
9.523809523809523281e-02 9.523809523809523281e-02 6.374317997084232024e-03 5.456793857342634099e-03 1.409623274686019369e-02 1.754668183236653134e-02 1.754668183236650011e-02 8.098930485545535740e-02
1.428571428571428492e-01 9.523809523809523281e-02 5.264002114030004453e-03 5.136844644678830937e-03 1.912955860892969970e-02 1.704346517856266535e-02 1.704346517856265494e-02 8.017461067912765027e-02
1.904761904761904656e-01 9.523809523809523281e-02 4.356753904293203354e-03 5.045561556398027100e-03 2.317735610539714552e-02 1.499403404796064744e-02 1.499403404796064744e-02 8.029351996791997403e-02
2.380952380952380820e-01 9.523809523809523281e-02 3.565549553940116755e-03 5.044607359501481099e-03 2.547978634864179678e-02 1.254828605088083651e-02 1.254828605088086947e-02 8.088596530591821154e-02
2.857142857142856984e-01 9.523809523809523281e-02 2.846084750290866355e-03 5.074855793971683182e-03 2.744622106935930977e-02 1.010297249660165042e-02 1.010297249660167124e-02 8.171141784323950052e-02
3.333333333333333148e-01 9.523809523809523281e-02 2.172690177943636947e-03 5.111565167903899323e-03 2.864471307949833720e-02 7.731700877495016958e-03 7.731700877495018692e-03 8.257496917993893681e-02
3.809523809523809312e-01 9.523809523809523281e-02 1.530657448014036831e-03 5.143771003119412821e-03 2.975978139271243800e-02 5.450320528463068262e-03 5.450320528463053517e-03 8.318468252530250573e-02
4.285714285714285476e-01 9.523809523809523281e-02 9.092270020436890848e-04 5.166834619464095828e-03 3.024987200885430674e-02 3.236716902002290727e-03 3.236716902002289859e-03 8.371812534252140447e-02
4.761904761904761640e-01 9.523809523809523281e-02 2.996259255982285205e-04 5.178736751268474270e-03 3.070784857870155829e-02 1.067606957255683815e-03 1.067606957255683815e-03 8.388698392991163211e-02
5.238095238095238360e-01 9.523809523809523281e-02 -3.062092489098931260e-04 5.178879800275393644e-03 3.055911855611726999e-02 -1.087324723171663584e-03 -1.087324723171663584e-03 8.395799963060708582e-02
5.714285714285713969e-01 9.523809523809523281e-02 -9.161598294139836150e-04 5.167208221875357887e-03 3.038354152437683364e-02 -3.257710665723415229e-03 -3.257710665723413061e-03 8.365241404305179262e-02
6.190476190476190688e-01 9.523809523809523281e-02 -1.538326009357152873e-03 5.144519965141361971e-03 2.959480738338561567e-02 -5.470991917576102474e-03 -5.470991917576102474e-03 8.325521545655389932e-02
6.666666666666666297e-01 9.523809523809523281e-02 -2.181636901089592951e-03 5.112746557455017521e-03 2.875722680618651023e-02 -7.756136981470215276e-03 -7.756136981470212674e-03 8.252820722203213499e-02
7.142857142857143016e-01 9.523809523809523281e-02 -2.856836292026252323e-03 5.076772883632299505e-03 2.724824935786720678e-02 -1.012536828570002705e-02 -1.012536828570002705e-02 8.176284510699997898e-02
7.619047619047618625e-01 9.523809523809523281e-02 -3.579585518026233166e-03 5.047566593976733108e-03 2.557098429580854232e-02 -1.257798135920189589e-02 -1.257798135920189589e-02 8.091192608131331232e-02
8.095238095238095344e-01 9.523809523809523281e-02 -4.374509929745851872e-03 5.050644076953486085e-03 2.282077500799438788e-02 -1.499638838236895359e-02 -1.499638838236895359e-02 8.026004936883149310e-02
8.571428571428570953e-01 9.523809523809523281e-02 -5.291373492102150952e-03 5.144605473891624738e-03 1.938239237456301778e-02 -1.705398797426230934e-02 -1.705398797426231974e-02 8.034616557145869697e-02
9.047619047619047672e-01 9.523809523809523281e-02 -6.416607536733556424e-03 5.476724160187397723e-03 1.245856494165625133e-02 -1.727720401682483059e-02 -1.727720401682483059e-02 8.100289229020042614e-02
9.523809523809523281e-01 9.523809523809523281e-02 -7.849592032716713741e-03 6.389808270736328615e-03 5.915840716463313491e-03 -1.251889194997758518e-02 -1.251889194997758692e-02 7.954141431325675859e-02
1.000000000000000000e+00 9.523809523809523281e-02 -9.514898805003764101e-03 8.512105361632176306e-03 -3.691409396257595843e-03 2.180530905711917759e-03 2.180530905711985414e-03 6.627068526977218654e-02
0.000000000000000000e+00 1.428571428571428492e-01 1.176820410459455783e-02 1.108454810551103356e-02 -9.526721213071986634e-04 -3.585531519312576214e-04 -3.585531519312522546e-04 6.063464422861506581e-02
4.761904761904761640e-02 1.428571428571428492e-01 1.027661321535136216e-02 9.490167879054810587e-03 1.812195412173603793e-03 6.025123753176103367e-03 6.025123753176317605e-03 7.261661092646182203e-02
9.523809523809523281e-02 1.428571428571428492e-01 8.742023296084229858e-03 8.573315379394701174e-03 6.524375530152188435e-03 1.081606260764306215e-02 1.081606260764305348e-02 7.912741075663591583e-02
1.428571428571428492e-01 1.428571428571428492e-01 7.348105964994681126e-03 8.153843562977899570e-03 1.233609964196774600e-02 1.223461663507421741e-02 1.223461663507421048e-02 8.068789999127361223e-02
1.904761904761904656e-01 1.428571428571428492e-01 6.115518664681776108e-03 7.997627658282364591e-03 1.603857534508320790e-02 1.159711832040638373e-02 1.159711832040638373e-02 8.202747094222080648e-02
2.380952380952380820e-01 1.428571428571428492e-01 5.009127148621944983e-03 7.965428623409515074e-03 1.947516512880804671e-02 1.011115117682923753e-02 1.011115117682923753e-02 8.294454357421494894e-02
2.857142857142856984e-01 1.428571428571428492e-01 3.994288718239497743e-03 7.984537304288183077e-03 2.159705344467259883e-02 8.291783636195071069e-03 8.291783636195074539e-03 8.391231258808966309e-02
3.333333333333333148e-01 1.428571428571428492e-01 3.045550475542755080e-03 8.019329132777483840e-03 2.354544789011209574e-02 6.407409601973503357e-03 6.407409601973503357e-03 8.462777231558177293e-02
3.809523809523809312e-01 1.428571428571428492e-01 2.143235673167403609e-03 8.053180020657078539e-03 2.461835512001024628e-02 4.534253103418531793e-03 4.534253103418531793e-03 8.530832260539124301e-02
4.285714285714285476e-01 1.428571428571428492e-01 1.272210842091189061e-03 8.078364951863687901e-03 2.559985920054105510e-02 2.699034581520539950e-03 2.699034581520539950e-03 8.565885407560117071e-02
4.761904761904761640e-01 1.428571428571428492e-01 4.191466878388294746e-04 8.091710595827552449e-03 2.583061233466765402e-02 8.921242186775337618e-04 8.921242186775331113e-04 8.594121469474491626e-02
5.238095238095238360e-01 1.428571428571428492e-01 -4.281426769089049134e-04 8.091942776157077383e-03 2.599141539782717086e-02 -9.038255804919290756e-04 -9.038255804919295092e-04 8.587251560209159529e-02
5.714285714285713969e-01 1.428571428571428492e-01 -1.281607990045815224e-03 8.079198012464549467e-03 2.541810871997871382e-02 -2.709950916144693994e-03 -2.709950916144693561e-03 8.573143194379692633e-02
6.190476190476190688e-01 1.428571428571428492e-01 -2.153566663595250785e-03 8.054632523584733667e-03 2.476805295715108282e-02 -4.545330985527945913e-03 -4.545330985527945046e-03 8.524532036897332354e-02
6.666666666666666297e-01 1.428571428571428492e-01 -3.057220815379861536e-03 8.021729031549627506e-03 2.332146416201758346e-02 -6.413932988849672077e-03 -6.413932988849672077e-03 8.470268890288094876e-02
7.142857142857143016e-01 1.428571428571428492e-01 -4.008264670292692108e-03 7.988166384938601497e-03 2.175182644307444360e-02 -8.298998185465924007e-03 -8.298998185465922273e-03 8.386094216541127577e-02
7.619047619047618625e-01 1.428571428571428492e-01 -5.025857095913521810e-03 7.971066337811728852e-03 1.913929745385139700e-02 -1.009593532944639410e-02 -1.009593532944639410e-02 8.302265943420905625e-02
8.095238095238095344e-01 1.428571428571428492e-01 -6.136796310950426783e-03 8.006296826066428354e-03 1.628148846515107065e-02 -1.158330822988737872e-02 -1.158330822988737699e-02 8.194746600579209950e-02
8.571428571428570953e-01 1.428571428571428492e-01 -7.375292683200156477e-03 8.167487974040252285e-03 1.165704774562043543e-02 -1.212530368967426782e-02 -1.212530368967424527e-02 8.088225841183442621e-02
9.047619047619047672e-01 1.428571428571428492e-01 -8.770758404050615908e-03 8.596607725890145768e-03 7.132920889129205216e-03 -1.068424281319477719e-02 -1.068424281319477372e-02 7.821354542215554206e-02
9.523809523809523281e-01 1.428571428571428492e-01 -1.030251035572257896e-02 9.514802625179709372e-03 1.325786359223804153e-03 -6.013246442812825339e-03 -6.013246442812824472e-03 7.358082210268288015e-02
1.000000000000000000e+00 1.428571428571428492e-01 -1.178279321998292051e-02 1.110351826284728359e-02 -3.531755563211125552e-04 4.585729034131451006e-04 4.585729034147202838e-04 5.915664363319403374e-02
0.000000000000000000e+00 1.904761904761904656e-01 1.332613234154261979e-02 1.349390093759049447e-02 -9.207901300679054732e-05 -1.758660157504015524e-04 -1.758660157503651503e-04 5.604663161732787585e-02
4.761904761904761640e-02 1.904761904761904656e-01 1.193261787154150343e-02 1.240107837843270819e-02 6.823727334983609996e-04 3.137847305958854638e-03 3.137847305958840760e-03 6.872987670872053589e-02
9.523809523809523281e-02 1.904761904761904656e-01 1.040025507133152810e-02 1.168256994072246029e-02 3.989646528200847982e-03 6.240304589782912081e-03 6.240304589782911214e-03 7.568020701877897771e-02
1.428571428571428492e-01 1.904761904761904656e-01 8.884073808593278415e-03 1.129696879505683905e-02 7.502007023478461135e-03 7.829473452278180173e-03 7.829473452278169765e-03 8.041910811774606593e-02
1.904761904761904656e-01 1.904761904761904656e-01 7.455231501831290596e-03 1.112932648309429562e-02 1.165784286917267119e-02 7.981452696658838247e-03 7.981452696658838247e-03 8.260642165008083571e-02
2.380952380952380820e-01 1.904761904761904656e-01 6.128721966523587895e-03 1.107926722747618921e-02 1.458192227309689989e-02 7.249596568932056492e-03 7.249596568932057360e-03 8.436883126134667177e-02
2.857142857142856984e-01 1.904761904761904656e-01 4.893425900963791278e-03 1.108484754183363709e-02 1.745468491017071119e-02 6.108072094801942319e-03 6.108072094801943186e-03 8.539353942427582722e-02
3.333333333333333148e-01 1.904761904761904656e-01 3.731789282015737265e-03 1.111101859480959075e-02 1.923088281413768905e-02 4.786266458992098627e-03 4.786266458992098627e-03 8.632507434766963084e-02
3.809523809523809312e-01 1.904761904761904656e-01 2.625837960142991378e-03 1.113973253323643532e-02 2.089253634169271553e-02 3.417695996638276355e-03 3.417695996638275922e-03 8.685520614712438636e-02
4.285714285714285476e-01 1.904761904761904656e-01 1.558368878229404644e-03 1.116221461253301232e-02 2.164487169293961843e-02 2.043527826054018868e-03 2.043527826054018868e-03 8.732857995346893221e-02
4.761904761904761640e-01 1.904761904761904656e-01 5.135105606697195355e-04 1.117437681642338351e-02 2.229462849403253052e-02 6.789639621461983094e-04 6.789639621461984178e-04 8.745528001341358604e-02
5.238095238095238360e-01 1.904761904761904656e-01 -5.240475624009574345e-04 1.117479120233160969e-02 2.210647956870346112e-02 -6.812000738154453706e-04 -6.812000738154451538e-04 8.752699784887420231e-02
5.714285714285713969e-01 1.904761904761904656e-01 -1.569342972809491862e-03 1.116342600267362581e-02 2.181912803828004593e-02 -2.045269015123226189e-03 -2.045269015123226189e-03 8.725806423958365476e-02
6.190476190476190688e-01 1.904761904761904656e-01 -2.637613378298374420e-03 1.114196329967736231e-02 2.066975576305474932e-02 -3.415519639785335928e-03 -3.415519639785335494e-03 8.693401837358978590e-02
6.666666666666666297e-01 1.904761904761904656e-01 -3.744958343284645556e-03 1.111447208027813681e-02 1.941124225501955972e-02 -4.782628523479182450e-03 -4.782628523479181583e-03 8.624630104100491912e-02
7.142857142857143016e-01 1.904761904761904656e-01 -4.908340990669107264e-03 1.108998798182601192e-02 1.716173027609447718e-02 -6.090494497409414121e-03 -6.090494497409412386e-03 8.549336542368696223e-02
7.619047619047618625e-01 1.904761904761904656e-01 -6.146018579898513377e-03 1.108678496145033658e-02 1.480619729297936484e-02 -7.229857638940782351e-03 -7.229857638940781484e-03 8.423723626553554500e-02
8.095238095238095344e-01 1.904761904761904656e-01 -7.475357114513570683e-03 1.113976471458387116e-02 1.124237274022994726e-02 -7.924582887310415574e-03 -7.924582887310412105e-03 8.279182044620225778e-02
8.571428571428570953e-01 1.904761904761904656e-01 -8.905690721828445067e-03 1.131217973779187133e-02 7.835538911168603640e-03 -7.765313447176827068e-03 -7.765313447176829670e-03 8.000768390907816996e-02
9.047619047619047672e-01 1.904761904761904656e-01 -1.042287446936191256e-02 1.170014304696906024e-02 3.572337342902948739e-03 -6.188672201411751957e-03 -6.188672201411747620e-03 7.619138503327510525e-02
9.523809523809523281e-01 1.904761904761904656e-01 -1.195465060098221607e-02 1.241813087598950260e-02 8.244402843262223571e-04 -3.053925466130041119e-03 -3.053925466130058032e-03 6.791565361482894414e-02
1.000000000000000000e+00 1.904761904761904656e-01 -1.335101157898175260e-02 1.350632943454788473e-02 -3.555976128359027155e-04 1.877121761771811958e-04 1.877121761772060512e-04 5.654204206341129080e-02
0.000000000000000000e+00 2.380952380952380820e-01 1.430348127144434427e-02 1.579836685677112398e-02 -2.193350716109894363e-04 -8.044187120067376078e-05 -8.044187120067350328e-05 5.468216596568616084e-02
4.761904761904761640e-02 2.380952380952380820e-01 1.295340506640708413e-02 1.517500192406697791e-02 5.030496758589014924e-04 1.523833678275202108e-03 1.523833678275201458e-03 6.553825877513104470e-02
9.523809523809523281e-02 2.380952380952380820e-01 1.143652036743493354e-02 1.473957097335722687e-02 2.309501412992277358e-03 3.201864527602922301e-03 3.201864527602948755e-03 7.432096208243658964e-02
1.428571428571428492e-01 2.380952380952380820e-01 9.871739620381193500e-03 1.448453643421789873e-02 5.563503757330210721e-03 4.248300612835382260e-03 4.248300612835354505e-03 7.929337653090140492e-02
1.904761904761904656e-01 2.380952380952380820e-01 8.342348181081935335e-03 1.436149282116431190e-02 8.553304557140990749e-03 4.562308852765799110e-03 4.562308852765799110e-03 8.298577853640035085e-02
2.380952380952380820e-01 2.380952380952380820e-01 6.885654664619427802e-03 1.431942237217134588e-02 1.194527406538907488e-02 4.325401789050126004e-03 4.325401789050126004e-03 8.491106645614426851e-02
2.857142857142856984e-01 2.380952380952380820e-01 5.509808901058214740e-03 1.431927347769944465e-02 1.431649506846851411e-02 3.747669113121937512e-03 3.747669113121937512e-03 8.646388352395241450e-02
3.333333333333333148e-01 2.380952380952380820e-01 4.206530231219503604e-03 1.433681043695629424e-02 1.666241529147398370e-02 2.999711228084392910e-03 2.999711228084409390e-03 8.731072153697448657e-02
3.809523809523809312e-01 2.380952380952380820e-01 2.961429494026309242e-03 1.435787658355021368e-02 1.799331858054478012e-02 2.168992779893550143e-03 2.168992779893551878e-03 8.804694158828262063e-02
4.285714285714285476e-01 2.380952380952380820e-01 1.758077232318134599e-03 1.437500452019772022e-02 1.921919693077882296e-02 1.308907608195850015e-03 1.308907608195850015e-03 8.837414342477886708e-02
4.761904761904761640e-01 2.380952380952380820e-01 5.795772798167357111e-04 1.438454735826401494e-02 1.952302580104323462e-02 4.387891425752073128e-04 4.387891425752073128e-04 8.864485502068768230e-02
5.238095238095238360e-01 2.380952380952380820e-01 -5.907625640034277212e-04 1.438504906523059915e-02 1.971456986396643435e-02 -4.323919340590900713e-04 -4.323919340590902881e-04 8.857248829584531136e-02
5.714285714285713969e-01 2.380952380952380820e-01 -1.769591037682403467e-03 1.437657910118718754e-02 1.900536217774107320e-02 -1.300654952417054340e-03 -1.300654952417054123e-03 8.844949617839911737e-02
6.190476190476190688e-01 2.380952380952380820e-01 -2.973668415818236672e-03 1.436065057471728502e-02 1.818521835410367993e-02 -2.158789654957691748e-03 -2.158789654957690880e-03 8.796374315548750877e-02
6.666666666666666297e-01 2.380952380952380820e-01 -4.219755841909092302e-03 1.434102509226608917e-02 1.640167985166693376e-02 -2.982319021159228218e-03 -2.982319021159225616e-03 8.740455308718182714e-02
7.142857142857143016e-01 2.380952380952380820e-01 -5.524329630538461419e-03 1.432532733395117976e-02 1.453537829816459355e-02 -3.726328885043783592e-03 -3.726328885043780556e-03 8.633433965973677515e-02
7.619047619047618625e-01 2.380952380952380820e-01 -6.901719238014148924e-03 1.432759882267051373e-02 1.161783637311011516e-02 -4.288373873050513665e-03 -4.288373873050511063e-03 8.506614813517417162e-02
8.095238095238095344e-01 2.380952380952380820e-01 -8.359363878212743709e-03 1.437249806048022591e-02 8.819544075638908673e-03 -4.520362242344900215e-03 -4.520362242344900215e-03 8.270053778119268451e-02
8.571428571428570953e-01 2.380952380952380820e-01 -9.889836006817843972e-03 1.449776076075505633e-02 5.228161057876883240e-03 -4.199224569742146355e-03 -4.199224569742145488e-03 7.961235732006317900e-02
9.047619047619047672e-01 2.380952380952380820e-01 -1.145389407447970111e-02 1.475449541489174884e-02 2.525285922490682743e-03 -3.150729500769822427e-03 -3.150729500769822427e-03 7.374081318505229521e-02
9.523809523809523281e-01 2.380952380952380820e-01 -1.296901405495376990e-02 1.518958668527447577e-02 3.959227110403033454e-04 -1.515056681724057715e-03 -1.515056681724057715e-03 6.590579910313992817e-02
1.000000000000000000e+00 2.380952380952380820e-01 -1.431437415615717870e-02 1.580958400553906726e-02 -3.329531020429549729e-05 7.595606546243335530e-05 7.595606546243475121e-05 5.424195919978434116e-02
0.000000000000000000e+00 2.857142857142856984e-01 1.474798748191324602e-02 1.805164799582039542e-02 -2.536218922507042932e-05 -1.784129056812029674e-06 -1.784129056813430454e-06 5.350129022071154622e-02
4.761904761904761640e-02 2.857142857142856984e-01 1.342125225610800270e-02 1.788112314614176759e-02 2.907268881659059957e-04 4.620484695664502897e-04 4.620484695664484466e-04 6.486902231733930602e-02
9.523809523809523281e-02 2.857142857142856984e-01 1.191550659848989238e-02 1.775833348860396052e-02 2.076310067205638238e-03 8.694027524916339133e-04 8.694027524916196018e-04 7.294538694825962455e-02
1.428571428571428492e-01 2.857142857142856984e-01 1.033958243301672832e-02 1.767923069869225400e-02 4.447926038910521990e-03 1.213413858871367898e-03 1.213413858871366380e-03 7.917595901693616489e-02
1.904761904761904656e-01 2.857142857142856984e-01 8.775141886504241734e-03 1.763798657629971414e-02 7.740122500354908001e-03 1.429311295217105269e-03 1.429311295217106353e-03 8.264480278643444866e-02
2.380952380952380820e-01 2.857142857142856984e-01 7.266570891280479949e-03 1.762524062355420862e-02 1.037569458630429979e-02 1.483503170114429653e-03 1.483503170114429219e-03 8.530623855589558602e-02
2.857142857142856984e-01 2.857142857142856984e-01 5.827654713148991070e-03 1.763009947747627704e-02 1.320399220968160661e-02 1.381817062430501985e-03 1.381817062430501552e-03 8.674981670347031715e-02
3.333333333333333148e-01 2.857142857142856984e-01 4.455949829496226762e-03 1.764304132888435891e-02 1.503352560914245073e-02 1.165676287716692306e-03 1.165676287716692306e-03 8.793033731540342290e-02
3.809523809523809312e-01 2.857142857142856984e-01 3.140134121207277008e-03 1.765742193069247748e-02 1.681256023064732139e-02 8.747187843033073272e-04 8.747187843033071104e-04 8.854074720580532021e-02
4.285714285714285476e-01 2.857142857142856984e-01 1.865342332123785807e-03 1.766900899082318038e-02 1.762693760985734048e-02 5.412164592768928468e-04 5.412164592768919794e-04 8.905007131349387817e-02
4.761904761904761640e-01 2.857142857142856984e-01 6.153980540430807394e-04 1.767557026372213250e-02 1.833924791171658714e-02 1.869945983934002119e-04 1.869945983934004287e-04 8.918363533080270189e-02
5.238095238095238360e-01 2.857142857142856984e-01 -6.263369531199728269e-04 1.767614839685877764e-02 1.813485407562661494e-02 -1.728761589905521991e-04 -1.728761589905522533e-04 8.925293282223691060e-02
5.714285714285713969e-01 2.857142857142856984e-01 -1.876548700587618319e-03 1.767079095270276956e-02 1.782331858291764243e-02 -5.257320200259951856e-04 -5.257320200259945351e-04 8.897387114224039606e-02
6.190476190476190688e-01 2.857142857142856984e-01 -3.151807724804044000e-03 1.766049913697700577e-02 1.657797027256214389e-02 -8.565104368715558553e-04 -8.565104368715506511e-04 8.861951084751659713e-02
6.666666666666666297e-01 2.857142857142856984e-01 -4.468305450824822458e-03 1.764762985716659613e-02 1.524652526431434334e-02 -1.143096051774171885e-03 -1.143096051774173403e-03 8.782154629473008789e-02
7.142857142857143016e-01 2.857142857142856984e-01 -5.840807122556139659e-03 1.763634984941915909e-02 1.292120339953828009e-02 -1.354051198923586583e-03 -1.354051198923585499e-03 8.686621956865750449e-02
7.619047619047618625e-01 2.857142857142856984e-01 -7.280270306838479248e-03 1.763345083260133353e-02 1.062824097221258708e-02 -1.448293952875520044e-03 -1.448293952875520695e-03 8.510078962253532497e-02
8.095238095238095344e-01 2.857142857142856984e-01 -8.789534335324760903e-03 1.764808767124073641e-02 7.424897493286924076e-03 -1.392648519940721140e-03 -1.392648519940721140e-03 8.286855836325572600e-02
8.571428571428570953e-01 2.857142857142856984e-01 -1.035333527631810378e-02 1.769079879612907649e-02 4.709880737703966980e-03 -1.173644647309349948e-03 -1.173644647309346695e-03 7.875654184383398815e-02
9.047619047619047672e-01 2.857142857142856984e-01 -1.192842356105668078e-02 1.777054210115197944e-02 1.870404354345850178e-03 -8.394308580762179948e-04 -8.394308580762175611e-04 7.333403112994736628e-02
9.523809523809523281e-01 2.857142857142856984e-01 -1.343287096442489191e-02 1.789223075847037187e-02 3.826720113239753655e-04 -4.472869290855532561e-04 -4.472869290855533645e-04 6.441722493225116031e-02
1.000000000000000000e+00 2.857142857142856984e-01 -1.476051025824079606e-02 1.805986222443862685e-02 -1.769937534263993036e-04 1.601800878665413273e-06 1.601800878665675853e-06 5.373509933525301430e-02
0.000000000000000000e+00 3.333333333333333148e-01 1.469419752102408064e-02 2.028536500161466291e-02 -2.312994329369250752e-04 8.607450703416450789e-05 8.607450703416468407e-05 5.369875804916224987e-02
4.761904761904761640e-02 3.333333333333333148e-01 1.336412226144742532e-02 2.056955353121511787e-02 4.195218183032791521e-04 -5.555007886081429844e-04 -5.555007886081433097e-04 6.465558972887371081e-02
9.523809523809523281e-02 3.333333333333333148e-01 1.186230295757410673e-02 2.076281105120309292e-02 2.151166301684438210e-03 -1.389842784000433441e-03 -1.389842784000431923e-03 7.349433852795371480e-02
1.428571428571428492e-01 3.333333333333333148e-01 1.030412064403538400e-02 2.086543450537067454e-02 5.211617914803949592e-03 -1.681537340875694083e-03 -1.681537340875696252e-03 7.868440897141684709e-02
1.904761904761904656e-01 3.333333333333333148e-01 8.763228277651184672e-03 2.091637699419051158e-02 7.850459308070488126e-03 -1.528522095217050864e-03 -1.528522095217052165e-03 8.266924129288576173e-02
2.380952380952380820e-01 3.333333333333333148e-01 7.273498720633320147e-03 2.094355532278394799e-02 1.093037033506388984e-02 -1.218886123973198215e-03 -1.218886123973198432e-03 8.495873928776526141e-02
2.857142857142856984e-01 3.333333333333333148e-01 5.845961763918117345e-03 2.096172809059171707e-02 1.306278041476771450e-02 -8.839969226376012592e-04 -8.839969226376015845e-04 8.676864212304126467e-02
3.333333333333333148e-01 3.333333333333333148e-01 4.477858848366240464e-03 2.097569166020496825e-02 1.526615801612804697e-02 -6.084362190724735544e-04 -6.084362190724740965e-04 8.781351336567559673e-02
3.809523809523809312e-01 3.333333333333333148e-01 3.159730545521740545e-03 2.098677314931587240e-02 1.649732502759624492e-02 -3.852850779994794017e-04 -3.852850779994791849e-04 8.864377681456830915e-02
4.285714285714285476e-01 3.333333333333333148e-01 1.878749032726538364e-03 2.099452870706997390e-02 1.769143840017605926e-02 -2.106057093647152362e-04 -2.106057093647152362e-04 8.904787004427749952e-02
4.761904761904761640e-01 3.333333333333333148e-01 6.204187342080852473e-04 2.099890365012327398e-02 1.796190001155738986e-02 -6.038824428070776833e-05 -6.038824428070741596e-05 8.932141595518398869e-02
5.238095238095238360e-01 3.333333333333333148e-01 -6.303457829908875503e-04 2.099943900005706715e-02 1.816993077221233654e-02 8.089915679392047055e-05 8.089915679392042989e-05 8.926933059216717037e-02
5.714285714285713969e-01 3.333333333333333148e-01 -1.888824928565830666e-03 2.099644868831383043e-02 1.746780543286373735e-02 2.308366857275260013e-04 2.308366857275193605e-04 8.909911684693898326e-02
6.190476190476190688e-01 3.333333333333333148e-01 -3.170127803525252426e-03 2.098986156353986263e-02 1.671103557372694004e-02 4.102415024150189216e-04 4.102415024150201143e-04 8.857138640401250596e-02
6.666666666666666297e-01 3.333333333333333148e-01 -4.488603743346400790e-03 2.098031259318511657e-02 1.500885145992295056e-02 6.316880199724049559e-04 6.316880199724050644e-04 8.788291894894613432e-02
7.142857142857143016e-01 3.333333333333333148e-01 -5.857058331622564534e-03 2.096771882124050940e-02 1.330795686915802779e-02 9.175660679983599572e-04 9.175660679983622340e-04 8.664047478845104955e-02
7.619047619047618625e-01 3.333333333333333148e-01 -7.284826634953324616e-03 2.095119540110612980e-02 1.062758888712714810e-02 1.244259655569128226e-03 1.244259655569128009e-03 8.508478546397657549e-02
8.095238095238095344e-01 3.333333333333333148e-01 -8.774219846615204793e-03 2.092516122211285703e-02 8.151855351208622466e-03 1.570416409403291910e-03 1.570416409403292994e-03 8.240849162892681379e-02
8.571428571428570953e-01 3.333333333333333148e-01 -1.031500238507468067e-02 2.087553462555036959e-02 4.880279100313226863e-03 1.701470995098845404e-03 1.701470995098844320e-03 7.897113118820112132e-02
9.047619047619047672e-01 3.333333333333333148e-01 -1.187171040923892633e-02 2.077190634509836278e-02 2.441864296708811354e-03 1.407802181750346425e-03 1.407802181750346642e-03 7.295458375708716026e-02
9.523809523809523281e-01 3.333333333333333148e-01 -1.337104539733805462e-02 2.057786759959219156e-02 3.185708720034062850e-04 6.048098460706723871e-04 6.048098460706724955e-04 6.504114646972446179e-02
1.000000000000000000e+00 3.333333333333333148e-01 -1.469748457642950853e-02 2.029002920817208830e-02 -6.021352403481074450e-05 -1.030907820643838109e-04 -1.030907820643821440e-04 5.327661991378639800e-02
0.000000000000000000e+00 3.809523809523809312e-01 1.410610524909944492e-02 2.252304318983321466e-02 -2.903440356724012279e-04 3.176042217058157920e-04 3.176042217058164426e-04 5.377470775190445335e-02
4.761904761904761640e-02 3.809523809523809312e-01 1.275188703186445026e-02 2.329045904541494211e-02 4.969313409775661045e-04 -2.198434793524022511e-03 -2.198434793524021644e-03 6.687048509207403624e-02
9.523809523809523281e-02 3.809523809523809312e-01 1.126213933625105044e-02 2.376924224987789214e-02 4.037134123129362991e-03 -4.216683185714447876e-03 -4.216683185714459152e-03 7.379567022913667562e-02
1.428571428571428492e-01 3.809523809523809312e-01 9.770157520153361155e-03 2.402428492653476202e-02 6.726827598511018851e-03 -4.701780983265899279e-03 -4.701780983265898411e-03 7.882704020800415656e-02
1.904761904761904656e-01 3.809523809523809312e-01 8.318712034377777342e-03 2.415568562542217204e-02 1.018091924035841554e-02 -4.400062656621638729e-03 -4.400062656621638729e-03 8.199053804046552152e-02
2.380952380952380820e-01 3.809523809523809312e-01 6.920752731203710928e-03 2.422356946606865971e-02 1.235451364537893532e-02 -3.696500637759519807e-03 -3.696500637759519373e-03 8.435146092657207217e-02
2.857142857142856984e-01 3.809523809523809312e-01 5.576255294979439760e-03 2.426133196871367234e-02 1.488184964406812430e-02 -2.962203052873753611e-03 -2.962203052873752743e-03 8.603971247038309789e-02
3.333333333333333148e-01 3.809523809523809312e-01 4.280675667030919493e-03 2.428235370799996379e-02 1.626492731105275147e-02 -2.213751470141103912e-03 -2.213751470141102178e-03 8.718922943246813773e-02
3.809523809523809312e-01 3.809523809523809312e-01 3.025758986393086488e-03 2.429553941364273606e-02 1.789629384434148276e-02 -1.541734838880851402e-03 -1.541734838880829284e-03 8.805123076767808199e-02
4.285714285714285476e-01 3.809523809523809312e-01 1.801335488324996370e-03 2.430243206929610239e-02 1.843918473841308150e-02 -8.955843056444088126e-04 -8.955843056444089210e-04 8.848378569485354506e-02
4.761904761904761640e-01 3.809523809523809312e-01 5.955998962503951215e-04 2.430652227516563388e-02 1.918660524477744378e-02 -2.889099533377220870e-04 -2.889099533377223038e-04 8.879661471998866185e-02
5.238095238095238360e-01 3.809523809523809312e-01 -6.038397895244875663e-04 2.430665995016168673e-02 1.887038826436212777e-02 3.118639623721006899e-04 3.118639623721004188e-04 8.871849641346253590e-02
5.714285714285713969e-01 3.809523809523809312e-01 -1.809641769055714798e-03 2.430470286784880765e-02 1.875143149101734033e-02 9.264383206213212905e-04 9.264383206213233505e-04 8.855063611234284537e-02
6.190476190476190688e-01 3.809523809523809312e-01 -3.034271357193827311e-03 2.429811816839557922e-02 1.756102228580372349e-02 1.558888896593843684e-03 1.558888896593843901e-03 8.797913981863125787e-02
6.666666666666666297e-01 3.809523809523809312e-01 -4.289279303488851246e-03 2.428710540541981558e-02 1.659215975856246847e-02 2.254932731324426655e-03 2.254932731324426655e-03 8.722277608725149955e-02
7.142857142857143016e-01 3.809523809523809312e-01 -5.585046852024625093e-03 2.426641522577511687e-02 1.451408416876185520e-02 2.972830552053069581e-03 2.972830552053069581e-03 8.599260720703712224e-02
7.619047619047618625e-01 3.809523809523809312e-01 -6.929355358416934042e-03 2.423068507641111188e-02 1.272754210856715147e-02 3.749283668861034657e-03 3.749283668861035958e-03 8.431906791201046469e-02
8.095238095238095344e-01 3.809523809523809312e-01 -8.327049091010065365e-03 2.416283876608673123e-02 9.750375397245627379e-03 4.395389149634386025e-03 4.395389149634386025e-03 8.200966581833706026e-02
8.571428571428570953e-01 3.809523809523809312e-01 -9.777245965725886792e-03 2.403265971650640764e-02 7.242146168878250446e-03 4.763224833129079544e-03 4.763224833129079544e-03 7.864322341271839933e-02
9.047619047619047672e-01 3.809523809523809312e-01 -1.126971944728299632e-02 2.377693593472330821e-02 3.445681122379972393e-03 4.191627151238127777e-03 4.191627151238128644e-03 7.419567791503697829e-02
9.523809523809523281e-01 3.809523809523809312e-01 -1.275719007550897219e-02 2.329648696762365995e-02 1.006432669808798299e-03 2.211692690465692779e-03 2.211692690465688876e-03 6.609027445106187282e-02
1.000000000000000000e+00 3.809523809523809312e-01 -1.411433000849132875e-02 2.252897237823639140e-02 -6.594021345180913407e-04 -3.736204845603455877e-04 -3.736204845603294873e-04 5.422694434881687037e-02
0.000000000000000000e+00 4.285714285714285476e-01 1.291233764659564798e-02 2.479940607065718797e-02 -3.042449614095967675e-03 1.008893894516063290e-03 1.008893894516052015e-03 5.595787375579681922e-02
4.761904761904761640e-02 4.285714285714285476e-01 1.148532126192359018e-02 2.610181596291578573e-02 3.561766291361149681e-03 -5.872329867257352655e-03 -5.872329867257429850e-03 6.907686592381655222e-02
9.523809523809523281e-02 4.285714285714285476e-01 1.007606043800202134e-02 2.676325036932784493e-02 6.621017854462130266e-03 -7.836066056393803728e-03 -7.836066056393808932e-03 7.398957830929889234e-02
1.428571428571428492e-01 4.285714285714285476e-01 8.744173791141181262e-03 2.711708287813174856e-02 1.097611352497640004e-02 -7.850656281636848519e-03 -7.850656281636848519e-03 7.823006476768488981e-02
1.904761904761904656e-01 4.285714285714285476e-01 7.467349558111659180e-03 2.730516067904789970e-02 1.304338942058276204e-02 -6.857642992501133961e-03 -6.857642992501140032e-03 8.008563464166898460e-02
2.380952380952380820e-01 4.285714285714285476e-01 6.236607451033614018e-03 2.741857427870600730e-02 1.573067948863677082e-02 -5.847531957375341760e-03 -5.847531957375341760e-03 8.312661356692660486e-02
2.857142857142856984e-01 4.285714285714285476e-01 5.042310459631263106e-03 2.747768041162637273e-02 1.697903191923964134e-02 -4.628497287139810706e-03 -4.628497287139810706e-03 8.387543879804844338e-02
3.333333333333333148e-01 4.285714285714285476e-01 3.882710919178796599e-03 2.751874708921812560e-02 1.888708188185072440e-02 -3.579551114837287943e-03 -3.579551114837287943e-03 8.603237954947128008e-02
3.809523809523809312e-01 4.285714285714285476e-01 2.750513300290824761e-03 2.753542664415543906e-02 1.946033010564826235e-02 -2.472248001642704009e-03 -2.472248001642703141e-03 8.592372608877638096e-02
4.285714285714285476e-01 4.285714285714285476e-01 1.640354500944635717e-03 2.755111939721012829e-02 2.065308236891699040e-02 -1.481866293411628196e-03 -1.481866293411628196e-03 8.742962683776631105e-02
4.761904761904761640e-01 4.285714285714285476e-01 5.432255076096460930e-04 2.755195473315595958e-02 2.053082497005774207e-02 -4.742624153882752974e-04 -4.742624153882771406e-04 8.670358927736342147e-02
5.238095238095238360e-01 4.285714285714285476e-01 -5.492579236555703666e-04 2.755686418387540138e-02 2.100561283882446811e-02 5.096182343160463686e-04 5.096182343160455012e-04 8.768659593596456192e-02
5.714285714285713969e-01 4.285714285714285476e-01 -1.646196698752513910e-03 2.754847592626776670e-02 2.016933236880734739e-02 1.487698964123314359e-03 1.487698964123314142e-03 8.644505898084767215e-02
6.190476190476190688e-01 4.285714285714285476e-01 -2.756897958549562114e-03 2.754256695805019917e-02 1.993796027100108378e-02 2.538284436831109506e-03 2.538284436831109072e-03 8.688046843146493559e-02
6.666666666666666297e-01 4.285714285714285476e-01 -3.888438650002098724e-03 2.751834391803081176e-02 1.838549345151902978e-02 3.555014659303973399e-03 3.555014659303973399e-03 8.506931835983226609e-02
7.142857142857143016e-01 4.285714285714285476e-01 -5.049018085027722445e-03 2.748684294944395493e-02 1.747334428397018941e-02 4.725755830678980349e-03 4.725755830678980349e-03 8.477934825787304673e-02
7.619047619047618625e-01 4.285714285714285476e-01 -6.241900054218894878e-03 2.742014443531233525e-02 1.520150226452307053e-02 5.787492203892008295e-03 5.787492203892009163e-03 8.220547286598484105e-02
8.095238095238095344e-01 4.285714285714285476e-01 -7.474068082742131233e-03 2.731554615102293679e-02 1.359342247979179394e-02 6.983933457781039099e-03 6.983933457781039099e-03 8.092388225915872479e-02
8.571428571428570953e-01 4.285714285714285476e-01 -8.747912412841965524e-03 2.711932068844078586e-02 1.034099084386906967e-02 7.742466812761378096e-03 7.742466812761378096e-03 7.737460093057778321e-02
9.047619047619047672e-01 4.285714285714285476e-01 -1.008128036472158949e-02 2.677333673175657028e-02 7.634130573574598663e-03 7.978340625084661547e-03 7.978340625084659812e-03 7.472106270440465048e-02
9.523809523809523281e-01 4.285714285714285476e-01 -1.149057725742608053e-02 2.609667761036897626e-02 1.824330259370858650e-03 5.680215872911300277e-03 5.680215872911298543e-03 6.962482299249617146e-02
1.000000000000000000e+00 4.285714285714285476e-01 -1.288571635223087139e-02 2.483001936490772041e-02 -2.193145588591578386e-04 -7.369066441505439484e-04 -7.369066441505426474e-04 5.499486062419500776e-02
0.000000000000000000e+00 4.761904761904761640e-01 1.070535700549604848e-02 2.735541469716823437e-02 3.228121921140764388e-03 -5.318878356008914163e-03 -5.318878356008913295e-03 6.779192696543100138e-02
4.761904761904761640e-02 4.761904761904761640e-01 9.405721435004999603e-03 2.899238563506613756e-02 8.948824021153373512e-03 -1.171175286987263635e-02 -1.171175286987262941e-02 6.881485464562726861e-02
9.523809523809523281e-02 4.761904761904761640e-01 8.322644732365236733e-03 2.965285647196580152e-02 1.286328978635171115e-02 -1.097320170471092690e-02 -1.097320170471092690e-02 7.201615412829441565e-02
1.428571428571428492e-01 4.761904761904761640e-01 7.275473014205106892e-03 3.008815966735851541e-02 1.473250628843732202e-02 -9.812454398931472893e-03 -9.812454398931469424e-03 7.291039560935720643e-02
1.904761904761904656e-01 4.761904761904761640e-01 6.268881398349991467e-03 3.030659150970468549e-02 1.664704311237230963e-02 -8.426324479535543879e-03 -8.426324479535549083e-03 7.672137410959090076e-02
2.380952380952380820e-01 4.761904761904761640e-01 5.263174378425737598e-03 3.049726842663558202e-02 1.783777821383876125e-02 -7.094383224187630378e-03 -7.094383224187628643e-03 7.730624957478313131e-02
2.857142857142856984e-01 4.761904761904761640e-01 4.283145205034363974e-03 3.056399193565840361e-02 1.930033687502568512e-02 -5.697302139469007966e-03 -5.697302139469025313e-03 8.040955063526064595e-02
3.333333333333333148e-01 4.761904761904761640e-01 3.308279071933871527e-03 3.065937179994231501e-02 2.004079774191826549e-02 -4.395328320283793840e-03 -4.395328320283792105e-03 8.013208422131717912e-02
3.809523809523809312e-01 4.761904761904761640e-01 2.353930707854507386e-03 3.066262500125447113e-02 2.106482984333386127e-02 -3.084289234662751511e-03 -3.084289234662751511e-03 8.252322058440798858e-02
4.285714285714285476e-01 4.761904761904761640e-01 1.405456402545690381e-03 3.071722064348917855e-02 2.131253744268883990e-02 -1.840763518188874006e-03 -1.840763518188873573e-03 8.153328556516627190e-02
4.761904761904761640e-01 4.761904761904761640e-01 4.670880505762530356e-04 3.069253717360857434e-02 2.184195512507284415e-02 -5.979966528193105977e-04 -5.979966528193101640e-04 8.334816896429630972e-02
5.238095238095238360e-01 4.761904761904761640e-01 -4.698068439815723677e-04 3.072713127582710549e-02 2.156950054211258239e-02 6.305148112908031885e-04 6.305148112908028632e-04 8.179400077424607562e-02
5.714285714285713969e-01 4.761904761904761640e-01 -1.410207103297123803e-03 3.068474527893512438e-02 2.157828649915353655e-02 1.859234357029987362e-03 1.859234357029987362e-03 8.307377564021770078e-02
6.190476190476190688e-01 4.761904761904761640e-01 -2.354663782746351137e-03 3.069905391271307571e-02 2.079380157483455907e-02 3.130651367342157047e-03 3.130651367342157480e-03 8.097996027661849561e-02
6.666666666666666297e-01 4.761904761904761640e-01 -3.315125905104750626e-03 3.062917784569355734e-02 2.029209908039109056e-02 4.399823431042814911e-03 4.399823431042814044e-03 8.163352057484829505e-02
7.142857142857143016e-01 4.761904761904761640e-01 -4.281842600956747152e-03 3.060163204766012945e-02 1.903949361051884837e-02 5.755140975104304328e-03 5.755140975104302593e-03 7.890082818310337198e-02
7.619047619047618625e-01 4.761904761904761640e-01 -5.272203139734157017e-03 3.046942288942640006e-02 1.806933366632391610e-02 7.081024667860258415e-03 7.081024667860253211e-03 7.875002479496871766e-02
8.095238095238095344e-01 4.761904761904761640e-01 -6.265332784914858996e-03 3.034413698021329320e-02 1.639870730218217360e-02 8.495732331507192120e-03 8.495732331507195589e-03 7.525514513913009185e-02
8.571428571428570953e-01 4.761904761904761640e-01 -7.287420663598462821e-03 3.006220717344823198e-02 1.496634459991409878e-02 9.773591563910872734e-03 9.773591563910890082e-03 7.432354421604628336e-02
9.047619047619047672e-01 4.761904761904761640e-01 -8.314003500671627786e-03 2.968929683873128972e-02 1.274042361311450433e-02 1.111905870666562990e-02 1.111905870666559694e-02 7.050639788656430651e-02
9.523809523809523281e-01 4.761904761904761640e-01 -9.429815848240588258e-03 2.895881787105159325e-02 9.598777608652945062e-03 1.168587891197789795e-02 1.168587891197791183e-02 7.023160949068793513e-02
1.000000000000000000e+00 4.761904761904761640e-01 -1.071643382318300704e-02 2.740199237576588023e-02 3.785077474208193085e-03 5.476359016847798418e-03 5.476359016847796683e-03 6.778566448956720170e-02
0.000000000000000000e+00 5.238095238095238360e-01 8.263431263510909175e-03 2.943182627580644833e-02 9.000494731757504143e-04 1.852660531531409279e-03 1.852660531531408845e-03 9.442942929295088106e-02
4.761904761904761640e-02 5.238095238095238360e-01 7.654417187108494662e-03 3.069679141023213403e-02 -1.579906580836325236e-02 -9.286990585313886076e-03 -9.286990585313882607e-03 7.463747438883558405e-02
9.523809523809523281e-02 5.238095238095238360e-01 6.965333177541116992e-03 3.140951755402297818e-02 -2.010305077981334315e-02 -1.094571888257206069e-02 -1.094571888257205722e-02 6.782128687564138725e-02
1.428571428571428492e-01 5.238095238095238360e-01 6.196469774112822043e-03 3.187076706469151033e-02 -2.330236496482403566e-02 -1.050804020684473206e-02 -1.050804020684473032e-02 7.437459161571922939e-02
1.904761904761904656e-01 5.238095238095238360e-01 5.399143672192048028e-03 3.215705476240993121e-02 -2.433918949009421587e-02 -9.251264297332296299e-03 -9.251264297332296299e-03 7.254820315121632279e-02
2.380952380952380820e-01 5.238095238095238360e-01 4.574047736272121752e-03 3.236352090411739185e-02 -2.434770007372628539e-02 -8.051980669431425472e-03 -8.051980669431425472e-03 7.877454745525301616e-02
2.857142857142856984e-01 5.238095238095238360e-01 3.744994926546501603e-03 3.248090647547472593e-02 -2.436977193614982273e-02 -6.586886903550857528e-03 -6.586886903550857528e-03 7.615506730752572007e-02
3.333333333333333148e-01 5.238095238095238360e-01 2.908176358498370476e-03 3.257373519120647376e-02 -2.354086448495866513e-02 -5.211634359420779308e-03 -5.211634359420778441e-03 8.169708850842372083e-02
3.809523809523809312e-01 5.238095238095238360e-01 2.075754207435882241e-03 3.261271621411764715e-02 -2.345137062191134797e-02 -3.697166530418670785e-03 -3.697166530418670785e-03 7.824383215277404269e-02
4.285714285714285476e-01 5.238095238095238360e-01 1.242941429431263997e-03 3.265236326231447245e-02 -2.261736045043314172e-02 -2.240360868395554952e-03 -2.240360868395554952e-03 8.317419250505632411e-02
4.761904761904761640e-01 5.238095238095238360e-01 4.136359954987724793e-04 3.265402237846155853e-02 -2.285577533013610080e-02 -7.300611182830697016e-04 -7.300611182830712195e-04 7.906703520692556775e-02
5.238095238095238360e-01 5.238095238095238360e-01 -4.154023464763293891e-04 3.266580270288087229e-02 -2.239457996815398533e-02 7.683605824943376449e-04 7.683605824943388375e-04 8.345126700338560688e-02
5.714285714285713969e-01 5.238095238095238360e-01 -1.245729602517063909e-03 3.264253615952576737e-02 -2.306888395809762043e-02 2.249009198403794860e-03 2.249009198403794426e-03 7.879274992678234057e-02
6.190476190476190688e-01 5.238095238095238360e-01 -2.076461795660337461e-03 3.262628330374787305e-02 -2.302890738265774007e-02 3.765881741930958079e-03 3.765881741930958079e-03 8.258897838113431200e-02
6.666666666666666297e-01 5.238095238095238360e-01 -2.911988128589719071e-03 3.256587683055312682e-02 -2.393234539138669112e-02 5.188532399244414478e-03 5.188532399244415345e-03 7.736262371488984713e-02
7.142857142857143016e-01 5.238095238095238360e-01 -3.744601505721176487e-03 3.249584267766483098e-02 -2.404582182830964851e-02 6.687443674530620108e-03 6.687443674530622710e-03 8.041665198662996394e-02
7.619047619047618625e-01 5.238095238095238360e-01 -4.578979663762818529e-03 3.235748579411661802e-02 -2.460647968354880491e-02 7.991670516109451380e-03 7.991670516109454850e-03 7.453091913006369695e-02
8.095238095238095344e-01 5.238095238095238360e-01 -5.397677212247596265e-03 3.217247522895977374e-02 -2.424138475245102980e-02 9.388784468183525647e-03 9.388784468183610649e-03 7.670371549919130505e-02
8.571428571428570953e-01 5.238095238095238360e-01 -6.203142429662610209e-03 3.186644679222433441e-02 -2.318166995592878254e-02 1.040878334419642962e-02 1.040878334419643135e-02 7.015706855445613677e-02
9.047619047619047672e-01 5.238095238095238360e-01 -6.962629093809456424e-03 3.142426541729047285e-02 -2.085568244666565624e-02 1.127386397655650782e-02 1.127386397655651303e-02 7.201263530630319654e-02
9.523809523809523281e-01 5.238095238095238360e-01 -7.666816289385990774e-03 3.069261059808790770e-02 -1.160964029516707227e-02 9.168357200937303497e-03 9.168357200937298293e-03 6.539809836479835992e-02
1.000000000000000000e+00 5.238095238095238360e-01 -8.274751086240065764e-03 2.943848159775584380e-02 -3.666344953587634403e-03 -2.542015848827063225e-03 -2.542015848827064960e-03 1.095596905361775203e-01
0.000000000000000000e+00 5.714285714285713969e-01 7.114687198446447390e-03 3.094488440841617130e-02 5.400484850759953255e-04 2.072689314136197478e-03 2.072689314136198346e-03 1.008218345800424853e-01
4.761904761904761640e-02 5.714285714285713969e-01 6.558330852397018657e-03 3.185939889760474458e-02 -3.525329670241730503e-04 -1.157256098157080507e-03 -1.157256098157076821e-03 7.853613215134920555e-02
9.523809523809523281e-02 5.714285714285713969e-01 6.016411240720486234e-03 3.257372800605805307e-02 -7.427530363408037066e-03 -6.063016594993307293e-03 -6.063016594993305558e-03 7.602024824972691830e-02
1.428571428571428492e-01 5.714285714285713969e-01 5.415630012080434146e-03 3.306949742513777546e-02 -1.083209841190815523e-02 -7.977266697407805335e-03 -7.977266697407808804e-03 7.471528923902691355e-02
1.904761904761904656e-01 5.714285714285713969e-01 4.757906590275438018e-03 3.340646255114800012e-02 -1.400343797330378358e-02 -8.475487876010727797e-03 -8.475487876010733002e-03 7.738406846039419529e-02
2.380952380952380820e-01 5.714285714285713969e-01 4.061921256286834224e-03 3.363723753797388805e-02 -1.530525142936581436e-02 -7.873966425118552812e-03 -7.873966425118554546e-03 7.818722502344034597e-02
2.857142857142856984e-01 5.714285714285713969e-01 3.341007660148805850e-03 3.378845463042830927e-02 -1.598992065754869032e-02 -6.974474582946447662e-03 -6.974474582946447662e-03 8.054154074355132642e-02
3.333333333333333148e-01 5.714285714285713969e-01 2.606621761815636987e-03 3.388898908957752726e-02 -1.629396819412593303e-02 -5.618736966956128925e-03 -5.618736966956118517e-03 8.081317487159503377e-02
3.809523809523809312e-01 5.714285714285713969e-01 1.864569139210457780e-03 3.394883629940176339e-02 -1.616112572470668196e-02 -4.173829487292301556e-03 -4.173829487292301556e-03 8.251612407646786995e-02
4.285714285714285476e-01 5.714285714285713969e-01 1.119356107147994857e-03 3.398558597198867576e-02 -1.624933916461021588e-02 -2.521366462209903309e-03 -2.521366462209902876e-03 8.216883898005580833e-02
4.761904761904761640e-01 5.714285714285713969e-01 3.726746507161444099e-04 3.400006894882499908e-02 -1.600876683080516838e-02 -8.448065511088914074e-04 -8.448065511088893474e-04 8.330865421709235386e-02
5.238095238095238360e-01 5.714285714285713969e-01 -3.742785921567581679e-04 3.400211256456668607e-02 -1.619480656028955343e-02 8.700436399267646049e-04 8.700436399267662312e-04 8.242448339774874344e-02
5.714285714285713969e-01 5.714285714285713969e-01 -1.120836852401809781e-03 3.398535611490793168e-02 -1.607322567828315535e-02 2.578311988717659625e-03 2.578311988717659192e-03 8.304320391887753949e-02
6.190476190476190688e-01 5.714285714285713969e-01 -1.866180472128678870e-03 3.395264948526035415e-02 -1.631283326384876456e-02 4.167635945185697334e-03 4.167635945185697334e-03 8.162902265276754388e-02
6.666666666666666297e-01 5.714285714285713969e-01 -2.607860586564599015e-03 3.389047340810090458e-02 -1.618114061489511757e-02 5.708678783002388638e-03 5.708678783002386035e-03 8.167472282605788003e-02
7.142857142857143016e-01 5.714285714285713969e-01 -3.342567508815782757e-03 3.379380991264550882e-02 -1.603667315966014750e-02 6.934163841777552309e-03 6.934163841777548840e-03 7.965040900086296782e-02
7.619047619047618625e-01 5.714285714285713969e-01 -4.062835791927820947e-03 3.364014232141447625e-02 -1.536992001489876497e-02 8.000716308597373080e-03 8.000716308597347060e-03 7.905959398923981252e-02
8.095238095238095344e-01 5.714285714285713969e-01 -4.759475199545370669e-03 3.341278915943173000e-02 -1.374652077538486214e-02 8.390350048783039652e-03 8.390350048783030978e-03 7.641334662233537078e-02
8.571428571428570953e-01 5.714285714285713969e-01 -5.416217755410861548e-03 3.307351861364343781e-02 -1.146426763034358656e-02 8.165899643318808715e-03 8.165899643318930146e-03 7.581590848464124510e-02
9.047619047619047672e-01 5.714285714285713969e-01 -6.016702477873094035e-03 3.257938650855463081e-02 -5.880118982996465626e-03 5.884311668949942890e-03 5.884311668949889114e-03 7.397002164075666686e-02
9.523809523809523281e-01 5.714285714285713969e-01 -6.556233001235943492e-03 3.186242956153846617e-02 -2.125368042102915214e-03 9.088552085386900851e-04 9.088552085386970240e-04 8.172064502956605248e-02
1.000000000000000000e+00 5.714285714285713969e-01 -7.108564913237567541e-03 3.095038330522206782e-02 1.939860052653152520e-03 -2.327400589016623538e-03 -2.327400589016625273e-03 9.834303185737176822e-02
0.000000000000000000e+00 6.190476190476190688e-01 6.336460224722526534e-03 3.236153111372547242e-02 8.838273681100414518e-05 5.976407328528033757e-04 5.976407328528033757e-04 9.447977759123731001e-02
4.761904761904761640e-02 6.190476190476190688e-01 5.780455082163154200e-03 3.307154137446278314e-02 1.682121959804274921e-04 1.287112528788934059e-03 1.287112528788934276e-03 8.520043318575785951e-02
9.523809523809523281e-02 6.190476190476190688e-01 5.261382568793508165e-03 3.372315333825719880e-02 -1.651098813574207935e-03 -2.059589245003871482e-03 -2.059589245003873650e-03 7.863627907856998722e-02
1.428571428571428492e-01 6.190476190476190688e-01 4.727059654497769818e-03 3.422912996660927576e-02 -4.894139817012939549e-03 -4.923906756404148113e-03 -4.923906756404148113e-03 7.796960019046132728e-02
1.904761904761904656e-01 6.190476190476190688e-01 4.157945801462847174e-03 3.459731866915682214e-02 -6.913569909048761231e-03 -6.388977863519047611e-03 -6.388977863519048478e-03 7.789143517880448009e-02
2.380952380952380820e-01 6.190476190476190688e-01 3.556822503268856992e-03 3.485537175307729801e-02 -8.662052162808747333e-03 -6.823023700965269445e-03 -6.823023700965269445e-03 7.907584717268387187e-02
2.857142857142856984e-01 6.190476190476190688e-01 2.932023795531418699e-03 3.503112602800159681e-02 -9.583228915500710890e-03 -6.392321751412867979e-03 -6.392321751412867979e-03 7.982981829381759209e-02
3.333333333333333148e-01 6.190476190476190688e-01 2.291630179240584410e-03 3.514662753670996787e-02 -1.005379187447308538e-02 -5.463663807047573415e-03 -5.463663807047562139e-03 8.079439455975115369e-02
3.809523809523809312e-01 6.190476190476190688e-01 1.641783237268838866e-03 3.521943017398956183e-02 -1.039323317376528687e-02 -4.118815482875877801e-03 -4.118815482875877801e-03 8.124170998813505518e-02
4.285714285714285476e-01 6.190476190476190688e-01 9.865801142410672662e-04 3.526137638998655399e-02 -1.036822704750381581e-02 -2.562529920588645267e-03 -2.562529920588645701e-03 8.178227626539839867e-02
4.761904761904761640e-01 6.190476190476190688e-01 3.287522323238654129e-04 3.528079253409484306e-02 -1.053961486295313874e-02 -8.549484061054162367e-04 -8.549484061054150440e-04 8.183114954421706611e-02
5.238095238095238360e-01 6.190476190476190688e-01 -3.298450161218608964e-04 3.528110632097494065e-02 -1.039281867121167290e-02 8.901202794352832846e-04 8.901202794352850193e-04 8.197296183508673284e-02
5.714285714285713969e-01 6.190476190476190688e-01 -9.876223494437964476e-04 3.526273971128387336e-02 -1.050079698210799536e-02 2.586513343543753694e-03 2.586513343543755429e-03 8.163064736474717753e-02
6.190476190476190688e-01 6.190476190476190688e-01 -1.642707628367760363e-03 3.522139289617993996e-02 -1.027534357607229852e-02 4.166521272942238542e-03 4.166521272942237675e-03 8.137996396801358556e-02
6.666666666666666297e-01 6.190476190476190688e-01 -2.292423879524889147e-03 3.514958317666339038e-02 -1.012264381496843363e-02 5.476666554734817803e-03 5.476666554734816936e-03 8.062505670094782806e-02
7.142857142857143016e-01 6.190476190476190688e-01 -2.932605207289777811e-03 3.503457434647151009e-02 -9.562758204941724377e-03 6.453486489542042785e-03 6.453486489542043653e-03 7.998828842772988390e-02
7.619047619047618625e-01 6.190476190476190688e-01 -3.557225277065480164e-03 3.485961811850844111e-02 -8.571105798037928145e-03 6.821567657596326953e-03 6.821567657596326953e-03 7.884174270031403531e-02
8.095238095238095344e-01 6.190476190476190688e-01 -4.158131343589633981e-03 3.460180748813745932e-02 -7.129730918970998178e-03 6.460247999395830540e-03 6.460247999395796713e-03 7.819113173970175523e-02
8.571428571428570953e-01 6.190476190476190688e-01 -4.726618585257032212e-03 3.423388552106072791e-02 -4.446651789236677997e-03 4.898858878250048933e-03 4.898858878250072352e-03 7.739538827690853329e-02
9.047619047619047672e-01 6.190476190476190688e-01 -5.260906467013155667e-03 3.372698974422444484e-02 -2.124526025907809163e-03 2.062792575278186123e-03 2.062792575278184822e-03 7.965580499270454029e-02
9.523809523809523281e-01 6.190476190476190688e-01 -5.780595309984844568e-03 3.307542982991546615e-02 1.943272910042865838e-04 -1.182571434348097302e-03 -1.182571434348101639e-03 8.437701498121635835e-02
1.000000000000000000e+00 6.190476190476190688e-01 -6.336418719175214952e-03 3.236219588663278440e-02 1.681409380667288681e-04 -6.559410614827493931e-04 -6.559410614827515616e-04 9.504494183095711646e-02
0.000000000000000000e+00 6.666666666666666297e-01 5.714916006454360056e-03 3.370706441441304740e-02 -9.544210047964372159e-06 3.348141102100513273e-04 3.348141102100513273e-04 9.154238520187796269e-02
4.761904761904761640e-02 6.666666666666666297e-01 5.165006381678948627e-03 3.431215302533227596e-02 2.386699014123103016e-04 1.392471713471638050e-03 1.392471713471638050e-03 8.621129515209768890e-02
9.523809523809523281e-02 6.666666666666666297e-01 4.644574378953115687e-03 3.489853841744103985e-02 -2.217009454997334876e-04 -4.361372399368954544e-04 -4.361372399368953459e-04 8.237139678887213379e-02
1.428571428571428492e-01 6.666666666666666297e-01 4.132667449789322565e-03 3.538888278740395105e-02 -1.083596711639241497e-03 -2.971883166277651186e-03 -2.971883166277651186e-03 7.995298743002951514e-02
1.904761904761904656e-01 6.666666666666666297e-01 3.612634511848115959e-03 3.576453387799104211e-02 -2.469912120669463459e-03 -4.838791835568320536e-03 -4.838791835568320536e-03 7.947565734865640052e-02
2.380952380952380820e-01 6.666666666666666297e-01 3.079158607252331994e-03 3.603681623478573182e-02 -3.281138747328229965e-03 -5.732673521351319516e-03 -5.732673521351320384e-03 7.930140721610901000e-02
2.857142857142856984e-01 6.666666666666666297e-01 2.533337507590237726e-03 3.622603058702479617e-02 -4.060729966239386146e-03 -5.761463657517606855e-03 -5.761463657517606855e-03 7.959199787002330106e-02
3.333333333333333148e-01 6.666666666666666297e-01 1.978215305175026056e-03 3.635243791997874729e-02 -4.433933401768435506e-03 -5.092044695714496860e-03 -5.092044695714495993e-03 7.982445462015239079e-02
3.809523809523809312e-01 6.666666666666666297e-01 1.416716167627423816e-03 3.643288315348475193e-02 -4.707817697225329112e-03 -3.950211002304198846e-03 -3.950211002304198846e-03 8.009730041555403190e-02
4.285714285714285476e-01 6.666666666666666297e-01 8.513036315847658008e-04 3.647982469705240288e-02 -4.836389068908680811e-03 -2.480033086805347609e-03 -2.480033086805346742e-03 8.025643724309855509e-02
4.761904761904761640e-01 6.666666666666666297e-01 2.837716435345811377e-04 3.650150301794289481e-02 -4.883214353614107918e-03 -8.370520738415074746e-04 -8.370520738415048725e-04 8.036102418168479533e-02
5.238095238095238360e-01 6.666666666666666297e-01 -2.843877906766234987e-04 3.650186174831226288e-02 -4.893118057388760531e-03 8.656132413234331278e-04 8.656132413234619676e-04 8.034617179146956445e-02
5.714285714285713969e-01 6.666666666666666297e-01 -8.518285037281248624e-04 3.648097711250990888e-02 -4.826624110366087642e-03 2.513105370660708143e-03 2.513105370661091083e-03 8.026457808464318444e-02
6.190476190476190688e-01 6.666666666666666297e-01 -1.417105191366278176e-03 3.643474536228037686e-02 -4.688038623509279204e-03 3.976047611923095443e-03 3.976047611923096310e-03 8.006515371563098504e-02
6.666666666666666297e-01 6.666666666666666297e-01 -1.978348634385260901e-03 3.635504524332060228e-02 -4.459064300329483935e-03 5.130821421693815103e-03 5.130821421693811633e-03 7.984309441667224172e-02
7.142857142857143016e-01 6.666666666666666297e-01 -2.533232498365739580e-03 3.622929435184427116e-02 -3.971770204739709896e-03 5.785652127840355992e-03 5.785652127840349053e-03 7.952264531937437708e-02
7.619047619047618625e-01 6.666666666666666297e-01 -3.078723686887233080e-03 3.604065646728459721e-02 -3.393485857867750265e-03 5.772607153837321266e-03 5.772607153837317796e-03 7.938134002663856104e-02
8.095238095238095344e-01 6.666666666666666297e-01 -3.611863259183469704e-03 3.576880817605462143e-02 -2.265798684467335965e-03 4.861446390245212183e-03 4.861446390244934627e-03 7.929276608233816470e-02
8.571428571428570953e-01 6.666666666666666297e-01 -4.131719406076313043e-03 3.539319144835461478e-02 -1.295539624556242509e-03 2.979567349707401298e-03 2.979567349707470687e-03 8.024419431337601050e-02
9.047619047619047672e-01 6.666666666666666297e-01 -4.643691262231774627e-03 3.490266641242739665e-02 -6.178951217968400075e-05 4.717542131011305019e-04 4.717542131011534328e-04 8.199749093155879465e-02
9.523809523809523281e-01 6.666666666666666297e-01 -5.164016809350338057e-03 3.431631921670728197e-02 2.299296392940130998e-04 -1.449514182228602921e-03 -1.449514182228602921e-03 8.638984530599064238e-02
1.000000000000000000e+00 6.666666666666666297e-01 -5.714135857983553522e-03 3.371156297626048959e-02 -2.400340018358345571e-05 -3.182588934958380006e-04 -3.182588934958382174e-04 9.145563394451494688e-02
0.000000000000000000e+00 7.142857142857143016e-01 5.166465061613621616e-03 3.501064274806044152e-02 -7.703570432595940919e-05 2.400518313706347117e-04 2.400518313706347388e-04 8.899114825419429664e-02
4.761904761904761640e-02 7.142857142857143016e-01 4.622916976827703278e-03 3.556274788224053629e-02 2.907794037128205679e-04 1.095722623391701470e-03 1.095722623391702337e-03 8.684110188641706862e-02
9.523809523809523281e-02 7.142857142857143016e-01 4.100437504617946566e-03 3.610112831687929680e-02 7.792723779570276703e-04 -3.322744907687043454e-04 -3.322744907687046165e-04 8.435130525095585474e-02
1.428571428571428492e-01 7.142857142857143016e-01 3.597937444632230610e-03 3.656317489850898633e-02 1.044041083820866807e-03 -2.465929402776047708e-03 -2.465929402776045106e-03 8.236401604156962097e-02
1.904761904761904656e-01 7.142857142857143016e-01 3.108934410007015581e-03 3.692612304163785109e-02 1.164520409716405386e-03 -4.273597729746592654e-03 -4.273597729746596990e-03 8.079294022711146217e-02
2.380952380952380820e-01 7.142857142857143016e-01 2.627305384758993247e-03 3.719421336260747557e-02 1.043815351946943398e-03 -5.262172765341368262e-03 -5.262172765341367395e-03 7.993373371715821463e-02
2.857142857142856984e-01 7.142857142857143016e-01 2.149010601425627859e-03 3.738328540220037938e-02 9.803222883371179048e-04 -5.408896006710114945e-03 -5.408896006710114945e-03 7.930003601804534730e-02
3.333333333333333148e-01 7.142857142857143016e-01 1.671802692043728757e-03 3.751101207961189676e-02 8.246225544190025764e-04 -4.867361217929926445e-03 -4.867361217929926445e-03 7.902133869150995693e-02
3.809523809523809312e-01 7.142857142857143016e-01 1.194577794192623610e-03 3.759308957315523475e-02 7.558791157893356844e-04 -3.805432513339200660e-03 -3.805432513339200226e-03 7.882131763706218264e-02
4.285714285714285476e-01 7.142857142857143016e-01 7.169491925107205092e-04 3.764135750436345407e-02 6.679591232517072133e-04 -2.408712556054475821e-03 -2.408712556054475821e-03 7.876173872769098860e-02
4.761904761904761640e-01 7.142857142857143016e-01 2.389566358638684699e-04 3.766372300565443143e-02 6.507165017992029609e-04 -8.146521260387249407e-04 -8.146521260387251575e-04 7.871389706067015435e-02
5.238095238095238360e-01 7.142857142857143016e-01 -2.391460800626767612e-04 3.766404657509436066e-02 6.390173875189774895e-04 8.405835877090476593e-04 8.405835877090561160e-04 7.872528642081907946e-02
5.714285714285713969e-01 7.142857142857143016e-01 -7.170349485729041097e-04 3.764235293430946011e-02 6.930181848012506888e-04 2.432440708223583201e-03 2.432440708223592308e-03 7.873641732886633993e-02
6.190476190476190688e-01 7.142857142857143016e-01 -1.194454961398550572e-03 3.759472417336475608e-02 7.444198942810669123e-04 3.835688807487448726e-03 3.835688807487452195e-03 7.883402704444025799e-02
6.666666666666666297e-01 7.142857142857143016e-01 -1.671383378092753313e-03 3.751332903083712256e-02 8.748455974406847777e-04 4.891597811375795676e-03 4.891597811375780931e-03 7.896975377797917084e-02
7.142857142857143016e-01 7.142857142857143016e-01 -2.148222330014623246e-03 3.738619475470248560e-02 9.563859259143697245e-04 5.443469291763972616e-03 5.443469291763983892e-03 7.933657932452108097e-02
7.619047619047618625e-01 7.142857142857143016e-01 -2.626103697431697755e-03 3.719777803969508828e-02 1.121152358399118585e-03 5.291445397124680018e-03 5.291445397124804918e-03 7.984583077466614331e-02
8.095238095238095344e-01 7.142857142857143016e-01 -3.107374010636477363e-03 3.693009498181415440e-02 1.125077370128416349e-03 4.299927728600800615e-03 4.299927728600718216e-03 8.088428618167753381e-02
8.571428571428570953e-01 7.142857142857143016e-01 -3.596134923299402174e-03 3.656747995373227367e-02 1.102567316431028559e-03 2.507758176110261913e-03 2.507758176111745535e-03 8.225772718821536267e-02
9.047619047619047672e-01 7.142857142857143016e-01 -4.098493901485906685e-03 3.610561074836450557e-02 7.781209585183168935e-04 3.337560766616535276e-04 3.337560766618713438e-04 8.443047418977557561e-02
9.523809523809523281e-01 7.142857142857143016e-01 -4.620924067096228091e-03 3.556662339817159152e-02 2.755998331404679261e-04 -1.049089682883535104e-03 -1.049089682883543777e-03 8.690748948904813975e-02
1.000000000000000000e+00 7.142857142857143016e-01 -5.164011270678671786e-03 3.501315518481980943e-02 -1.786782049907003711e-05 -2.510522841394578200e-04 -2.510522841394598800e-04 8.889371937403625634e-02
0.000000000000000000e+00 7.619047619047618625e-01 4.638807613163032501e-03 3.627989725840372048e-02 -2.894070558360739397e-05 2.330386316865715678e-04 2.330386316865715678e-04 8.700917513345687859e-02
4.761904761904761640e-02 7.619047619047618625e-01 4.100030453262219592e-03 3.681915445820457128e-02 3.792435422968936710e-04 3.392337462786536024e-04 3.392337462786536024e-04 8.766121422303591038e-02
9.523809523809523281e-02 7.619047619047618625e-01 3.576435434786034637e-03 3.732673835207078739e-02 1.713137834470018469e-03 -1.254553228659456869e-03 -1.254553228659453399e-03 8.625404601378551528e-02
1.428571428571428492e-01 7.619047619047618625e-01 3.083234407577319352e-03 3.775382102524884459e-02 3.083005628135158244e-03 -3.274982612732098199e-03 -3.274982612732099067e-03 8.428293221157370785e-02
1.904761904761904656e-01 7.619047619047618625e-01 2.622726296461058964e-03 3.808684328516941803e-02 4.384586805975333561e-03 -4.797051295456007843e-03 -4.797051295456007843e-03 8.216719202776966158e-02
2.380952380952380820e-01 7.619047619047618625e-01 2.189261473886483511e-03 3.833286693052021660e-02 5.189973886022174535e-03 -5.546349310457917084e-03 -5.546349310457918819e-03 8.034522347407045684e-02
2.857142857142856984e-01 7.619047619047618625e-01 1.774826291700971068e-03 3.850695562009951584e-02 5.688318541387492495e-03 -5.532845554554285082e-03 -5.532845554554285082e-03 7.909355321160103924e-02
3.333333333333333148e-01 7.619047619047618625e-01 1.372372065247915102e-03 3.862537116287510786e-02 5.945962850124744854e-03 -4.889843350461053027e-03 -4.889843350461054762e-03 7.813631718311324359e-02
3.809523809523809312e-01 7.619047619047618625e-01 9.768688858230328582e-04 3.870194349930887456e-02 6.024862199544450160e-03 -3.794455762132790434e-03 -3.794455762132797373e-03 7.760700625865039892e-02
4.285714285714285476e-01 7.619047619047618625e-01 5.850107742167348418e-04 3.874729381229920222e-02 6.080083415974596797e-03 -2.387209575193874247e-03 -2.387209575193875982e-03 7.723466609521635606e-02
4.761904761904761640e-01 7.619047619047618625e-01 1.948735619589867798e-04 3.876836476135742809e-02 6.057968096125300808e-03 -8.086371495054955113e-04 -8.086371495054970292e-04 7.711222868537928599e-02
5.238095238095238360e-01 7.619047619047618625e-01 -1.947380315508201074e-04 3.876864294572384545e-02 6.088803081156050900e-03 8.276557461675684369e-04 8.276557461675533665e-04 7.708000159792245676e-02
5.714285714285713969e-01 7.619047619047618625e-01 -5.847563652665096080e-04 3.874810350719418844e-02 6.062342903519595157e-03 2.408933052506091309e-03 2.408933052505930414e-03 7.725952627153087615e-02
6.190476190476190688e-01 7.619047619047618625e-01 -9.763524348199531478e-04 3.870332785888944138e-02 6.065222807622652236e-03 3.813167919717324987e-03 3.813167919717301568e-03 7.755187873180699465e-02
6.666666666666666297e-01 7.619047619047618625e-01 -1.371508065635572296e-03 3.862729917316895523e-02 5.949487739371528243e-03 4.916558287183655888e-03 4.916558287183665429e-03 7.817094880658172207e-02
7.142857142857143016e-01 7.619047619047618625e-01 -1.773462442367214863e-03 3.850951687641037541e-02 5.721371200010359238e-03 5.556031417058036881e-03 5.556031417057772336e-03 7.901282435176897045e-02
7.619047619047618625e-01 7.619047619047618625e-01 -2.187377399184540355e-03 3.833598612314600279e-02 5.239925232149505660e-03 5.578988153072516470e-03 5.578988153073198217e-03 8.039226217450430589e-02
8.095238095238095344e-01 7.619047619047618625e-01 -2.620324298848065482e-03 3.809064660406943914e-02 4.361531127018623138e-03 4.835432652834911749e-03 4.835432652834844094e-03 8.212021589705385816e-02
8.571428571428570953e-01 7.619047619047618625e-01 -3.080385649301782200e-03 3.775809620729477650e-02 3.197274033857360875e-03 3.298845469264834792e-03 3.298845469264778413e-03 8.426214923516844868e-02
9.047619047619047672e-01 7.619047619047618625e-01 -3.573457215380196252e-03 3.733114258973655591e-02 1.623602758255021520e-03 1.300808545694156397e-03 1.300808545693063738e-03 8.642817346070924556e-02
9.523809523809523281e-01 7.619047619047618625e-01 -4.097201533839262694e-03 3.682347841874748784e-02 4.405552677850745232e-04 -3.631242389125652293e-04 -3.631242389125031588e-04 8.744613329407882607e-02
1.000000000000000000e+00 7.619047619047618625e-01 -4.636887820902504086e-03 3.628384955650456462e-02 -1.553550899914919660e-04 -2.249604125294027695e-04 -2.249604125294749231e-04 8.726278108379556531e-02
0.000000000000000000e+00 8.095238095238095344e-01 4.092802561080544424e-03 3.753026074589708994e-02 -2.931262626309444428e-04 2.746057479137238230e-04 2.746057479137237146e-04 8.653632804225006026e-02
4.761904761904761640e-02 8.095238095238095344e-01 3.551777668177070850e-03 3.808820820911219818e-02 7.198836810488739180e-04 -8.819533203068962313e-04 -8.819533203068990503e-04 8.877364245092525530e-02
9.523809523809523281e-02 8.095238095238095344e-01 3.028147441810600388e-03 3.857364539325626451e-02 2.877076601338957474e-03 -3.326358186072984457e-03 -3.326358186072984457e-03 8.862739055295462687e-02
1.428571428571428492e-01 8.095238095238095344e-01 2.552050878002262626e-03 3.895622269487540590e-02 5.851186285404035015e-03 -5.269430658222351051e-03 -5.269430658222351051e-03 8.589339610440639705e-02
1.904761904761904656e-01 8.095238095238095344e-01 2.129398551950787387e-03 3.924260364950809404e-02 7.923130143991671467e-03 -6.307472439662435530e-03 -6.307472439662435530e-03 8.303391351333531956e-02
2.380952380952380820e-01 8.095238095238095344e-01 1.751081919163358092e-03 3.944991714512793846e-02 9.587632604751452486e-03 -6.516519666118937050e-03 -6.516519666118937050e-03 8.053555463815524618e-02
2.857142857142856984e-01 8.095238095238095344e-01 1.404312943125621228e-03 3.959585689692568522e-02 1.047738212341717441e-02 -6.071344447166401349e-03 -6.071344447166401349e-03 7.851418623301527344e-02
3.333333333333333148e-01 8.095238095238095344e-01 1.077923857382218553e-03 3.969527591618980666e-02 1.098316630596190766e-02 -5.158407773303603713e-03 -5.158407773303603713e-03 7.721076714618546610e-02
3.809523809523809312e-01 8.095238095238095344e-01 7.636264957650330809e-04 3.975995181157423314e-02 1.123905811366368405e-02 -3.901942819261986200e-03 -3.901942819261985333e-03 7.623787258637380881e-02
4.285714285714285476e-01 8.095238095238095344e-01 4.560768260157142991e-04 3.979845768565107994e-02 1.130218327122438013e-02 -2.425148854537948883e-03 -2.425148854537948883e-03 7.574881339789538148e-02
4.761904761904761640e-01 8.095238095238095344e-01 1.517939531415120888e-04 3.981643618161057052e-02 1.137117537034569928e-02 -8.175490576774222884e-04 -8.175490576774268421e-04 7.544701688342551893e-02
5.238095238095238360e-01 8.095238095238095344e-01 -1.514694531259317919e-04 3.981663955132542371e-02 1.133482618433314694e-02 8.309933488239575972e-04 8.309933488239763539e-04 7.548932888593160029e-02
5.714285714285713969e-01 8.095238095238095344e-01 -4.556054553012161483e-04 3.979909041917676499e-02 1.134875592713420651e-02 2.437248558511143949e-03 2.437248558511120964e-03 7.568929063673847379e-02
6.190476190476190688e-01 8.095238095238095344e-01 -7.629049675434515119e-04 3.976100757324050466e-02 1.122852796328773460e-02 3.918214909585437077e-03 3.918214909585516006e-03 7.628173657326028922e-02
6.666666666666666297e-01 8.095238095238095344e-01 -1.076743598662758270e-03 3.969681049044138099e-02 1.102019049663266123e-02 5.171411808143102674e-03 5.171411808142788689e-03 7.712075341123272865e-02
7.142857142857143016e-01 8.095238095238095344e-01 -1.402616616928995062e-03 3.959788833395064267e-02 1.053164200025140732e-02 6.094811744843871802e-03 6.094811744843940324e-03 7.856862052793987805e-02
7.619047619047618625e-01 8.095238095238095344e-01 -1.748625919339053415e-03 3.945257672384138575e-02 9.559646792512982091e-03 6.538364843638967347e-03 6.538364843638206671e-03 8.044282201096918106e-02
8.095238095238095344e-01 8.095238095238095344e-01 -2.126140378919772183e-03 3.924594498552284871e-02 8.120551103591232972e-03 6.349604053174755409e-03 6.349604053174059785e-03 8.303986382144815104e-02
8.571428571428570953e-01 8.095238095238095344e-01 -2.548209270714185942e-03 3.896052669888112885e-02 5.659553403258370599e-03 5.323565151449717939e-03 5.323565151449682377e-03 8.602035163082910607e-02
9.047619047619047672e-01 8.095238095238095344e-01 -3.023911811599141845e-03 3.857842908348051159e-02 3.163664824546042614e-03 3.353346280744445591e-03 3.353346280744440387e-03 8.831080824886827774e-02
9.523809523809523281e-01 8.095238095238095344e-01 -3.547340481795159279e-03 3.809259034252597542e-02 6.006354378294875883e-04 9.647331752172649127e-04 9.647331752172446382e-04 8.932556997687644829e-02
1.000000000000000000e+00 8.095238095238095344e-01 -4.087165919928820862e-03 3.753309058231054512e-02 -7.615071375085875774e-05 -2.703269831227821172e-04 -2.703269831227879177e-04 8.612071144140294454e-02
0.000000000000000000e+00 8.571428571428570953e-01 3.478599749972026943e-03 3.877598761459088300e-02 -2.834058179491776019e-04 5.038401807579011337e-04 5.038401807579123010e-04 8.652465788737455366e-02
4.761904761904761640e-02 8.571428571428570953e-01 2.928677705738538979e-03 3.938457726507935130e-02 1.089736766178363812e-03 -3.354567808842291460e-03 -3.354567808842294063e-03 9.256284302170841860e-02
9.523809523809523281e-02 8.571428571428570953e-01 2.412387223870338278e-03 3.984119250680733665e-02 5.896373316957296239e-03 -6.887403773000977739e-03 -6.887403773000980341e-03 9.058960208062363795e-02
1.428571428571428492e-01 8.571428571428570953e-01 1.974231469657732746e-03 4.015943901743561362e-02 9.504605315428876766e-03 -8.406443781576133228e-03 -8.406443781576136698e-03 8.713524829406735228e-02
1.904761904761904656e-01 8.571428571428570953e-01 1.610888468473673906e-03 4.038071121301111538e-02 1.276935977693691854e-02 -8.525292037657110356e-03 -8.525292037657153724e-03 8.323488042887719485e-02
2.380952380952380820e-01 8.571428571428570953e-01 1.303712245051649602e-03 4.053578583097337124e-02 1.447299033465311406e-02 -7.868384898613333886e-03 -7.868384898613333886e-03 7.995589685916221212e-02
2.857142857142856984e-01 8.571428571428570953e-01 1.034122722730058909e-03 4.064395279757036100e-02 1.556263366795041132e-02 -6.825384067009662020e-03 -6.825384067009655949e-03 7.766533654549888366e-02
3.333333333333333148e-01 8.571428571428570953e-01 7.878812335198684142e-04 4.071780908811358651e-02 1.609441009230998601e-02 -5.525298264888175298e-03 -5.525298264888176165e-03 7.588963233190380853e-02
3.809523809523809312e-01 8.571428571428570953e-01 5.555700465809846429e-04 4.076617225424093716e-02 1.629963137086537853e-02 -4.061229435982632342e-03 -4.061229435982630608e-03 7.484959426885126610e-02
4.285714285714285476e-01 8.571428571428570953e-01 3.309071908942753438e-04 4.079518293131648154e-02 1.643153438841092953e-02 -2.479414658389146684e-03 -2.479414658389148419e-03 7.410465547289192545e-02
4.761904761904761640e-01 8.571428571428570953e-01 1.100439931437311299e-04 4.080878774578023532e-02 1.640457390873698712e-02 -8.320249609197571776e-04 -8.320249609197610807e-04 7.384657038015313146e-02
5.238095238095238360e-01 8.571428571428570953e-01 -1.096624689166494823e-04 4.080893042698067325e-02 1.646135948788201436e-02 8.381566299966027945e-04 8.381566299965446812e-04 7.378532069502193036e-02
5.714285714285713969e-01 8.571428571428570953e-01 -3.304080219576585901e-04 4.079561145523478982e-02 1.639128471230268461e-02 2.486525546801411288e-03 2.486525546801418227e-03 7.415834382191648089e-02
6.190476190476190688e-01 8.571428571428570953e-01 -5.547742568476165918e-04 4.076690319189704703e-02 1.635723014525048216e-02 4.065840225738180137e-03 4.065840225738095136e-03 7.476075936227133401e-02
6.666666666666666297e-01 8.571428571428570953e-01 -7.867099816484246760e-04 4.071887091169072714e-02 1.609923812297399046e-02 5.534097262079725951e-03 5.534097262079234157e-03 7.595371231649200583e-02
7.142857142857143016e-01 8.571428571428570953e-01 -1.032268491325050120e-03 4.064539636694240038e-02 1.558518739387801388e-02 6.829621881860595961e-03 6.829621881851875506e-03 7.753937906086476317e-02
7.619047619047618625e-01 8.571428571428570953e-01 -1.301129190822394822e-03 4.053774417516489009e-02 1.460854744258571758e-02 7.889180273237157703e-03 7.889180273242613409e-03 8.002378288348693802e-02
8.095238095238095344e-01 8.571428571428570953e-01 -1.607088199188603768e-03 4.038333767079318321e-02 1.264380945817939611e-02 8.540548271853503487e-03 8.540548271853045520e-03 8.314124951213050507e-02
8.571428571428570953e-01 8.571428571428570953e-01 -1.968919520039420779e-03 4.016318861517211708e-02 9.994434168779471259e-03 8.488372430233292673e-03 8.488372430234357793e-03 8.704343015656038074e-02
9.047619047619047672e-01 8.571428571428570953e-01 -2.406477659755708581e-03 3.984688904720493086e-02 5.382502634913779484e-03 6.987791360402617613e-03 6.987791360402602001e-03 9.125920039989350585e-02
9.523809523809523281e-01 8.571428571428570953e-01 -2.923409041953813764e-03 3.939024168783510083e-02 1.493178160789020506e-03 3.329083800755084244e-03 3.329083800755084244e-03 9.176335547638175827e-02
1.000000000000000000e+00 8.571428571428570953e-01 -3.475812729448418768e-03 3.878040077850108264e-02 -7.687439043363172115e-04 -3.944166785384875767e-04 -3.944166785384919677e-04 8.771645890959021974e-02
0.000000000000000000e+00 9.047619047619047672e-01 2.747510141093515660e-03 4.004427672560472579e-02 -2.934094557372284983e-03 1.950085886524882423e-03 1.950085886524881990e-03 9.009026373048160952e-02
4.761904761904761640e-02 9.047619047619047672e-01 2.166372492047011818e-03 4.073435546891908399e-02 4.908277620987478405e-03 -8.792332437131194015e-03 -8.792332437131194015e-03 9.670284067288582863e-02
9.523809523809523281e-02 9.047619047619047672e-01 1.688745512130828807e-03 4.111894408163039444e-02 1.053311789055461078e-02 -1.239812273629025893e-02 -1.239812273629026414e-02 9.290026081283821180e-02
1.428571428571428492e-01 9.047619047619047672e-01 1.332946607133074935e-03 4.133971853450443129e-02 1.625062884638177330e-02 -1.225419195504479433e-02 -1.225419195504479954e-02 8.707427832626331299e-02
1.904761904761904656e-01 9.047619047619047672e-01 1.064003161626604025e-03 4.148003500629213885e-02 1.872715222430801352e-02 -1.077890319487332868e-02 -1.077890319487334429e-02 8.216333822514824969e-02
2.380952380952380820e-01 9.047619047619047672e-01 8.494080365898037336e-04 4.157594748172703525e-02 2.022623559534087942e-02 -9.124431057194050398e-03 -9.124431057194050398e-03 7.879503759777603533e-02
2.857142857142856984e-01 9.047619047619047672e-01 6.676411280058874246e-04 4.164273247937444467e-02 2.091142089737797749e-02 -7.447588698934826459e-03 -7.447588698934826459e-03 7.612596827205728167e-02
3.333333333333333148e-01 9.047619047619047672e-01 5.057778005635646650e-04 4.168880947365608686e-02 2.115301819552653506e-02 -5.800036327325681050e-03 -5.800036327325681050e-03 7.445704569730567102e-02
3.809523809523809312e-01 9.047619047619047672e-01 3.553559868843358775e-04 4.171931638726698172e-02 2.128903435029332741e-02 -4.151577394468863869e-03 -4.151577394468863869e-03 7.317641306931089995e-02
4.285714285714285476e-01 9.047619047619047672e-01 2.112540626091461598e-04 4.173783085150964411e-02 2.121740664953453148e-02 -2.497842311279487113e-03 -2.497842311279487113e-03 7.252854907853142907e-02
4.761904761904761640e-01 9.047619047619047672e-01 7.020425703840636820e-05 4.174656370450298415e-02 2.127014494829311889e-02 -8.333920038983899312e-04 -8.333920038983913406e-04 7.211478855566737234e-02
5.238095238095238360e-01 9.047619047619047672e-01 -6.990238761673019921e-05 4.174664958936754461e-02 2.120133971373530657e-02 8.343459340964962329e-04 8.343459340964899445e-04 7.217883587207205021e-02
5.714285714285713969e-01 9.047619047619047672e-01 -2.108383264241219478e-04 4.173806629579886879e-02 2.129415476173379673e-02 2.497241730245732677e-03 2.497241730245812474e-03 7.244711881941562348e-02
6.190476190476190688e-01 9.047619047619047672e-01 -3.547405833626545509e-04 4.171974039018735980e-02 2.123789144085361236e-02 4.151266417513769895e-03 4.151266417513769895e-03 7.324488059721806499e-02
6.666666666666666297e-01 9.047619047619047672e-01 -5.047727086898562681e-04 4.168939368823366270e-02 2.122697602118617938e-02 5.794297445697079406e-03 5.794297445701108301e-03 7.433688454274831048e-02
7.142857142857143016e-01 9.047619047619047672e-01 -6.661685080123640234e-04 4.164357736868790072e-02 2.091597115724705760e-02 7.445547873420812514e-03 7.445547873428914540e-03 7.621674784824450377e-02
7.619047619047618625e-01 9.047619047619047672e-01 -8.470436674069912325e-04 4.157702565887558266e-02 2.025374293681314261e-02 9.109271339915554419e-03 9.109271339919393362e-03 7.861539538826754769e-02
8.095238095238095344e-01 9.047619047619047672e-01 -1.060702215808788981e-03 4.148166912531855294e-02 1.893966132695117099e-02 1.079473005835946200e-02 1.079473005836055141e-02 8.228403389790968359e-02
8.571428571428570953e-01 9.047619047619047672e-01 -1.327360256011528251e-03 4.134184541705628740e-02 1.600845683446217721e-02 1.224373960980442572e-02 1.224373960980444133e-02 8.687812103181895285e-02
9.047619047619047672e-01 9.047619047619047672e-01 -1.679417326578485931e-03 4.112386601730570745e-02 1.188482256153340806e-02 1.263050316430338813e-02 1.263050316430339159e-02 9.277074294267248500e-02
9.523809523809523281e-01 9.047619047619047672e-01 -2.156566594873876672e-03 4.074176600692438338e-02 3.179772297356544750e-03 8.955914768009491655e-03 8.955914768009491655e-03 9.963457211303537731e-02
1.000000000000000000e+00 9.047619047619047672e-01 -2.728256411650123794e-03 4.005451733551929766e-02 -1.556058485065742267e-03 -9.387250107785837091e-04 -9.387250107785836007e-04 9.006717334083734483e-02
0.000000000000000000e+00 9.523809523809523281e-01 1.741850952605634648e-03 4.144171405221980242e-02 6.851837162262795810e-04 2.321033468609695009e-03 2.321033468609697177e-03 9.469386702044574333e-02
4.761904761904761640e-02 9.523809523809523281e-01 1.172943536678232096e-03 4.214817375447242609e-02 1.218088729744220070e-02 -2.007929085686342360e-02 -2.007929085686342360e-02 1.044240824316620408e-01
9.523809523809523281e-02 9.523809523809523281e-01 8.447476467675483396e-04 4.235877213934537144e-02 2.243340188568883689e-02 -1.867028926190786309e-02 -1.867028926190785962e-02 9.293190112654266255e-02
1.428571428571428492e-01 9.523809523809523281e-01 6.476634830669427117e-04 4.245607499814086500e-02 2.528926993061376277e-02 -1.505937719413061142e-02 -1.505937719413060621e-02 8.465582122932627240e-02
1.904761904761904656e-01 9.523809523809523281e-01 5.112395926179647129e-04 4.251474756588029258e-02 2.605247621304627656e-02 -1.205206940881414605e-02 -1.205206940881412871e-02 8.016181958729982904e-02
2.380952380952380820e-01 9.523809523809523281e-01 4.049470989943577525e-04 4.255579006165722405e-02 2.636660214240810207e-02 -9.668183509228749778e-03 -9.668183509228749778e-03 7.667931064709651579e-02
2.857142857142856984e-01 9.523809523809523281e-01 3.170067651704542265e-04 4.258476224941390442e-02 2.618937404956543299e-02 -7.609734015552355353e-03 -7.609734015552355353e-03 7.443393415634447230e-02
3.333333333333333148e-01 9.523809523809523281e-01 2.394859980683787320e-04 4.260535847194708153e-02 2.612640140084102752e-02 -5.790145170916079047e-03 -5.790145170916079047e-03 7.264578703399597603e-02
3.809523809523809312e-01 9.523809523809523281e-01 1.680820262226636155e-04 4.261916505651835302e-02 2.583378350612995644e-02 -4.075845433617530586e-03 -4.075845433617529719e-03 7.158963208373909926e-02
4.285714285714285476e-01 9.523809523809523281e-01 9.985462379477491818e-05 4.262776810151893553e-02 2.578338931252553354e-02 -2.429849647652055668e-03 -2.429849647652053933e-03 7.080635365903291401e-02
4.761904761904761640e-01 9.523809523809523281e-01 3.318389816185035124e-05 4.263179701161690094e-02 2.560658396716072871e-02 -8.076468307680628213e-04 -8.076468307680645560e-04 7.053673871913231086e-02
5.238095238095238360e-01 9.523809523809523281e-01 -3.302960214977119190e-05 4.263187459199622303e-02 2.570165257572323836e-02 8.053935351032168958e-04 8.053935351032011749e-04 7.046817950357880944e-02
5.714285714285713969e-01 9.523809523809523281e-01 -9.965321467597818234e-05 4.262781014878655461e-02 2.568960813873866211e-02 2.424202834313496195e-03 2.424202834313428541e-03 7.087012275806071904e-02
6.190476190476190688e-01 9.523809523809523281e-01 -1.677241183765921476e-04 4.261937963913701305e-02 2.594197804607307339e-02 4.072518094019273935e-03 4.072518094018501983e-03 7.149675655993528722e-02
6.666666666666666297e-01 9.523809523809523281e-01 -2.389866152194505301e-04 4.260550908331810216e-02 2.602891923972849506e-02 5.772667649982592478e-03 5.772667649980960970e-03 7.272336945245172490e-02
7.142857142857143016e-01 9.523809523809523281e-01 -3.160746671394374535e-04 4.258515400428502379e-02 2.631853945327605401e-02 7.603661185179179556e-03 7.603661185164912323e-03 7.429675764890804335e-02
7.619047619047618625e-01 9.523809523809523281e-01 -4.037637541787921880e-04 4.255603073427332433e-02 2.628233304801913528e-02 9.623286771869866627e-03 9.623286771875072532e-03 7.679392577212892923e-02
8.095238095238095344e-01 9.523809523809523281e-01 -5.089316852722318733e-04 4.251551132950934925e-02 2.620054445111544977e-02 1.205255411845474085e-02 1.205255411845455697e-02 7.991905663930028159e-02
8.571428571428570953e-01 9.523809523809523281e-01 -6.453657957646691777e-04 4.245603448677357644e-02 2.527440360799591834e-02 1.497294198327705182e-02 1.497294198327705182e-02 8.492146705699474274e-02
9.047619047619047672e-01 9.523809523809523281e-01 -8.364176481336375781e-04 4.236057906561209452e-02 2.274105637687286532e-02 1.889084759183877818e-02 1.889084759183877818e-02 9.168854761359944427e-02
9.523809523809523281e-01 9.523809523809523281e-01 -1.154600921378939925e-03 4.215528747882722749e-02 1.475738339751980766e-02 2.056648327768987108e-02 2.056648327768986761e-02 1.022108996213599713e-01
1.000000000000000000e+00 9.523809523809523281e-01 -1.748228335224049149e-03 4.143292127482000459e-02 -8.710223905997698315e-03 1.589140881713942046e-03 1.589140881713945299e-03 1.130017861577037319e-01
0.000000000000000000e+00 1.000000000000000000e+00 -1.010576494664011999e-20 4.346799999999999969e-02 4.585456004996096846e-02 -4.346944220445653206e-02 -4.346944220445653206e-02 1.712295222395388006e-01
4.761904761904761640e-02 1.000000000000000000e+00 -1.534620839515387234e-20 4.346799999999999969e-02 3.913806295296547166e-02 -2.721518422127637560e-02 -2.721518422127637213e-02 1.052329181594512247e-01
9.523809523809523281e-02 1.000000000000000000e+00 1.796734415287178407e-15 4.346799999999999969e-02 3.625821737926548244e-02 -1.824979544991527439e-02 -1.824979544991525357e-02 8.598499784750866792e-02
1.428571428571428492e-01 1.000000000000000000e+00 -1.337819767141985322e-20 4.346799999999999969e-02 3.468849946055952566e-02 -1.463993054674039319e-02 -1.463993054674039319e-02 8.114990614628823928e-02
1.904761904761904656e-01 1.000000000000000000e+00 1.506579745893687744e-20 4.346799999999999969e-02 3.316355486942771519e-02 -1.144896752338001381e-02 -1.144896752338001207e-02 7.714700707500828092e-02
2.380952380952380820e-01 1.000000000000000000e+00 -8.585363455798822495e-21 4.346799999999999969e-02 3.196998913068534870e-02 -9.158834903194041505e-03 -9.158834903194041505e-03 7.457837939244793546e-02
2.857142857142856984e-01 1.000000000000000000e+00 2.876120953991486021e-20 4.346799999999999969e-02 3.112155632682006914e-02 -7.129633843349593089e-03 -7.129633843349593089e-03 7.239165419182549965e-02
3.333333333333333148e-01 1.000000000000000000e+00 -7.129746536841770906e-21 4.346799999999999969e-02 3.044140112848550683e-02 -5.417429999147667027e-03 -5.417429999147667027e-03 7.101005160675630257e-02
3.809523809523809312e-01 1.000000000000000000e+00 5.039595304772658712e-16 4.346799999999999969e-02 3.002510579371817437e-02 -3.793500826754170763e-03 -3.793500826754171197e-03 6.986775395065712713e-02
4.285714285714285476e-01 1.000000000000000000e+00 -1.295599672440836948e-20 4.346800000000000663e-02 2.970651864674800705e-02 -2.261921149126132954e-03 -2.261921149126162878e-03 6.929884987899305460e-02
4.761904761904761640e-01 1.000000000000000000e+00 -2.485972990842590811e-16 4.346799999999999276e-02 2.960259868998517396e-02 -7.503934139134068280e-04 -7.503934139134087796e-04 6.890004484667462681e-02
5.238095238095238360e-01 1.000000000000000000e+00 2.693441198427886896e-21 4.346799999999999969e-02 2.956828388029372062e-02 7.486466264777539518e-04 7.486466264777490729e-04 6.897704997137427130e-02
5.714285714285713969e-01 1.000000000000000000e+00 -7.597002736171025843e-15 4.346799999999999969e-02 2.973839808983195013e-02 2.252452887681554838e-03 2.252452887681500194e-03 6.921026182295207663e-02
6.190476190476190688e-01 1.000000000000000000e+00 6.496849108211958785e-21 4.346799999999999969e-02 2.998734634001942387e-02 3.796201985155815781e-03 3.796201985155105846e-03 6.995256718752629332e-02
6.666666666666666297e-01 1.000000000000000000e+00 -6.967211082417442940e-21 4.346799999999999969e-02 3.047159383859951443e-02 5.383606692685850501e-03 5.383606692682189367e-03 7.089261600770019323e-02
7.142857142857143016e-01 1.000000000000000000e+00 1.090158173381282378e-20 4.346799999999999969e-02 3.108218374526252464e-02 7.145307870244158033e-03 7.145307870242656630e-03 7.250314805494366410e-02
7.619047619047618625e-01 1.000000000000000000e+00 3.302933784468325420e-16 4.346799999999999969e-02 3.199618398208806808e-02 9.065347125644881293e-03 9.065347125643085854e-03 7.440948840824665456e-02
8.095238095238095344e-01 1.000000000000000000e+00 1.713818210106557441e-20 4.346799999999999969e-02 3.314007576743809025e-02 1.151696548925966110e-02 1.151696548925919966e-02 7.733653066333555370e-02
8.571428571428570953e-01 1.000000000000000000e+00 4.164530157774992296e-16 4.346799999999999969e-02 3.466315608867611558e-02 1.447493823215514029e-02 1.447493823215510733e-02 8.075258216741579287e-02
9.047619047619047672e-01 1.000000000000000000e+00 2.914344337017920293e-20 4.346799999999999969e-02 3.678752033038721475e-02 1.920060848780923493e-02 1.920060848780923840e-02 8.692781115958014837e-02
9.523809523809523281e-01 1.000000000000000000e+00 -3.217287824188626511e-20 4.346799999999999969e-02 3.987261900647157825e-02 2.800276119121123536e-02 2.800276119121123536e-02 9.634070135578085003e-02
1.000000000000000000e+00 1.000000000000000000e+00 7.997939504371233118e-20 4.346799999999999969e-02 9.386343502129659844e-02 5.989412240582348002e-02 5.989412240582348002e-02 2.014466983677179468e-01
