0.000000000000000000e+00 0.000000000000000000e+00 -1.339743994166606334e-19 -1.128476338060337204e-19 6.071908236740678616e-02 3.379299015808685108e-02 3.379299015808686496e-02 1.034350140145873925e-01
4.761904761904761640e-02 0.000000000000000000e+00 -1.038391742388162547e-17 -9.854556553531822764e-20 2.096268019962290938e-02 1.704944017663907047e-02 1.704944017663913639e-02 4.018179582871363870e-02
9.523809523809523281e-02 0.000000000000000000e+00 -8.234798732989493322e-20 -5.569309328479214814e-20 2.003019429660331599e-02 1.289472202708150626e-02 1.289472202708150106e-02 3.773706021421831258e-02
1.428571428571428492e-01 0.000000000000000000e+00 -7.994404747570532487e-20 -6.625444879785980695e-20 1.982272665731347333e-02 1.069590395485785390e-02 1.069590395485786258e-02 3.668389275908377073e-02
1.904761904761904656e-01 0.000000000000000000e+00 -5.482232708430823358e-20 -4.841060573275290003e-20 1.996651649063138287e-02 9.054530749358302710e-03 9.054530749358300976e-03 3.708517620778654239e-02
2.380952380952380820e-01 0.000000000000000000e+00 -5.486532581331312007e-20 -6.536938151842643281e-20 2.023382949345732193e-02 7.506489281463781839e-03 7.506489281463783574e-03 3.756798589070454303e-02
2.857142857142856984e-01 0.000000000000000000e+00 -3.773879254762953643e-20 -4.901761067041324489e-20 2.053768486026485290e-02 6.068226355501851396e-03 6.068226355501852264e-03 3.814250957547279941e-02
3.333333333333333148e-01 0.000000000000000000e+00 -3.639108001462681778e-20 -4.911047527074597946e-20 2.080333865614361274e-02 4.656085758932392536e-03 4.656085758932392536e-03 3.869844525163636945e-02
3.809523809523809312e-01 0.000000000000000000e+00 -2.289281817353380045e-20 -5.019655022694593410e-20 2.104111077048366821e-02 3.300966178787428668e-03 3.300966178787428668e-03 3.908225685304970304e-02
4.285714285714285476e-01 0.000000000000000000e+00 -1.229806916833676401e-20 -7.913398656922650042e-20 2.117848790277348722e-02 1.962325464237169546e-03 1.962325464237169546e-03 3.941616221363704320e-02
4.761904761904761640e-01 0.000000000000000000e+00 -9.049355345637968865e-21 -5.094458835738906324e-20 2.127506548573551703e-02 6.487065081142921567e-04 6.487065081142922652e-04 3.951808244852714203e-02
5.238095238095238360e-01 0.000000000000000000e+00 -7.898061057923173301e-21 -5.095728206899426043e-20 2.125656114709402467e-02 -6.614987691344374017e-04 -6.614987691344374017e-04 3.956403234844350914e-02
5.714285714285713969e-01 0.000000000000000000e+00 4.419219384524869685e-21 -5.107344175368526517e-20 2.119596811342348841e-02 -1.980913004405632487e-03 -1.980913004405632921e-03 3.937080341417498880e-02
6.190476190476190688e-01 0.000000000000000000e+00 5.546291296745971654e-21 -5.102867556194411823e-20 2.102439870516584902e-02 -3.311346756457908200e-03 -3.311346756457908200e-03 3.912328732848217860e-02
6.666666666666666297e-01 0.000000000000000000e+00 2.415009448333165411e-20 -5.009950329048128771e-20 2.081603219041174360e-02 -4.684606534351928170e-03 -4.684606534351927302e-03 3.866248145572382527e-02
7.142857142857143016e-01 0.000000000000000000e+00 3.949261544465998045e-20 -6.641718595688704293e-20 2.052845211975860146e-02 -6.079993002959666049e-03 -6.079993002959666049e-03 3.816235653538140038e-02
7.619047619047618625e-01 0.000000000000000000e+00 3.267396596308102696e-20 -4.953044139693000248e-20 2.023385030539972401e-02 -7.554604434149003560e-03 -7.554604434149003560e-03 3.757554653607853706e-02
8.095238095238095344e-01 0.000000000000000000e+00 6.069002830591300739e-20 -6.511986143725084207e-20 1.996995095123422354e-02 -9.058062098436549248e-03 -9.058062098436549248e-03 3.701619608177567772e-02
8.571428571428570953e-01 0.000000000000000000e+00 4.909489269003917981e-20 -4.865057199910848538e-20 1.983171527538800730e-02 -1.075870846779858336e-02 -1.075870846779858336e-02 3.691293067387523691e-02
9.047619047619047672e-01 0.000000000000000000e+00 8.856046621162938444e-20 -6.777150735854092521e-20 1.973976499809777449e-02 -1.239199552583312817e-02 -1.239199552583312817e-02 3.702771249535434517e-02
9.523809523809523281e-01 0.000000000000000000e+00 6.948070288621696193e-20 -5.263684413128919207e-20 2.084463782952867411e-02 -1.660556609402067535e-02 -1.660556609402067535e-02 4.592416257951689729e-02
1.000000000000000000e+00 0.000000000000000000e+00 6.394702980460418702e-20 -4.229789087263815721e-20 2.763175237860965652e-02 -2.474114459975724697e-02 -2.474114459975724697e-02 8.347836468613482885e-02
0.000000000000000000e+00 4.761904761904761640e-02 3.039470045666667342e-03 2.672148591775147172e-03 -5.029681335099159614e-03 1.454985180246521270e-03 1.454985180246525173e-03 4.831166136693591101e-02
4.761904761904761640e-02 4.761904761904761640e-02 2.131729803358603341e-03 1.501541393298576115e-03 8.197828511030388898e-03 1.304311566783028509e-02 1.304311566783028682e-02 4.354264201824199071e-02
9.523809523809523281e-02 4.761904761904761640e-02 1.658390804524029465e-03 1.251823547199751004e-03 1.310484499007917754e-02 1.243561644662482049e-02 1.243561644662482396e-02 4.000080960511475520e-02
1.428571428571428492e-01 4.761904761904761640e-02 1.366365181173637535e-03 1.190789676314919689e-03 1.476320433454407846e-02 1.034962794949804803e-02 1.034962794949792486e-02 3.891774319838825491e-02
1.904761904761904656e-01 4.761904761904761640e-02 1.135338230237507070e-03 1.180681140785532369e-03 1.575813142033490044e-02 8.653651808946465421e-03 8.653651808946461951e-03 3.867788063660577286e-02
2.380952380952380820e-01 4.761904761904761640e-02 9.341897158319461105e-04 1.188892332540723894e-03 1.644629250687107413e-02 7.099672135686902266e-03 7.099672135686893593e-03 3.907916050301563776e-02
2.857142857142856984e-01 4.761904761904761640e-02 7.486180398334584115e-04 1.201676706306917730e-03 1.697129276237755932e-02 5.686614471449690476e-03 5.686614471449693946e-03 3.957163631758812972e-02
3.333333333333333148e-01 4.761904761904761640e-02 5.732214137990218009e-04 1.214358043548844886e-03 1.746196969007368649e-02 4.344758238313606476e-03 4.344758238313606476e-03 4.001965820400638085e-02
3.809523809523809312e-01 4.761904761904761640e-02 4.045920278887454088e-04 1.224902647893568591e-03 1.774319497365049389e-02 3.065650757071963339e-03 3.065650757071962905e-03 4.042767708578907937e-02
4.285714285714285476e-01 4.761904761904761640e-02 2.406361414246861892e-04 1.232103991774216806e-03 1.803252213368685200e-02 1.820858120584222797e-03 1.820858120584222797e-03 4.065992223683803641e-02
4.761904761904761640e-01 4.761904761904761640e-02 7.933730091130523486e-05 1.235915294594326337e-03 1.808219965981477939e-02 6.006359575759195706e-04 6.006359575759195706e-04 4.082670399328498789e-02
5.238095238095238360e-01 4.761904761904761640e-02 -8.108956670490699591e-05 1.235836163123221016e-03 1.814629125032459975e-02 -6.131366668846028982e-04 -6.131366668846259917e-04 4.079386113643219264e-02
5.714285714285713969e-01 4.761904761904761640e-02 -2.424622547713973760e-04 1.232241898490569511e-03 1.796554830794912933e-02 -1.835554849628834827e-03 -1.835554849628836561e-03 4.069297001853402346e-02
6.190476190476190688e-01 4.761904761904761640e-02 -4.066802538976460471e-04 1.224909111517916366e-03 1.779741667511010317e-02 -3.078664555837408705e-03 -3.078664555837409139e-03 4.039902886825638001e-02
6.666666666666666297e-01 4.761904761904761640e-02 -5.755977298668214521e-04 1.214573270437904751e-03 1.739940400252996955e-02 -4.365048600684384023e-03 -4.365048600684384023e-03 4.004755563526167517e-02
7.142857142857143016e-01 4.761904761904761640e-02 -7.516712152963695793e-04 1.201907132832062946e-03 1.699632647596310830e-02 -5.702968427072236182e-03 -5.702968427072236182e-03 3.956172373824781013e-02
7.619047619047618625e-01 4.761904761904761640e-02 -9.379636762945802245e-04 1.189177658151570165e-03 1.640597602437244423e-02 -7.133315863207190070e-03 -7.133315863207191805e-03 3.907769836026581123e-02
8.095238095238095344e-01 4.761904761904761640e-02 -1.140870317113644363e-03 1.181681431700780990e-03 1.570715784464334769e-02 -8.669468078275739675e-03 -8.669468078275741410e-03 3.875428317448511434e-02
8.571428571428570953e-01 4.761904761904761640e-02 -1.372470080183902036e-03 1.190290049075378841e-03 1.478804736005804796e-02 -1.041552570873383390e-02 -1.041552570873383390e-02 3.877440614572858629e-02
9.047619047619047672e-01 4.761904761904761640e-02 -1.676837422081558539e-03 1.255520146885845921e-03 1.277198091650495228e-02 -1.230938644246023020e-02 -1.230938644246023020e-02 4.085795164816309610e-02
9.523809523809523281e-01 4.761904761904761640e-02 -2.167939724817271544e-03 1.514557304236143149e-03 7.007266298485062030e-03 -1.280181205276910081e-02 -1.280181205276910081e-02 4.474312044134670652e-02
1.000000000000000000e+00 4.761904761904761640e-02 -3.034543184292936169e-03 2.667103039495151168e-03 2.407172559041785640e-04 1.228067030048221294e-03 1.228067030048225631e-03 3.747458872489119186e-02
0.000000000000000000e+00 9.523809523809523281e-02 4.716719984798047223e-03 4.231956019039488995e-03 -9.789721948315057917e-04 -3.999818867486822321e-04 -3.999818867486793590e-04 3.314241826548272596e-02
4.761904761904761640e-02 9.523809523809523281e-02 3.903376131689632357e-03 3.178403860466499486e-03 2.011082857971562693e-03 6.346327711035341414e-03 6.346327711035353557e-03 4.147546045085320765e-02
9.523809523809523281e-02 9.523809523809523281e-02 3.187158998542116012e-03 2.728396928671317050e-03 7.048116373430096844e-03 8.773340916183265670e-03 8.773340916183250057e-03 4.049465242772767870e-02
1.428571428571428492e-01 9.523809523809523281e-02 2.632001057015002227e-03 2.568422322339415469e-03 9.564779304464849849e-03 8.521732589281332676e-03 8.521732589281327472e-03 4.008730533956382514e-02
1.904761904761904656e-01 9.523809523809523281e-02 2.178376952146601677e-03 2.522780778199013550e-03 1.158867805269857276e-02 7.497017023980323720e-03 7.497017023980323720e-03 4.014675998395998702e-02
2.380952380952380820e-01 9.523809523809523281e-02 1.782774776970058378e-03 2.522303679750740549e-03 1.273989317432089839e-02 6.274143025440418256e-03 6.274143025440434736e-03 4.044298265295910577e-02
2.857142857142856984e-01 9.523809523809523281e-02 1.423042375145433178e-03 2.537427896985841591e-03 1.372311053467965489e-02 5.051486248300825210e-03 5.051486248300835619e-03 4.085570892161975026e-02
3.333333333333333148e-01 9.523809523809523281e-02 1.086345088971818473e-03 2.555782583951949662e-03 1.432235653974916860e-02 3.865850438747508479e-03 3.865850438747509346e-03 4.128748458996946841e-02
3.809523809523809312e-01 9.523809523809523281e-02 7.653287240070184155e-04 2.571885501559706411e-03 1.487989069635621900e-02 2.725160264231534131e-03 2.725160264231526758e-03 4.159234126265125286e-02
4.285714285714285476e-01 9.523809523809523281e-02 4.546135010218445424e-04 2.583417309732047914e-03 1.512493600442715337e-02 1.618358451001145363e-03 1.618358451001144930e-03 4.185906267126070224e-02
4.761904761904761640e-01 9.523809523809523281e-02 1.498129627991142603e-04 2.589368375634237135e-03 1.535392428935077914e-02 5.338034786278419075e-04 5.338034786278419075e-04 4.194349196495581605e-02
5.238095238095238360e-01 9.523809523809523281e-02 -1.531046244549465630e-04 2.589439900137696822e-03 1.527955927805863499e-02 -5.436623615858317922e-04 -5.436623615858317922e-04 4.197899981530354291e-02
5.714285714285713969e-01 9.523809523809523281e-02 -4.580799147069918075e-04 2.583604110937678944e-03 1.519177076218841682e-02 -1.628855332861707614e-03 -1.628855332861706530e-03 4.182620702152589631e-02
6.190476190476190688e-01 9.523809523809523281e-02 -7.691630046785764363e-04 2.572259982570680985e-03 1.479740369169280784e-02 -2.735495958788051237e-03 -2.735495958788051237e-03 4.162760772827694966e-02
6.666666666666666297e-01 9.523809523809523281e-02 -1.090818450544796476e-03 2.556373278727508760e-03 1.437861340309325511e-02 -3.878068490735107638e-03 -3.878068490735106337e-03 4.126410361101606750e-02
7.142857142857143016e-01 9.523809523809523281e-02 -1.428418146013126161e-03 2.538386441816149752e-03 1.362412467893360339e-02 -5.062684142850013523e-03 -5.062684142850013523e-03 4.088142255349998949e-02
7.619047619047618625e-01 9.523809523809523281e-02 -1.789792759013116583e-03 2.523783296988366554e-03 1.278549214790427116e-02 -6.288990679600947944e-03 -6.288990679600947944e-03 4.045596304065665616e-02
8.095238095238095344e-01 9.523809523809523281e-02 -2.187254964872925936e-03 2.525322038476743042e-03 1.141038750399719394e-02 -7.498194191184476796e-03 -7.498194191184476796e-03 4.013002468441574655e-02
8.571428571428570953e-01 9.523809523809523281e-02 -2.645686746051075476e-03 2.572302736945812369e-03 9.691196187281508889e-03 -8.526993987131154668e-03 -8.526993987131159872e-03 4.017308278572934849e-02
9.047619047619047672e-01 9.523809523809523281e-02 -3.208303768366778212e-03 2.738362080093698862e-03 6.229282470828125667e-03 -8.638602008412415295e-03 -8.638602008412415295e-03 4.050144614510021307e-02
9.523809523809523281e-01 9.523809523809523281e-02 -3.924796016358356870e-03 3.194904135368164307e-03 2.957920358231656745e-03 -6.259445974988792592e-03 -6.259445974988793460e-03 3.977070715662837930e-02
1.000000000000000000e+00 9.523809523809523281e-02 -4.757449402501882051e-03 4.256052680816088153e-03 -1.845704698128797921e-03 1.090265452855958880e-03 1.090265452855992707e-03 3.313534263488609327e-02
0.000000000000000000e+00 1.428571428571428492e-01 5.884102052297278916e-03 5.542274052755516781e-03 -4.763360606535993317e-04 -1.792765759656288107e-04 -1.792765759656261273e-04 3.031732211430753290e-02
4.761904761904761640e-02 1.428571428571428492e-01 5.138306607675681079e-03 4.745083939527405294e-03 9.060977060868018965e-04 3.012561876588051683e-03 3.012561876588158803e-03 3.630830546323091101e-02
9.523809523809523281e-02 1.428571428571428492e-01 4.371011648042114929e-03 4.286657689697350587e-03 3.262187765076094217e-03 5.408031303821531077e-03 5.408031303821526740e-03 3.956370537831795792e-02
1.428571428571428492e-01 1.428571428571428492e-01 3.674052982497340563e-03 4.076921781488949785e-03 6.168049820983872999e-03 6.117308317537108707e-03 6.117308317537105238e-03 4.034394999563680612e-02
1.904761904761904656e-01 1.428571428571428492e-01 3.057759332340888054e-03 3.998813829141182295e-03 8.019287672541603948e-03 5.798559160203191863e-03 5.798559160203191863e-03 4.101373547111040324e-02
2.380952380952380820e-01 1.428571428571428492e-01 2.504563574310972492e-03 3.982714311704757537e-03 9.737582564404023353e-03 5.055575588414618765e-03 5.055575588414618765e-03 4.147227178710747447e-02
2.857142857142856984e-01 1.428571428571428492e-01 1.997144359119748872e-03 3.992268652144091538e-03 1.079852672233629941e-02 4.145891818097535535e-03 4.145891818097537269e-03 4.195615629404483155e-02
3.333333333333333148e-01 1.428571428571428492e-01 1.522775237771377540e-03 4.009664566388741920e-03 1.177272394505604787e-02 3.203704800986751679e-03 3.203704800986751679e-03 4.231388615779088647e-02
3.809523809523809312e-01 1.428571428571428492e-01 1.071617836583701805e-03 4.026590010328539269e-03 1.230917756000512314e-02 2.267126551709265896e-03 2.267126551709265896e-03 4.265416130269562150e-02
4.285714285714285476e-01 1.428571428571428492e-01 6.361054210455945306e-04 4.039182475931843951e-03 1.279992960027052755e-02 1.349517290760269975e-03 1.349517290760269975e-03 4.282942703780058535e-02
4.761904761904761640e-01 1.428571428571428492e-01 2.095733439194147373e-04 4.045855297913776225e-03 1.291530616733382701e-02 4.460621093387668809e-04 4.460621093387665556e-04 4.297060734737245813e-02
5.238095238095238360e-01 1.428571428571428492e-01 -2.140713384544524567e-04 4.045971388078538691e-03 1.299570769891358543e-02 -4.519127902459645378e-04 -4.519127902459647546e-04 4.293625780104579764e-02
5.714285714285713969e-01 1.428571428571428492e-01 -6.408039950229076119e-04 4.039599006232274733e-03 1.270905435998935691e-02 -1.354975458072346997e-03 -1.354975458072346780e-03 4.286571597189846317e-02
6.190476190476190688e-01 1.428571428571428492e-01 -1.076783331797625393e-03 4.027316261792366833e-03 1.238402647857554141e-02 -2.272665492763972957e-03 -2.272665492763972523e-03 4.262266018448666177e-02
6.666666666666666297e-01 1.428571428571428492e-01 -1.528610407689930768e-03 4.010864515774813753e-03 1.166073208100879173e-02 -3.206966494424836039e-03 -3.206966494424836039e-03 4.235134445144047438e-02
7.142857142857143016e-01 1.428571428571428492e-01 -2.004132335146346054e-03 3.994083192469300748e-03 1.087591322153722180e-02 -4.149499092732962004e-03 -4.149499092732961136e-03 4.193047108270563789e-02
7.619047619047618625e-01 1.428571428571428492e-01 -2.512928547956760905e-03 3.985533168905864426e-03 9.569648726925698498e-03 -5.047967664723197051e-03 -5.047967664723197051e-03 4.151132971710452813e-02
8.095238095238095344e-01 1.428571428571428492e-01 -3.068398155475213392e-03 4.003148413033214177e-03 8.140744232575535325e-03 -5.791654114943689362e-03 -5.791654114943688494e-03 4.097373300289604975e-02
8.571428571428570953e-01 1.428571428571428492e-01 -3.687646341600078238e-03 4.083743987020126143e-03 5.828523872810217714e-03 -6.062651844837133909e-03 -6.062651844837122633e-03 4.044112920591721311e-02
9.047619047619047672e-01 1.428571428571428492e-01 -4.385379202025307954e-03 4.298303862945072884e-03 3.566460444564602608e-03 -5.342121406597388593e-03 -5.342121406597386858e-03 3.910677271107777103e-02
9.523809523809523281e-01 1.428571428571428492e-01 -5.151255177861289482e-03 4.757401312589854686e-03 6.628931796119020767e-04 -3.006623221406412669e-03 -3.006623221406412236e-03 3.679041105134144007e-02
1.000000000000000000e+00 1.428571428571428492e-01 -5.891396609991460254e-03 5.551759131423641795e-03 -1.765877781605562776e-04 2.292864517065725503e-04 2.292864517073601419e-04 2.957832181659701687e-02
0.000000000000000000e+00 1.904761904761904656e-01 6.663066170771309894e-03 6.746950468795247235e-03 -4.603950650339527366e-05 -8.793300787520077621e-05 -8.793300787518257516e-05 2.802331580866393793e-02
4.761904761904761640e-02 1.904761904761904656e-01 5.966308935770751713e-03 6.200539189216354094e-03 3.411863667491804998e-04 1.568923652979427319e-03 1.568923652979420380e-03 3.436493835436026795e-02
9.523809523809523281e-02 1.904761904761904656e-01 5.200127535665764050e-03 5.841284970361230143e-03 1.994823264100423991e-03 3.120152294891456041e-03 3.120152294891455607e-03 3.784010350938948886e-02
1.428571428571428492e-01 1.904761904761904656e-01 4.442036904296639208e-03 5.648484397528419527e-03 3.751003511739230568e-03 3.914736726139090087e-03 3.914736726139084882e-03 4.020955405887303297e-02
1.904761904761904656e-01 1.904761904761904656e-01 3.727615750915645298e-03 5.564663241547147809e-03 5.828921434586335597e-03 3.990726348329419124e-03 3.990726348329419124e-03 4.130321082504041785e-02
2.380952380952380820e-01 1.904761904761904656e-01 3.064360983261793948e-03 5.539633613738094604e-03 7.290961136548449947e-03 3.624798284466028246e-03 3.624798284466028680e-03 4.218441563067333588e-02
2.857142857142856984e-01 1.904761904761904656e-01 2.446712950481895639e-03 5.542423770916818544e-03 8.727342455085355596e-03 3.054036047400971159e-03 3.054036047400971593e-03 4.269676971213791361e-02
3.333333333333333148e-01 1.904761904761904656e-01 1.865894641007868632e-03 5.555509297404795377e-03 9.615441407068844523e-03 2.393133229496049313e-03 2.393133229496049313e-03 4.316253717383481542e-02
3.809523809523809312e-01 1.904761904761904656e-01 1.312918980071495689e-03 5.569866266618217661e-03 1.044626817084635777e-02 1.708847998319138178e-03 1.708847998319137961e-03 4.342760307356219318e-02
4.285714285714285476e-01 1.904761904761904656e-01 7.791844391147023218e-04 5.581107306266506161e-03 1.082243584646980922e-02 1.021763913027009434e-03 1.021763913027009434e-03 4.366428997673446610e-02
4.761904761904761640e-01 1.904761904761904656e-01 2.567552803348597677e-04 5.587188408211691756e-03 1.114731424701626526e-02 3.394819810730991547e-04 3.394819810730992089e-04 4.372764000670679302e-02
5.238095238095238360e-01 1.904761904761904656e-01 -2.620237812004787173e-04 5.587395601165804845e-03 1.105323978435173056e-02 -3.406000369077226853e-04 -3.406000369077225769e-04 4.376349892443710116e-02
5.714285714285713969e-01 1.904761904761904656e-01 -7.846714864047459308e-04 5.581713001336812904e-03 1.090956401914002297e-02 -1.022634507561613094e-03 -1.022634507561613094e-03 4.362903211979182738e-02
6.190476190476190688e-01 1.904761904761904656e-01 -1.318806689149187210e-03 5.570981649838681153e-03 1.033487788152737466e-02 -1.707759819892667964e-03 -1.707759819892667747e-03 4.346700918679489295e-02
6.666666666666666297e-01 1.904761904761904656e-01 -1.872479171642322778e-03 5.557236040139068405e-03 9.705621127509779858e-03 -2.391314261739591225e-03 -2.391314261739590791e-03 4.312315052050245956e-02
7.142857142857143016e-01 1.904761904761904656e-01 -2.454170495334553632e-03 5.544993990913005960e-03 8.580865138047238591e-03 -3.045247248704707060e-03 -3.045247248704706193e-03 4.274668271184348112e-02
7.619047619047618625e-01 1.904761904761904656e-01 -3.073009289949256689e-03 5.543392480725168291e-03 7.403098646489682418e-03 -3.614928819470391175e-03 -3.614928819470390742e-03 4.211861813276777250e-02
8.095238095238095344e-01 1.904761904761904656e-01 -3.737678557256785342e-03 5.569882357291935579e-03 5.621186370114973629e-03 -3.962291443655207787e-03 -3.962291443655206052e-03 4.139591022310112889e-02
8.571428571428570953e-01 1.904761904761904656e-01 -4.452845360914222533e-03 5.656089868895935666e-03 3.917769455584301820e-03 -3.882656723588413534e-03 -3.882656723588414835e-03 4.000384195453908498e-02
9.047619047619047672e-01 1.904761904761904656e-01 -5.211437234680956279e-03 5.850071523484530120e-03 1.786168671451474370e-03 -3.094336100705875978e-03 -3.094336100705873810e-03 3.809569251663755263e-02
9.523809523809523281e-01 1.904761904761904656e-01 -5.977325300491108037e-03 6.209065437994751302e-03 4.122201421631111785e-04 -1.526962733065020559e-03 -1.526962733065029016e-03 3.395782680741447207e-02
1.000000000000000000e+00 1.904761904761904656e-01 -6.675505789490876300e-03 6.753164717273942366e-03 -1.777988064179513578e-04 9.385608808859059792e-05 9.385608808860302558e-05 2.827102103170564540e-02
0.000000000000000000e+00 2.380952380952380820e-01 7.151740635722172133e-03 7.899183428385561992e-03 -1.096675358054947181e-04 -4.022093560033688039e-05 -4.022093560033675164e-05 2.734108298284308042e-02
4.761904761904761640e-02 2.380952380952380820e-01 6.476702533203542063e-03 7.587500962033488956e-03 2.515248379294507462e-04 7.619168391376010541e-04 7.619168391376007288e-04 3.276912938756552235e-02
9.523809523809523281e-02 2.380952380952380820e-01 5.718260183717466770e-03 7.369785486678613433e-03 1.154750706496138679e-03 1.600932263801461150e-03 1.600932263801474378e-03 3.716048104121829482e-02
1.428571428571428492e-01 2.380952380952380820e-01 4.935869810190596750e-03 7.242268217108949364e-03 2.781751878665105360e-03 2.124150306417691130e-03 2.124150306417677252e-03 3.964668826545070246e-02
1.904761904761904656e-01 2.380952380952380820e-01 4.171174090540967667e-03 7.180746410582155952e-03 4.276652278570495375e-03 2.281154426382899555e-03 2.281154426382899555e-03 4.149288926820017542e-02
2.380952380952380820e-01 2.380952380952380820e-01 3.442827332309713901e-03 7.159711186085672939e-03 5.972637032694537440e-03 2.162700894525063002e-03 2.162700894525063002e-03 4.245553322807213426e-02
2.857142857142856984e-01 2.380952380952380820e-01 2.754904450529107370e-03 7.159636738849722327e-03 7.158247534234257053e-03 1.873834556560968756e-03 1.873834556560968756e-03 4.323194176197620725e-02
3.333333333333333148e-01 2.380952380952380820e-01 2.103265115609751802e-03 7.168405218478147121e-03 8.331207645736991851e-03 1.499855614042196455e-03 1.499855614042204695e-03 4.365536076848724328e-02
3.809523809523809312e-01 2.380952380952380820e-01 1.480714747013154621e-03 7.178938291775106839e-03 8.996659290272390058e-03 1.084496389946775071e-03 1.084496389946775939e-03 4.402347079414131031e-02
4.285714285714285476e-01 2.380952380952380820e-01 8.790386161590672993e-04 7.187502260098860112e-03 9.609598465389411481e-03 6.544538040979250076e-04 6.544538040979250076e-04 4.418707171238943354e-02
4.761904761904761640e-01 2.380952380952380820e-01 2.897886399083678555e-04 7.192273679132007470e-03 9.761512900521617311e-03 2.193945712876036564e-04 2.193945712876036564e-04 4.432242751034384115e-02
5.238095238095238360e-01 2.380952380952380820e-01 -2.953812820017138606e-04 7.192524532615299573e-03 9.857284931983217174e-03 -2.161959670295450356e-04 -2.161959670295451441e-04 4.428624414792265568e-02
5.714285714285713969e-01 2.380952380952380820e-01 -8.847955188412017337e-04 7.188289550593593771e-03 9.502681088870536599e-03 -6.503274762085271702e-04 -6.503274762085270617e-04 4.422474808919955869e-02
6.190476190476190688e-01 2.380952380952380820e-01 -1.486834207909118336e-03 7.180325287358642512e-03 9.092609177051839964e-03 -1.079394827478845874e-03 -1.079394827478845440e-03 4.398187157774375439e-02
6.666666666666666297e-01 2.380952380952380820e-01 -2.109877920954546151e-03 7.170512546133044583e-03 8.200839925833466881e-03 -1.491159510579614109e-03 -1.491159510579612808e-03 4.370227654359091357e-02
7.142857142857143016e-01 2.380952380952380820e-01 -2.762164815269230710e-03 7.162663666975589878e-03 7.267689149082296775e-03 -1.863164442521891796e-03 -1.863164442521890278e-03 4.316716982986838758e-02
7.619047619047618625e-01 2.380952380952380820e-01 -3.450859619007074462e-03 7.163799411335256863e-03 5.808918186555057581e-03 -2.144186936525256833e-03 -2.144186936525255532e-03 4.253307406758708581e-02
8.095238095238095344e-01 2.380952380952380820e-01 -4.179681939106371855e-03 7.186249030240112953e-03 4.409772037819454336e-03 -2.260181121172450108e-03 -2.260181121172450108e-03 4.135026889059634225e-02
8.571428571428570953e-01 2.380952380952380820e-01 -4.944918003408921986e-03 7.248880380377528167e-03 2.614080528938441620e-03 -2.099612284871073178e-03 -2.099612284871072744e-03 3.980617866003158950e-02
9.047619047619047672e-01 2.380952380952380820e-01 -5.726947037239850553e-03 7.377247707445874422e-03 1.262642961245341372e-03 -1.575364750384911213e-03 -1.575364750384911213e-03 3.687040659252614760e-02
9.523809523809523281e-01 2.380952380952380820e-01 -6.484507027476884948e-03 7.594793342637237883e-03 1.979613555201516727e-04 -7.575283408620288577e-04 -7.575283408620288577e-04 3.295289955156996409e-02
1.000000000000000000e+00 2.380952380952380820e-01 -7.157187078078589351e-03 7.904792002769533629e-03 -1.664765510214774865e-05 3.797803273121667765e-05 3.797803273121737560e-05 2.712097959989217058e-02
0.000000000000000000e+00 2.857142857142856984e-01 7.373993740956623008e-03 9.025823997910197710e-03 -1.268109461253521466e-05 -8.920645284060148368e-07 -8.920645284067152272e-07 2.675064511035577311e-02
4.761904761904761640e-02 2.857142857142856984e-01 6.710626128054001348e-03 8.940561573070883797e-03 1.453634440829529978e-04 2.310242347832251449e-04 2.310242347832242233e-04 3.243451115866965301e-02
9.523809523809523281e-02 2.857142857142856984e-01 5.957753299244946191e-03 8.879166744301980260e-03 1.038155033602819119e-03 4.347013762458169566e-04 4.347013762458098009e-04 3.647269347412981227e-02
1.428571428571428492e-01 2.857142857142856984e-01 5.169791216508364158e-03 8.839615349346126999e-03 2.223963019455260995e-03 6.067069294356839488e-04 6.067069294356831899e-04 3.958797950846808245e-02
1.904761904761904656e-01 2.857142857142856984e-01 4.387570943252120867e-03 8.818993288149857071e-03 3.870061250177454001e-03 7.146556476085526343e-04 7.146556476085531764e-04 4.132240139321722433e-02
2.380952380952380820e-01 2.857142857142856984e-01 3.633285445640239975e-03 8.812620311777104309e-03 5.187847293152149895e-03 7.417515850572148264e-04 7.417515850572146095e-04 4.265311927794779301e-02
2.857142857142856984e-01 2.857142857142856984e-01 2.913827356574495535e-03 8.815049738738138518e-03 6.601996104840803306e-03 6.909085312152509926e-04 6.909085312152507758e-04 4.337490835173515857e-02
3.333333333333333148e-01 2.857142857142856984e-01 2.227974914748113381e-03 8.821520664442179457e-03 7.516762804571225365e-03 5.828381438583461532e-04 5.828381438583461532e-04 4.396516865770171145e-02
3.809523809523809312e-01 2.857142857142856984e-01 1.570067060603638504e-03 8.828710965346238740e-03 8.406280115323660693e-03 4.373593921516536636e-04 4.373593921516535552e-04 4.427037360290266010e-02
4.285714285714285476e-01 2.857142857142856984e-01 9.326711660618929034e-04 8.834504495411590191e-03 8.813468804928670242e-03 2.706082296384464234e-04 2.706082296384459897e-04 4.452503565674693908e-02
4.761904761904761640e-01 2.857142857142856984e-01 3.076990270215403697e-04 8.837785131861066248e-03 9.169623955858293568e-03 9.349729919670010593e-05 9.349729919670021435e-05 4.459181766540135095e-02
5.238095238095238360e-01 2.857142857142856984e-01 -3.131684765599864135e-04 8.838074198429388822e-03 9.067427037813307472e-03 -8.643807949527609956e-05 -8.643807949527612666e-05 4.462646641111845530e-02
5.714285714285713969e-01 2.857142857142856984e-01 -9.382743502938091593e-04 8.835395476351384780e-03 8.911659291458821214e-03 -2.628660100129975928e-04 -2.628660100129972675e-04 4.448693557112019803e-02
6.190476190476190688e-01 2.857142857142856984e-01 -1.575903862402022000e-03 8.830249568488502884e-03 8.288985136281071947e-03 -4.282552184357779276e-04 -4.282552184357753255e-04 4.430975542375829856e-02
6.666666666666666297e-01 2.857142857142856984e-01 -2.234152725412411229e-03 8.823814928583298065e-03 7.623262632157171668e-03 -5.715480258870859424e-04 -5.715480258870867013e-04 4.391077314736504394e-02
7.142857142857143016e-01 2.857142857142856984e-01 -2.920403561278069830e-03 8.818174924709579546e-03 6.460601699769140047e-03 -6.770255994617932916e-04 -6.770255994617927495e-04 4.343310978432875225e-02
7.619047619047618625e-01 2.857142857142856984e-01 -3.640135153419239624e-03 8.816725416300666765e-03 5.314120486106293541e-03 -7.241469764377600222e-04 -7.241469764377603474e-04 4.255039481126766249e-02
8.095238095238095344e-01 2.857142857142856984e-01 -4.394767167662380451e-03 8.824043835620368204e-03 3.712448746643462038e-03 -6.963242599703605698e-04 -6.963242599703605698e-04 4.143427918162786300e-02
8.571428571428570953e-01 2.857142857142856984e-01 -5.176667638159051892e-03 8.845399398064538246e-03 2.354940368851983490e-03 -5.868223236546749738e-04 -5.868223236546733475e-04 3.937827092191699407e-02
9.047619047619047672e-01 2.857142857142856984e-01 -5.964211780528340390e-03 8.885271050575989718e-03 9.352021771729250891e-04 -4.197154290381089974e-04 -4.197154290381087806e-04 3.666701556497368314e-02
9.523809523809523281e-01 2.857142857142856984e-01 -6.716435482212445955e-03 8.946115379235185933e-03 1.913360056619876827e-04 -2.236434645427766280e-04 -2.236434645427766823e-04 3.220861246612558015e-02
1.000000000000000000e+00 2.857142857142856984e-01 -7.380255129120398029e-03 9.029931112219313424e-03 -8.849687671319965182e-05 8.009004393327066364e-07 8.009004393328379266e-07 2.686754966762650715e-02
0.000000000000000000e+00 3.333333333333333148e-01 7.347098760512040319e-03 1.014268250080733146e-02 -1.156497164684625376e-04 4.303725351708225395e-05 4.303725351708234204e-05 2.684937902458112494e-02
4.761904761904761640e-02 3.333333333333333148e-01 6.682061130723712661e-03 1.028477676560755893e-02 2.097609091516395761e-04 -2.777503943040714922e-04 -2.777503943040716549e-04 3.232779486443685540e-02
9.523809523809523281e-02 3.333333333333333148e-01 5.931151478787053365e-03 1.038140552560154646e-02 1.075583150842219105e-03 -6.949213920002167205e-04 -6.949213920002159615e-04 3.674716926397685740e-02
1.428571428571428492e-01 3.333333333333333148e-01 5.152060322017691998e-03 1.043271725268533727e-02 2.605808957401974796e-03 -8.407686704378470417e-04 -8.407686704378481259e-04 3.934220448570842354e-02
1.904761904761904656e-01 3.333333333333333148e-01 4.381614138825592336e-03 1.045818849709525579e-02 3.925229654035244063e-03 -7.642610476085254321e-04 -7.642610476085260826e-04 4.133462064644288086e-02
2.380952380952380820e-01 3.333333333333333148e-01 3.636749360316660074e-03 1.047177766139197400e-02 5.465185167531944922e-03 -6.094430619865991074e-04 -6.094430619865992159e-04 4.247936964388263070e-02
2.857142857142856984e-01 3.333333333333333148e-01 2.922980881959058672e-03 1.048086404529585854e-02 6.531390207383857248e-03 -4.419984613188006296e-04 -4.419984613188007922e-04 4.338432106152063233e-02
3.333333333333333148e-01 3.333333333333333148e-01 2.238929424183120232e-03 1.048784583010248413e-02 7.633079008064023487e-03 -3.042181095362367772e-04 -3.042181095362370483e-04 4.390675668283779837e-02
3.809523809523809312e-01 3.333333333333333148e-01 1.579865272760870272e-03 1.049338657465793620e-02 8.248662513798122459e-03 -1.926425389997397008e-04 -1.926425389997395924e-04 4.432188840728415458e-02
4.285714285714285476e-01 3.333333333333333148e-01 9.393745163632691818e-04 1.049726435353498695e-02 8.845719200088029630e-03 -1.053028546823576181e-04 -1.053028546823576181e-04 4.452393502213874976e-02
4.761904761904761640e-01 3.333333333333333148e-01 3.102093671040426237e-04 1.049945182506163699e-02 8.980950005778694928e-03 -3.019412214035388416e-05 -3.019412214035370798e-05 4.466070797759199434e-02
5.238095238095238360e-01 3.333333333333333148e-01 -3.151728914954437751e-04 1.049971950002853358e-02 9.084965386106168272e-03 4.044957839696023528e-05 4.044957839696021495e-05 4.463466529608358518e-02
5.714285714285713969e-01 3.333333333333333148e-01 -9.444124642829153328e-04 1.049822434415691522e-02 8.733902716431868676e-03 1.154183428637630006e-04 1.154183428637596803e-04 4.454955842346949163e-02
6.190476190476190688e-01 3.333333333333333148e-01 -1.585063901762626213e-03 1.049493078176993131e-02 8.355517786863470020e-03 2.051207512075094608e-04 2.051207512075100571e-04 4.428569320200625298e-02
6.666666666666666297e-01 3.333333333333333148e-01 -2.244301871673200395e-03 1.049015629659255829e-02 7.504425729961475278e-03 3.158440099862024780e-04 3.158440099862025322e-04 4.394145947447306716e-02
7.142857142857143016e-01 3.333333333333333148e-01 -2.928529165811282267e-03 1.048385941062025470e-02 6.653978434579013897e-03 4.587830339991799786e-04 4.587830339991811170e-04 4.332023739422552477e-02
7.619047619047618625e-01 3.333333333333333148e-01 -3.642413317476662308e-03 1.047559770055306490e-02 5.313794443563574048e-03 6.221298277845641132e-04 6.221298277845640047e-04 4.254239273198828775e-02
8.095238095238095344e-01 3.333333333333333148e-01 -4.387109923307602397e-03 1.046258061105642852e-02 4.075927675604311233e-03 7.852082047016459548e-04 7.852082047016464969e-04 4.120424581446340689e-02
8.571428571428570953e-01 3.333333333333333148e-01 -5.157501192537340337e-03 1.043776731277518480e-02 2.440139550156613431e-03 8.507354975494227020e-04 8.507354975494221599e-04 3.948556559410056066e-02
9.047619047619047672e-01 3.333333333333333148e-01 -5.935855204619463164e-03 1.038595317254918139e-02 1.220932148354405677e-03 7.039010908751732127e-04 7.039010908751733211e-04 3.647729187854358013e-02
9.523809523809523281e-01 3.333333333333333148e-01 -6.685522698669027312e-03 1.028893379979609578e-02 1.592854360017031425e-04 3.024049230353361936e-04 3.024049230353362478e-04 3.252057323486223089e-02
1.000000000000000000e+00 3.333333333333333148e-01 -7.348742288214754267e-03 1.014501460408604415e-02 -3.010676201740537225e-05 -5.154539103219190547e-05 -5.154539103219107199e-05 2.663830995689319900e-02
0.000000000000000000e+00 3.809523809523809312e-01 7.053052624549722462e-03 1.126152159491660733e-02 -1.451720178362006139e-04 1.588021108529078960e-04 1.588021108529082213e-04 2.688735387595222667e-02
4.761904761904761640e-02 3.809523809523809312e-01 6.375943515932225129e-03 1.164522952270747105e-02 2.484656704887830522e-04 -1.099217396762011256e-03 -1.099217396762010822e-03 3.343524254603701812e-02
9.523809523809523281e-02 3.809523809523809312e-01 5.631069668125525222e-03 1.188462112493894607e-02 2.018567061564681495e-03 -2.108341592857223938e-03 -2.108341592857229576e-03 3.689783511456833781e-02
1.428571428571428492e-01 3.809523809523809312e-01 4.885078760076680578e-03 1.201214246326738101e-02 3.363413799255509425e-03 -2.350890491632949639e-03 -2.350890491632949206e-03 3.941352010400207828e-02
1.904761904761904656e-01 3.809523809523809312e-01 4.159356017188888671e-03 1.207784281271108602e-02 5.090459620179207771e-03 -2.200031328310819365e-03 -2.200031328310819365e-03 4.099526902023276076e-02
2.380952380952380820e-01 3.809523809523809312e-01 3.460376365601855464e-03 1.211178473303432986e-02 6.177256822689467658e-03 -1.848250318879759903e-03 -1.848250318879759687e-03 4.217573046328603609e-02
2.857142857142856984e-01 3.809523809523809312e-01 2.788127647489719880e-03 1.213066598435683617e-02 7.440924822034062150e-03 -1.481101526436876805e-03 -1.481101526436876372e-03 4.301985623519154894e-02
3.333333333333333148e-01 3.809523809523809312e-01 2.140337833515459746e-03 1.214117685399998189e-02 8.132463655526375734e-03 -1.106875735070551956e-03 -1.106875735070551089e-03 4.359461471623406886e-02
3.809523809523809312e-01 3.809523809523809312e-01 1.512879493196543244e-03 1.214776970682136803e-02 8.948146922170741382e-03 -7.708674194404257010e-04 -7.708674194404146422e-04 4.402561538383904099e-02
4.285714285714285476e-01 3.809523809523809312e-01 9.006677441624981852e-04 1.215121603464805120e-02 9.219592369206540752e-03 -4.477921528222044063e-04 -4.477921528222044605e-04 4.424189284742677253e-02
4.761904761904761640e-01 3.809523809523809312e-01 2.977999481251975607e-04 1.215326113758281694e-02 9.593302622388721890e-03 -1.444549766688610435e-04 -1.444549766688611519e-04 4.439830735999433092e-02
5.238095238095238360e-01 3.809523809523809312e-01 -3.019198947622437831e-04 1.215332997508084337e-02 9.435194132181063884e-03 1.559319811860503449e-04 1.559319811860502094e-04 4.435924820673126795e-02
5.714285714285713969e-01 3.809523809523809312e-01 -9.048208845278573990e-04 1.215235143392440383e-02 9.375715745508670165e-03 4.632191603106606452e-04 4.632191603106616752e-04 4.427531805617142269e-02
6.190476190476190688e-01 3.809523809523809312e-01 -1.517135678596913655e-03 1.214905908419778961e-02 8.780511142901861743e-03 7.794444482969218419e-04 7.794444482969219504e-04 4.398956990931562894e-02
6.666666666666666297e-01 3.809523809523809312e-01 -2.144639651744425623e-03 1.214355270270990779e-02 8.296079879281234234e-03 1.127466365662213327e-03 1.127466365662213327e-03 4.361138804362574978e-02
7.142857142857143016e-01 3.809523809523809312e-01 -2.792523426012312546e-03 1.213320761288755843e-02 7.257042084380927599e-03 1.486415276026534791e-03 1.486415276026534791e-03 4.299630360351856112e-02
7.619047619047618625e-01 3.809523809523809312e-01 -3.464677679208467021e-03 1.211534253820555594e-02 6.363771054283575736e-03 1.874641834430517328e-03 1.874641834430517979e-03 4.215953395600523235e-02
8.095238095238095344e-01 3.809523809523809312e-01 -4.163524545505032683e-03 1.208141938304336561e-02 4.875187698622813690e-03 2.197694574817193013e-03 2.197694574817193013e-03 4.100483290916853013e-02
8.571428571428570953e-01 3.809523809523809312e-01 -4.888622982862943396e-03 1.201632985825320382e-02 3.621073084439125223e-03 2.381612416564539772e-03 2.381612416564539772e-03 3.932161170635919967e-02
9.047619047619047672e-01 3.809523809523809312e-01 -5.634859723641498161e-03 1.188846796736165411e-02 1.722840561189986196e-03 2.095813575619063888e-03 2.095813575619064322e-03 3.709783895751848914e-02
9.523809523809523281e-01 3.809523809523809312e-01 -6.378595037754486094e-03 1.164824348381182997e-02 5.032163349043991497e-04 1.105846345232846389e-03 1.105846345232844438e-03 3.304513722553093641e-02
1.000000000000000000e+00 3.809523809523809312e-01 -7.057165004245664376e-03 1.126448618911819570e-02 -3.297010672590456703e-04 -1.868102422801727939e-04 -1.868102422801647437e-04 2.711347217440843518e-02
0.000000000000000000e+00 4.285714285714285476e-01 6.456168823297823989e-03 1.239970303532859398e-02 -1.521224807047983837e-03 5.044469472580316452e-04 5.044469472580260074e-04 2.797893687789840961e-02
4.761904761904761640e-02 4.285714285714285476e-01 5.742660630961795090e-03 1.305090798145789287e-02 1.780883145680574840e-03 -2.936164933628676327e-03 -2.936164933628714925e-03 3.453843296190827611e-02
9.523809523809523281e-02 4.285714285714285476e-01 5.038030219001010668e-03 1.338162518466392246e-02 3.310508927231065133e-03 -3.918033028196901864e-03 -3.918033028196904466e-03 3.699478915464944617e-02
1.428571428571428492e-01 4.285714285714285476e-01 4.372086895570590631e-03 1.355854143906587428e-02 5.488056762488200020e-03 -3.925328140818424259e-03 -3.925328140818424259e-03 3.911503238384244491e-02
1.904761904761904656e-01 4.285714285714285476e-01 3.733674779055829590e-03 1.365258033952394985e-02 6.521694710291381022e-03 -3.428821496250566980e-03 -3.428821496250570016e-03 4.004281732083449230e-02
2.380952380952380820e-01 4.285714285714285476e-01 3.118303725516807009e-03 1.370928713935300365e-02 7.865339744318385409e-03 -2.923765978687670880e-03 -2.923765978687670880e-03 4.156330678346330243e-02
2.857142857142856984e-01 4.285714285714285476e-01 2.521155229815631553e-03 1.373884020581318637e-02 8.489515959619820668e-03 -2.314248643569905353e-03 -2.314248643569905353e-03 4.193771939902422169e-02
3.333333333333333148e-01 4.285714285714285476e-01 1.941355459589398300e-03 1.375937354460906280e-02 9.443540940925362198e-03 -1.789775557418643971e-03 -1.789775557418643971e-03 4.301618977473564004e-02
3.809523809523809312e-01 4.285714285714285476e-01 1.375256650145412381e-03 1.376771332207771953e-02 9.730165052824131175e-03 -1.236124000821352004e-03 -1.236124000821351571e-03 4.296186304438819048e-02
4.285714285714285476e-01 4.285714285714285476e-01 8.201772504723178585e-04 1.377555969860506414e-02 1.032654118445849520e-02 -7.409331467058140981e-04 -7.409331467058140981e-04 4.371481341888315553e-02
4.761904761904761640e-01 4.285714285714285476e-01 2.716127538048230465e-04 1.377597736657797979e-02 1.026541248502887103e-02 -2.371312076941376487e-04 -2.371312076941385703e-04 4.335179463868171074e-02
5.238095238095238360e-01 4.285714285714285476e-01 -2.746289618277851833e-04 1.377843209193770069e-02 1.050280641941223406e-02 2.548091171580231843e-04 2.548091171580227506e-04 4.384329796798228096e-02
5.714285714285713969e-01 4.285714285714285476e-01 -8.230983493762569552e-04 1.377423796313388335e-02 1.008466618440367370e-02 7.438494820616571796e-04 7.438494820616570712e-04 4.322252949042383607e-02
6.190476190476190688e-01 4.285714285714285476e-01 -1.378448979274781057e-03 1.377128347902509958e-02 9.968980135500541892e-03 1.269142218415554753e-03 1.269142218415554536e-03 4.344023421573246779e-02
6.666666666666666297e-01 4.285714285714285476e-01 -1.944219325001049362e-03 1.375917195901540588e-02 9.192746725759514889e-03 1.777507329651986700e-03 1.777507329651986700e-03 4.253465917991613304e-02
7.142857142857143016e-01 4.285714285714285476e-01 -2.524509042513861223e-03 1.374342147472197746e-02 8.736672141985094703e-03 2.362877915339490174e-03 2.362877915339490174e-03 4.238967412893652337e-02
7.619047619047618625e-01 4.285714285714285476e-01 -3.120950027109447439e-03 1.371007221765616763e-02 7.600751132261535266e-03 2.893746101946004148e-03 2.893746101946004581e-03 4.110273643299242052e-02
8.095238095238095344e-01 4.285714285714285476e-01 -3.737034041371065617e-03 1.365777307551146839e-02 6.796711239895896969e-03 3.491966728890519549e-03 3.491966728890519549e-03 4.046194112957936240e-02
8.571428571428570953e-01 4.285714285714285476e-01 -4.373956206420982762e-03 1.355966034422039293e-02 5.170495421934534833e-03 3.871233406380689048e-03 3.871233406380689048e-03 3.868730046528889160e-02
9.047619047619047672e-01 4.285714285714285476e-01 -5.040640182360794745e-03 1.338666836587828514e-02 3.817065286787299332e-03 3.989170312542330774e-03 3.989170312542329906e-03 3.736053135220232524e-02
9.523809523809523281e-01 4.285714285714285476e-01 -5.745288628713040267e-03 1.304833880518448813e-02 9.121651296854293252e-04 2.840107936455650139e-03 2.840107936455649271e-03 3.481241149624808573e-02
1.000000000000000000e+00 4.285714285714285476e-01 -6.442858176115435695e-03 1.241500968245386020e-02 -1.096572794295789193e-04 -3.684533220752719742e-04 -3.684533220752713237e-04 2.749743031209750388e-02
0.000000000000000000e+00 4.761904761904761640e-01 5.352678502748024238e-03 1.367770734858411719e-02 1.614060960570382194e-03 -2.659439178004457081e-03 -2.659439178004456648e-03 3.389596348271550069e-02
4.761904761904761640e-02 4.761904761904761640e-01 4.702860717502499802e-03 1.449619281753306878e-02 4.474412010576686756e-03 -5.855876434936318174e-03 -5.855876434936314705e-03 3.440742732281363431e-02
9.523809523809523281e-02 4.761904761904761640e-01 4.161322366182618367e-03 1.482642823598290076e-02 6.431644893175855575e-03 -5.486600852355463451e-03 -5.486600852355463451e-03 3.600807706414720782e-02
1.428571428571428492e-01 4.761904761904761640e-01 3.637736507102553446e-03 1.504407983367925770e-02 7.366253144218661009e-03 -4.906227199465736447e-03 -4.906227199465734712e-03 3.645519780467860321e-02
1.904761904761904656e-01 4.761904761904761640e-01 3.134440699174995733e-03 1.515329575485234274e-02 8.323521556186154816e-03 -4.213162239767771940e-03 -4.213162239767774542e-03 3.836068705479545038e-02
2.380952380952380820e-01 4.761904761904761640e-01 2.631587189212868799e-03 1.524863421331779101e-02 8.918889106919380624e-03 -3.547191612093815189e-03 -3.547191612093814322e-03 3.865312478739156565e-02
2.857142857142856984e-01 4.761904761904761640e-01 2.141572602517181987e-03 1.528199596782920180e-02 9.650168437512842562e-03 -2.848651069734503983e-03 -2.848651069734512657e-03 4.020477531763032297e-02
3.333333333333333148e-01 4.761904761904761640e-01 1.654139535966935763e-03 1.532968589997115751e-02 1.002039887095913274e-02 -2.197664160141896920e-03 -2.197664160141896052e-03 4.006604211065858956e-02
3.809523809523809312e-01 4.761904761904761640e-01 1.176965353927253693e-03 1.533131250062723556e-02 1.053241492166693064e-02 -1.542144617331375755e-03 -1.542144617331375755e-03 4.126161029220399429e-02
4.285714285714285476e-01 4.761904761904761640e-01 7.027282012728451903e-04 1.535861032174458927e-02 1.065626872134441995e-02 -9.203817590944370032e-04 -9.203817590944367863e-04 4.076664278258313595e-02
4.761904761904761640e-01 4.761904761904761640e-01 2.335440252881265178e-04 1.534626858680428717e-02 1.092097756253642207e-02 -2.989983264096552989e-04 -2.989983264096550820e-04 4.167408448214815486e-02
5.238095238095238360e-01 4.761904761904761640e-01 -2.349034219907861838e-04 1.536356563791355274e-02 1.078475027105629119e-02 3.152574056454015942e-04 3.152574056454014316e-04 4.089700038712303781e-02
5.714285714285713969e-01 4.761904761904761640e-01 -7.051035516485619015e-04 1.534237263946756219e-02 1.078914324957676828e-02 9.296171785149936811e-04 9.296171785149936811e-04 4.153688782010885039e-02
6.190476190476190688e-01 4.761904761904761640e-01 -1.177331891373175569e-03 1.534952695635653785e-02 1.039690078741727954e-02 1.565325683671078523e-03 1.565325683671078740e-03 4.048998013830924780e-02
6.666666666666666297e-01 4.761904761904761640e-01 -1.657562952552375313e-03 1.531458892284677867e-02 1.014604954019554528e-02 2.199911715521407456e-03 2.199911715521407022e-03 4.081676028742414752e-02
7.142857142857143016e-01 4.761904761904761640e-01 -2.140921300478373576e-03 1.530081602383006473e-02 9.519746805259424183e-03 2.877570487552152164e-03 2.877570487552151297e-03 3.945041409155168599e-02
7.619047619047618625e-01 4.761904761904761640e-01 -2.636101569867078508e-03 1.523471144471320003e-02 9.034666833161958052e-03 3.540512333930129207e-03 3.540512333930126605e-03 3.937501239748435883e-02
8.095238095238095344e-01 4.761904761904761640e-01 -3.132666392457429498e-03 1.517206849010664660e-02 8.199353651091086798e-03 4.247866165753596060e-03 4.247866165753597795e-03 3.762757256956504592e-02
8.571428571428570953e-01 4.761904761904761640e-01 -3.643710331799231410e-03 1.503110358672411599e-02 7.483172299957049391e-03 4.886795781955436367e-03 4.886795781955445041e-03 3.716177210802314168e-02
9.047619047619047672e-01 4.761904761904761640e-01 -4.157001750335813893e-03 1.484464841936564486e-02 6.370211806557252165e-03 5.559529353332814949e-03 5.559529353332798469e-03 3.525319894328215325e-02
9.523809523809523281e-01 4.761904761904761640e-01 -4.714907924120294129e-03 1.447940893552579662e-02 4.799388804326472531e-03 5.842939455988948975e-03 5.842939455988955914e-03 3.511580474534396756e-02
1.000000000000000000e+00 4.761904761904761640e-01 -5.358216911591503519e-03 1.370099618788294012e-02 1.892538737104096543e-03 2.738179508423899209e-03 2.738179508423898342e-03 3.389283224478360085e-02
0.000000000000000000e+00 5.238095238095238360e-01 4.131715631755454587e-03 1.471591313790322417e-02 4.500247365878752071e-04 9.263302657657046394e-04 9.263302657657044225e-04 4.721471464647544053e-02
4.761904761904761640e-02 5.238095238095238360e-01 3.827208593554247331e-03 1.534839570511606702e-02 -7.899532904181626181e-03 -4.643495292656943038e-03 -4.643495292656941303e-03 3.731873719441779202e-02
9.523809523809523281e-02 5.238095238095238360e-01 3.482666588770558496e-03 1.570475877701148909e-02 -1.005152538990667158e-02 -5.472859441286030344e-03 -5.472859441286028609e-03 3.391064343782069362e-02
1.428571428571428492e-01 5.238095238095238360e-01 3.098234887056411022e-03 1.593538353234575516e-02 -1.165118248241201783e-02 -5.254020103422366028e-03 -5.254020103422365161e-03 3.718729580785961469e-02
1.904761904761904656e-01 5.238095238095238360e-01 2.699571836096024014e-03 1.607852738120496561e-02 -1.216959474504710793e-02 -4.625632148666148150e-03 -4.625632148666148150e-03 3.627410157560816140e-02
2.380952380952380820e-01 5.238095238095238360e-01 2.287023868136060876e-03 1.618176045205869593e-02 -1.217385003686314270e-02 -4.025990334715712736e-03 -4.025990334715712736e-03 3.938727372762650808e-02
2.857142857142856984e-01 5.238095238095238360e-01 1.872497463273250801e-03 1.624045323773736296e-02 -1.218488596807491137e-02 -3.293443451775428764e-03 -3.293443451775428764e-03 3.807753365376286003e-02
3.333333333333333148e-01 5.238095238095238360e-01 1.454088179249185238e-03 1.628686759560323688e-02 -1.177043224247933256e-02 -2.605817179710389654e-03 -2.605817179710389220e-03 4.084854425421186042e-02
3.809523809523809312e-01 5.238095238095238360e-01 1.037877103717941120e-03 1.630635810705882358e-02 -1.172568531095567398e-02 -1.848583265209335393e-03 -1.848583265209335393e-03 3.912191607638702134e-02
4.285714285714285476e-01 5.238095238095238360e-01 6.214707147156319986e-04 1.632618163115723622e-02 -1.130868022521657086e-02 -1.120180434197777476e-03 -1.120180434197777476e-03 4.158709625252816205e-02
4.761904761904761640e-01 5.238095238095238360e-01 2.068179977493862396e-04 1.632701118923077926e-02 -1.142788766506805040e-02 -3.650305591415348508e-04 -3.650305591415356097e-04 3.953351760346278387e-02
5.238095238095238360e-01 5.238095238095238360e-01 -2.077011732381646946e-04 1.633290135144043614e-02 -1.119728998407699266e-02 3.841802912471688224e-04 3.841802912471694188e-04 4.172563350169280344e-02
5.714285714285713969e-01 5.238095238095238360e-01 -6.228648012585319546e-04 1.632126807976288368e-02 -1.153444197904881022e-02 1.124504599201897430e-03 1.124504599201897213e-03 3.939637496339117029e-02
6.190476190476190688e-01 5.238095238095238360e-01 -1.038230897830168730e-03 1.631314165187393653e-02 -1.151445369132887003e-02 1.882940870965479040e-03 1.882940870965479040e-03 4.129448919056715600e-02
6.666666666666666297e-01 5.238095238095238360e-01 -1.455994064294859535e-03 1.628293841527656341e-02 -1.196617269569334556e-02 2.594266199622207239e-03 2.594266199622207673e-03 3.868131185744492356e-02
7.142857142857143016e-01 5.238095238095238360e-01 -1.872300752860588243e-03 1.624792133883241549e-02 -1.202291091415482426e-02 3.343721837265310054e-03 3.343721837265311355e-03 4.020832599331498197e-02
7.619047619047618625e-01 5.238095238095238360e-01 -2.289489831881409265e-03 1.617874289705830901e-02 -1.230323984177440245e-02 3.995835258054725690e-03 3.995835258054727425e-03 3.726545956503184848e-02
8.095238095238095344e-01 5.238095238095238360e-01 -2.698838606123798133e-03 1.608623761447988687e-02 -1.212069237622551490e-02 4.694392234091762824e-03 4.694392234091805324e-03 3.835185774959565252e-02
8.571428571428570953e-01 5.238095238095238360e-01 -3.101571214831305105e-03 1.593322339611216720e-02 -1.159083497796439127e-02 5.204391672098214808e-03 5.204391672098215675e-03 3.507853427722806838e-02
9.047619047619047672e-01 5.238095238095238360e-01 -3.481314546904728212e-03 1.571213270864523642e-02 -1.042784122333282812e-02 5.636931988278253911e-03 5.636931988278256513e-03 3.600631765315159827e-02
9.523809523809523281e-01 5.238095238095238360e-01 -3.833408144692995387e-03 1.534630529904395385e-02 -5.804820147583536136e-03 4.584178600468651749e-03 4.584178600468649147e-03 3.269904918239917996e-02
1.000000000000000000e+00 5.238095238095238360e-01 -4.137375543120032882e-03 1.471924079887792190e-02 -1.833172476793817202e-03 -1.271007924413531612e-03 -1.271007924413532480e-03 5.477984526808876015e-02
0.000000000000000000e+00 5.714285714285713969e-01 3.557343599223223695e-03 1.547244220420808565e-02 2.700242425379976627e-04 1.036344657068098739e-03 1.036344657068099173e-03 5.041091729002124266e-02
4.761904761904761640e-02 5.714285714285713969e-01 3.279165426198509328e-03 1.592969944880237229e-02 -1.762664835120865252e-04 -5.786280490785402535e-04 -5.786280490785384104e-04 3.926806607567460278e-02
9.523809523809523281e-02 5.714285714285713969e-01 3.008205620360243117e-03 1.628686400302902654e-02 -3.713765181704018533e-03 -3.031508297496653646e-03 -3.031508297496652779e-03 3.801012412486345915e-02
1.428571428571428492e-01 5.714285714285713969e-01 2.707815006040217073e-03 1.653474871256888773e-02 -5.416049205954077614e-03 -3.988633348703902667e-03 -3.988633348703904402e-03 3.735764461951345677e-02
1.904761904761904656e-01 5.714285714285713969e-01 2.378953295137719009e-03 1.670323127557400006e-02 -7.001718986651891789e-03 -4.237743938005363899e-03 -4.237743938005366501e-03 3.869203423019709764e-02
2.380952380952380820e-01 5.714285714285713969e-01 2.030960628143417112e-03 1.681861876898694402e-02 -7.652625714682907178e-03 -3.936983212559276406e-03 -3.936983212559277273e-03 3.909361251172017299e-02
2.857142857142856984e-01 5.714285714285713969e-01 1.670503830074402925e-03 1.689422731521415463e-02 -7.994960328774345162e-03 -3.487237291473223831e-03 -3.487237291473223831e-03 4.027077037177566321e-02
3.333333333333333148e-01 5.714285714285713969e-01 1.303310880907818494e-03 1.694449454478876363e-02 -8.146984097062966515e-03 -2.809368483478064463e-03 -2.809368483478059259e-03 4.040658743579751688e-02
3.809523809523809312e-01 5.714285714285713969e-01 9.322845696052288900e-04 1.697441814970088170e-02 -8.080562862353340980e-03 -2.086914743646150778e-03 -2.086914743646150778e-03 4.125806203823393498e-02
4.285714285714285476e-01 5.714285714285713969e-01 5.596780535739974286e-04 1.699279298599433788e-02 -8.124669582305107940e-03 -1.260683231104951655e-03 -1.260683231104951438e-03 4.108441949002790416e-02
4.761904761904761640e-01 5.714285714285713969e-01 1.863373253580722050e-04 1.700003447441249954e-02 -8.004383415402584190e-03 -4.224032755544457037e-04 -4.224032755544446737e-04 4.165432710854617693e-02
5.238095238095238360e-01 5.714285714285713969e-01 -1.871392960783790839e-04 1.700105628228334304e-02 -8.097403280144776713e-03 4.350218199633823024e-04 4.350218199633831156e-04 4.121224169887437172e-02
5.714285714285713969e-01 5.714285714285713969e-01 -5.604184262009048907e-04 1.699267805745396584e-02 -8.036612839141577674e-03 1.289155994358829813e-03 1.289155994358829596e-03 4.152160195943876975e-02
6.190476190476190688e-01 5.714285714285713969e-01 -9.330902360643394348e-04 1.697632474263017707e-02 -8.156416631924382279e-03 2.083817972592848667e-03 2.083817972592848667e-03 4.081451132638377194e-02
6.666666666666666297e-01 5.714285714285713969e-01 -1.303930293282299507e-03 1.694523670405045229e-02 -8.090570307447558784e-03 2.854339391501194319e-03 2.854339391501193018e-03 4.083736141302894002e-02
7.142857142857143016e-01 5.714285714285713969e-01 -1.671283754407891379e-03 1.689690495632275441e-02 -8.018336579830073751e-03 3.467081920888776154e-03 3.467081920888774420e-03 3.982520450043148391e-02
7.619047619047618625e-01 5.714285714285713969e-01 -2.031417895963910474e-03 1.682007116070723812e-02 -7.684960007449382485e-03 4.000358154298686540e-03 4.000358154298673530e-03 3.952979699461990626e-02
8.095238095238095344e-01 5.714285714285713969e-01 -2.379737599772685334e-03 1.670639457971586500e-02 -6.873260387692431070e-03 4.195175024391519826e-03 4.195175024391515489e-03 3.820667331116768539e-02
8.571428571428570953e-01 5.714285714285713969e-01 -2.708108877705430774e-03 1.653675930682171891e-02 -5.732133815171793281e-03 4.082949821659404357e-03 4.082949821659465073e-03 3.790795424232062255e-02
9.047619047619047672e-01 5.714285714285713969e-01 -3.008351238936547017e-03 1.628969325427731540e-02 -2.940059491498232813e-03 2.942155834474971445e-03 2.942155834474944557e-03 3.698501082037833343e-02
9.523809523809523281e-01 5.714285714285713969e-01 -3.278116500617971746e-03 1.593121478076923309e-02 -1.062684021051457607e-03 4.544276042693450425e-04 4.544276042693485120e-04 4.086032251478302624e-02
1.000000000000000000e+00 5.714285714285713969e-01 -3.554282456618783771e-03 1.547519165261103391e-02 9.699300263265762598e-04 -1.163700294508311769e-03 -1.163700294508312636e-03 4.917151592868588411e-02
0.000000000000000000e+00 6.190476190476190688e-01 3.168230112361263267e-03 1.618076555686273621e-02 4.419136840550207259e-05 2.988203664264016879e-04 2.988203664264016879e-04 4.723988879561865500e-02
4.761904761904761640e-02 6.190476190476190688e-01 2.890227541081577100e-03 1.653577068723139157e-02 8.410609799021374607e-05 6.435562643944670296e-04 6.435562643944671380e-04 4.260021659287892976e-02
9.523809523809523281e-02 6.190476190476190688e-01 2.630691284396754082e-03 1.686157666912859940e-02 -8.255494067871039674e-04 -1.029794622501935741e-03 -1.029794622501936825e-03 3.931813953928499361e-02
1.428571428571428492e-01 6.190476190476190688e-01 2.363529827248884909e-03 1.711456498330463788e-02 -2.447069908506469774e-03 -2.461953378202074057e-03 -2.461953378202074057e-03 3.898480009523066364e-02
1.904761904761904656e-01 6.190476190476190688e-01 2.078972900731423587e-03 1.729865933457841107e-02 -3.456784954524380615e-03 -3.194488931759523805e-03 -3.194488931759524239e-03 3.894571758940224004e-02
2.380952380952380820e-01 6.190476190476190688e-01 1.778411251634428496e-03 1.742768587653864901e-02 -4.331026081404373666e-03 -3.411511850482634722e-03 -3.411511850482634722e-03 3.953792358634193593e-02
2.857142857142856984e-01 6.190476190476190688e-01 1.466011897765709350e-03 1.751556301400079840e-02 -4.791614457750355445e-03 -3.196160875706433990e-03 -3.196160875706433990e-03 3.991490914690879604e-02
3.333333333333333148e-01 6.190476190476190688e-01 1.145815089620292205e-03 1.757331376835498393e-02 -5.026895937236542690e-03 -2.731831903523786707e-03 -2.731831903523781069e-03 4.039719727987557685e-02
3.809523809523809312e-01 6.190476190476190688e-01 8.208916186344194328e-04 1.760971508699478091e-02 -5.196616586882643433e-03 -2.059407741437938900e-03 -2.059407741437938900e-03 4.062085499406752759e-02
4.285714285714285476e-01 6.190476190476190688e-01 4.932900571205336331e-04 1.763068819499327700e-02 -5.184113523751907905e-03 -1.281264960294322634e-03 -1.281264960294322850e-03 4.089113813269919934e-02
4.761904761904761640e-01 6.190476190476190688e-01 1.643761161619327065e-04 1.764039626704742153e-02 -5.269807431476569368e-03 -4.274742030527081183e-04 -4.274742030527075220e-04 4.091557477210853305e-02
5.238095238095238360e-01 6.190476190476190688e-01 -1.649225080609304482e-04 1.764055316048747032e-02 -5.196409335605836448e-03 4.450601397176416423e-04 4.450601397176425097e-04 4.098648091754336642e-02
5.714285714285713969e-01 6.190476190476190688e-01 -4.938111747218982238e-04 1.763136985564193668e-02 -5.250398491053997682e-03 1.293256671771876847e-03 1.293256671771877715e-03 4.081532368237358877e-02
6.190476190476190688e-01 6.190476190476190688e-01 -8.213538141838801817e-04 1.761069644808996998e-02 -5.137671788036149260e-03 2.083260636471119271e-03 2.083260636471118837e-03 4.068998198400679278e-02
6.666666666666666297e-01 6.190476190476190688e-01 -1.146211939762444574e-03 1.757479158833169519e-02 -5.061321907484216814e-03 2.738333277367408902e-03 2.738333277367408468e-03 4.031252835047391403e-02
7.142857142857143016e-01 6.190476190476190688e-01 -1.466302603644888906e-03 1.751728717323575504e-02 -4.781379102470862189e-03 3.226743244771021393e-03 3.226743244771021826e-03 3.999414421386494195e-02
7.619047619047618625e-01 6.190476190476190688e-01 -1.778612638532740082e-03 1.742980905925422055e-02 -4.285552899018964072e-03 3.410783828798163476e-03 3.410783828798163476e-03 3.942087135015701765e-02
8.095238095238095344e-01 6.190476190476190688e-01 -2.079065671794816991e-03 1.730090374406872966e-02 -3.564865459485499089e-03 3.230123999697915270e-03 3.230123999697898356e-03 3.909556586985087762e-02
8.571428571428570953e-01 6.190476190476190688e-01 -2.363309292628516106e-03 1.711694276053036395e-02 -2.223325894618338999e-03 2.449429439125024466e-03 2.449429439125036176e-03 3.869769413845426664e-02
9.047619047619047672e-01 6.190476190476190688e-01 -2.630453233506577834e-03 1.686349487211222242e-02 -1.062263012953904582e-03 1.031396287639093062e-03 1.031396287639092411e-03 3.982790249635227015e-02
9.523809523809523281e-01 6.190476190476190688e-01 -2.890297654992422284e-03 1.653771491495773308e-02 9.716364550214329188e-05 -5.912857171740486511e-04 -5.912857171740508195e-04 4.218850749060817917e-02
1.000000000000000000e+00 6.190476190476190688e-01 -3.168209359587607476e-03 1.618109794331639220e-02 8.407046903336443404e-05 -3.279705307413746966e-04 -3.279705307413757808e-04 4.752247091547855823e-02
0.000000000000000000e+00 6.666666666666666297e-01 2.857458003227180028e-03 1.685353220720652370e-02 -4.772105023982186079e-06 1.674070551050256637e-04 1.674070551050256637e-04 4.577119260093898134e-02
4.761904761904761640e-02 6.666666666666666297e-01 2.582503190839474314e-03 1.715607651266613798e-02 1.193349507061551508e-04 6.962358567358190248e-04 6.962358567358190248e-04 4.310564757604884445e-02
9.523809523809523281e-02 6.666666666666666297e-01 2.322287189476557843e-03 1.744926920872051992e-02 -1.108504727498667438e-04 -2.180686199684477272e-04 -2.180686199684476730e-04 4.118569839443606689e-02
1.428571428571428492e-01 6.666666666666666297e-01 2.066333724894661283e-03 1.769444139370197552e-02 -5.417983558196207486e-04 -1.485941583138825593e-03 -1.485941583138825593e-03 3.997649371501475757e-02
1.904761904761904656e-01 6.666666666666666297e-01 1.806317255924057980e-03 1.788226693899552106e-02 -1.234956060334731730e-03 -2.419395917784160268e-03 -2.419395917784160268e-03 3.973782867432820026e-02
2.380952380952380820e-01 6.666666666666666297e-01 1.539579303626165997e-03 1.801840811739286591e-02 -1.640569373664114983e-03 -2.866336760675659758e-03 -2.866336760675660192e-03 3.965070360805450500e-02
2.857142857142856984e-01 6.666666666666666297e-01 1.266668753795118863e-03 1.811301529351239809e-02 -2.030364983119693073e-03 -2.880731828758803428e-03 -2.880731828758803428e-03 3.979599893501165053e-02
3.333333333333333148e-01 6.666666666666666297e-01 9.891076525875130282e-04 1.817621895998937365e-02 -2.216966700884217753e-03 -2.546022347857248430e-03 -2.546022347857247996e-03 3.991222731007619540e-02
3.809523809523809312e-01 6.666666666666666297e-01 7.083580838137119081e-04 1.821644157674237596e-02 -2.353908848612664556e-03 -1.975105501152099423e-03 -1.975105501152099423e-03 4.004865020777701595e-02
4.285714285714285476e-01 6.666666666666666297e-01 4.256518157923829004e-04 1.823991234852620144e-02 -2.418194534454340405e-03 -1.240016543402673805e-03 -1.240016543402673371e-03 4.012821862154927754e-02
4.761904761904761640e-01 6.666666666666666297e-01 1.418858217672905688e-04 1.825075150897144741e-02 -2.441607176807053959e-03 -4.185260369207537373e-04 -4.185260369207524363e-04 4.018051209084239767e-02
5.238095238095238360e-01 6.666666666666666297e-01 -1.421938953383117493e-04 1.825093087415613144e-02 -2.446559028694380265e-03 4.328066206617165639e-04 4.328066206617309838e-04 4.017308589573478222e-02
5.714285714285713969e-01 6.666666666666666297e-01 -4.259142518640624312e-04 1.824048855625495444e-02 -2.413312055183043821e-03 1.256552685330354071e-03 1.256552685330545541e-03 4.013228904232159222e-02
6.190476190476190688e-01 6.666666666666666297e-01 -7.085525956831390882e-04 1.821737268114018843e-02 -2.344019311754639602e-03 1.988023805961547721e-03 1.988023805961548155e-03 4.003257685781549252e-02
6.666666666666666297e-01 6.666666666666666297e-01 -9.891743171926304506e-04 1.817752262166030114e-02 -2.229532150164741967e-03 2.565410710846907551e-03 2.565410710846905817e-03 3.992154720833612086e-02
7.142857142857143016e-01 6.666666666666666297e-01 -1.266616249182869790e-03 1.811464717592213558e-02 -1.985885102369854948e-03 2.892826063920177996e-03 2.892826063920174526e-03 3.976132265968718854e-02
7.619047619047618625e-01 6.666666666666666297e-01 -1.539361843443616540e-03 1.802032823364229860e-02 -1.696742928933875133e-03 2.886303576918660633e-03 2.886303576918658898e-03 3.969067001331928052e-02
8.095238095238095344e-01 6.666666666666666297e-01 -1.805931629591734852e-03 1.788440408802731071e-02 -1.132899342233667983e-03 2.430723195122606092e-03 2.430723195122467314e-03 3.964638304116908235e-02
8.571428571428570953e-01 6.666666666666666297e-01 -2.065859703038156522e-03 1.769659572417730739e-02 -6.477698122781212547e-04 1.489783674853700649e-03 1.489783674853735343e-03 4.012209715668800525e-02
9.047619047619047672e-01 6.666666666666666297e-01 -2.321845631115887314e-03 1.745133320621369832e-02 -3.089475608984200037e-05 2.358771065505652510e-04 2.358771065505767164e-04 4.099874546577939732e-02
9.523809523809523281e-01 6.666666666666666297e-01 -2.582008404675169028e-03 1.715815960835364098e-02 1.149648196470065499e-04 -7.247570911143014607e-04 -7.247570911143014607e-04 4.319492265299532119e-02
1.000000000000000000e+00 6.666666666666666297e-01 -2.857067928991776761e-03 1.685578148813024479e-02 -1.200170009179172786e-05 -1.591294467479190003e-04 -1.591294467479191087e-04 4.572781697225747344e-02
0.000000000000000000e+00 7.142857142857143016e-01 2.583232530806810808e-03 1.750532137403022076e-02 -3.851785216297970459e-05 1.200259156853173559e-04 1.200259156853173694e-04 4.449557412709714832e-02
4.761904761904761640e-02 7.142857142857143016e-01 2.311458488413851639e-03 1.778137394112026815e-02 1.453897018564102839e-04 5.478613116958507348e-04 5.478613116958511685e-04 4.342055094320853431e-02
9.523809523809523281e-02 7.142857142857143016e-01 2.050218752308973283e-03 1.805056415843964840e-02 3.896361889785138351e-04 -1.661372453843521727e-04 -1.661372453843523082e-04 4.217565262547792737e-02
1.428571428571428492e-01 7.142857142857143016e-01 1.798968722316115305e-03 1.828158744925449317e-02 5.220205419104334034e-04 -1.232964701388023854e-03 -1.232964701388022553e-03 4.118200802078481049e-02
1.904761904761904656e-01 7.142857142857143016e-01 1.554467205003507791e-03 1.846306152081892554e-02 5.822602048582026929e-04 -2.136798864873296327e-03 -2.136798864873298495e-03 4.039647011355573109e-02
2.380952380952380820e-01 7.142857142857143016e-01 1.313652692379496624e-03 1.859710668130373779e-02 5.219076759734716988e-04 -2.631086382670684131e-03 -2.631086382670683697e-03 3.996686685857910731e-02
2.857142857142856984e-01 7.142857142857143016e-01 1.074505300712813929e-03 1.869164270110018969e-02 4.901611441685589524e-04 -2.704448003355057473e-03 -2.704448003355057473e-03 3.965001800902267365e-02
3.333333333333333148e-01 7.142857142857143016e-01 8.359013460218643783e-04 1.875550603980594838e-02 4.123112772095012882e-04 -2.433680608964963223e-03 -2.433680608964963223e-03 3.951066934575497847e-02
3.809523809523809312e-01 7.142857142857143016e-01 5.972888970963118049e-04 1.879654478657761738e-02 3.779395578946678422e-04 -1.902716256669600330e-03 -1.902716256669600113e-03 3.941065881853109132e-02
4.285714285714285476e-01 7.142857142857143016e-01 3.584745962553602546e-04 1.882067875218172703e-02 3.339795616258536067e-04 -1.204356278027237910e-03 -1.204356278027237910e-03 3.938086936384549430e-02
4.761904761904761640e-01 7.142857142857143016e-01 1.194783179319342350e-04 1.883186150282721572e-02 3.253582508996014804e-04 -4.073260630193624703e-04 -4.073260630193625787e-04 3.935694853033507717e-02
5.238095238095238360e-01 7.142857142857143016e-01 -1.195730400313383806e-04 1.883202328754718033e-02 3.195086937594887448e-04 4.202917938545238296e-04 4.202917938545280580e-04 3.936264321040953973e-02
5.714285714285713969e-01 7.142857142857143016e-01 -3.585174742864520548e-04 1.882117646715473006e-02 3.465090924006253444e-04 1.216220354111791600e-03 1.216220354111796154e-03 3.936820866443316996e-02
6.190476190476190688e-01 7.142857142857143016e-01 -5.972274806992752859e-04 1.879736208668237804e-02 3.722099471405334562e-04 1.917844403743724363e-03 1.917844403743726098e-03 3.941701352222012900e-02
6.666666666666666297e-01 7.142857142857143016e-01 -8.356916890463766566e-04 1.875666451541856128e-02 4.374227987203423889e-04 2.445798905687897838e-03 2.445798905687890466e-03 3.948487688898958542e-02
7.142857142857143016e-01 7.142857142857143016e-01 -1.074111165007311623e-03 1.869309737735124280e-02 4.781929629571848622e-04 2.721734645881986308e-03 2.721734645881991946e-03 3.966828966226054048e-02
7.619047619047618625e-01 7.142857142857143016e-01 -1.313051848715848877e-03 1.859888901984754414e-02 5.605761791995592927e-04 2.645722698562340009e-03 2.645722698562402459e-03 3.992291538733307166e-02
8.095238095238095344e-01 7.142857142857143016e-01 -1.553687005318238681e-03 1.846504749090707720e-02 5.625386850642081745e-04 2.149963864300400308e-03 2.149963864300359108e-03 4.044214309083876691e-02
8.571428571428570953e-01 7.142857142857143016e-01 -1.798067461649701087e-03 1.828373997686613683e-02 5.512836582155142794e-04 1.253879088055130956e-03 1.253879088055872768e-03 4.112886359410768133e-02
9.047619047619047672e-01 7.142857142857143016e-01 -2.049246950742953342e-03 1.805280537418225278e-02 3.890604792591584467e-04 1.668780383308267638e-04 1.668780383309356719e-04 4.221523709488778781e-02
9.523809523809523281e-01 7.142857142857143016e-01 -2.310462033548114046e-03 1.778331169908579576e-02 1.377999165702339631e-04 -5.245448414417675518e-04 -5.245448414417718886e-04 4.345374474452406988e-02
1.000000000000000000e+00 7.142857142857143016e-01 -2.582005635339335893e-03 1.750657759240990471e-02 -8.933910249535018556e-06 -1.255261420697289100e-04 -1.255261420697299400e-04 4.444685968701812817e-02
0.000000000000000000e+00 7.619047619047618625e-01 2.319403806581516250e-03 1.813994862920186024e-02 -1.447035279180369698e-05 1.165193158432857839e-04 1.165193158432857839e-04 4.350458756672843930e-02
4.761904761904761640e-02 7.619047619047618625e-01 2.050015226631109796e-03 1.840957722910228564e-02 1.896217711484468355e-04 1.696168731393268012e-04 1.696168731393268012e-04 4.383060711151795519e-02
9.523809523809523281e-02 7.619047619047618625e-01 1.788217717393017318e-03 1.866336917603539369e-02 8.565689172350092343e-04 -6.272766143297284344e-04 -6.272766143297266997e-04 4.312702300689275764e-02
1.428571428571428492e-01 7.619047619047618625e-01 1.541617203788659676e-03 1.887691051262442229e-02 1.541502814067579122e-03 -1.637491306366049100e-03 -1.637491306366049533e-03 4.214146610578685392e-02
1.904761904761904656e-01 7.619047619047618625e-01 1.311363148230529482e-03 1.904342164258470901e-02 2.192293402987666780e-03 -2.398525647728003921e-03 -2.398525647728003921e-03 4.108359601388483079e-02
2.380952380952380820e-01 7.619047619047618625e-01 1.094630736943241756e-03 1.916643346526010830e-02 2.594986943011087267e-03 -2.773174655228958542e-03 -2.773174655228959409e-03 4.017261173703522842e-02
2.857142857142856984e-01 7.619047619047618625e-01 8.874131458504855340e-04 1.925347781004975792e-02 2.844159270693746248e-03 -2.766422777277142541e-03 -2.766422777277142541e-03 3.954677660580051962e-02
3.333333333333333148e-01 7.619047619047618625e-01 6.861860326239575510e-04 1.931268558143755393e-02 2.972981425062372427e-03 -2.444921675230526514e-03 -2.444921675230527381e-03 3.906815859155662179e-02
3.809523809523809312e-01 7.619047619047618625e-01 4.884344429115164291e-04 1.935097174965443728e-02 3.012431099772225080e-03 -1.897227881066395217e-03 -1.897227881066398687e-03 3.880350312932519946e-02
4.285714285714285476e-01 7.619047619047618625e-01 2.925053871083674209e-04 1.937364690614960111e-02 3.040041707987298399e-03 -1.193604787596937123e-03 -1.193604787596937991e-03 3.861733304760817803e-02
4.761904761904761640e-01 7.619047619047618625e-01 9.743678097949338990e-05 1.938418238067871405e-02 3.028984048062650404e-03 -4.043185747527477556e-04 -4.043185747527485146e-04 3.855611434268964299e-02
5.238095238095238360e-01 7.619047619047618625e-01 -9.736901577541005371e-05 1.938432147286192272e-02 3.044401540578025450e-03 4.138278730837842184e-04 4.138278730837766832e-04 3.854000079896122838e-02
5.714285714285713969e-01 7.619047619047618625e-01 -2.923781826332548040e-04 1.937405175359709422e-02 3.031171451759797578e-03 1.204466526253045655e-03 1.204466526252965207e-03 3.862976313576543808e-02
6.190476190476190688e-01 7.619047619047618625e-01 -4.881762174099765739e-04 1.935166392944472069e-02 3.032611403811326118e-03 1.906583959858662494e-03 1.906583959858650784e-03 3.877593936590349732e-02
6.666666666666666297e-01 7.619047619047618625e-01 -6.857540328177861482e-04 1.931364958658447761e-02 2.974743869685764121e-03 2.458279143591827944e-03 2.458279143591832715e-03 3.908547440329086103e-02
7.142857142857143016e-01 7.619047619047618625e-01 -8.867312211836074314e-04 1.925475843820518770e-02 2.860685600005179619e-03 2.778015708529018440e-03 2.778015708528886168e-03 3.950641217588448523e-02
7.619047619047618625e-01 7.619047619047618625e-01 -1.093688699592270178e-03 1.916799306157300140e-02 2.619962616074752830e-03 2.789494076536258235e-03 2.789494076536599108e-03 4.019613108725215295e-02
8.095238095238095344e-01 7.619047619047618625e-01 -1.310162149424032741e-03 1.904532330203471957e-02 2.180765563509311569e-03 2.417716326417455874e-03 2.417716326417422047e-03 4.106010794852692908e-02
8.571428571428570953e-01 7.619047619047618625e-01 -1.540192824650891100e-03 1.887904810364738825e-02 1.598637016928680437e-03 1.649422734632417396e-03 1.649422734632389207e-03 4.213107461758422434e-02
9.047619047619047672e-01 7.619047619047618625e-01 -1.786728607690098126e-03 1.866557129486827796e-02 8.118013791275107598e-04 6.504042728470781987e-04 6.504042728465318692e-04 4.321408673035462278e-02
9.523809523809523281e-01 7.619047619047618625e-01 -2.048600766919631347e-03 1.841173920937374392e-02 2.202776338925372616e-04 -1.815621194562826147e-04 -1.815621194562515794e-04 4.372306664703941304e-02
1.000000000000000000e+00 7.619047619047618625e-01 -2.318443910451252043e-03 1.814192477825228231e-02 -7.767754499574598302e-05 -1.124802062647013847e-04 -1.124802062647374616e-04 4.363139054189778265e-02
0.000000000000000000e+00 8.095238095238095344e-01 2.046401280540272212e-03 1.876513037294854497e-02 -1.465631313154722214e-04 1.373028739568619115e-04 1.373028739568618573e-04 4.326816402112503013e-02
4.761904761904761640e-02 8.095238095238095344e-01 1.775888834088535425e-03 1.904410410455609909e-02 3.599418405244369590e-04 -4.409766601534481157e-04 -4.409766601534495251e-04 4.438682122546262765e-02
9.523809523809523281e-02 8.095238095238095344e-01 1.514073720905300194e-03 1.928682269662813226e-02 1.438538300669478737e-03 -1.663179093036492228e-03 -1.663179093036492228e-03 4.431369527647731343e-02
1.428571428571428492e-01 8.095238095238095344e-01 1.276025439001131313e-03 1.947811134743770295e-02 2.925593142702017507e-03 -2.634715329111175525e-03 -2.634715329111175525e-03 4.294669805220319853e-02
1.904761904761904656e-01 8.095238095238095344e-01 1.064699275975393693e-03 1.962130182475404702e-02 3.961565071995835734e-03 -3.153736219831217765e-03 -3.153736219831217765e-03 4.151695675666765978e-02
2.380952380952380820e-01 8.095238095238095344e-01 8.755409595816790458e-04 1.972495857256396923e-02 4.793816302375726243e-03 -3.258259833059468525e-03 -3.258259833059468525e-03 4.026777731907762309e-02
2.857142857142856984e-01 8.095238095238095344e-01 7.021564715628106140e-04 1.979792844846284261e-02 5.238691061708587206e-03 -3.035672223583200675e-03 -3.035672223583200675e-03 3.925709311650763672e-02
3.333333333333333148e-01 8.095238095238095344e-01 5.389619286911092764e-04 1.984763795809490333e-02 5.491583152980953828e-03 -2.579203886651801857e-03 -2.579203886651801857e-03 3.860538357309273305e-02
3.809523809523809312e-01 8.095238095238095344e-01 3.818132478825165405e-04 1.987997590578711657e-02 5.619529056831842027e-03 -1.950971409630993100e-03 -1.950971409630992666e-03 3.811893629318690441e-02
4.285714285714285476e-01 8.095238095238095344e-01 2.280384130078571495e-04 1.989922884282553997e-02 5.651091635612190064e-03 -1.212574427268974442e-03 -1.212574427268974442e-03 3.787440669894769074e-02
4.761904761904761640e-01 8.095238095238095344e-01 7.589697657075604442e-05 1.990821809080528526e-02 5.685587685172849640e-03 -4.087745288387111442e-04 -4.087745288387134210e-04 3.772350844171275946e-02
5.238095238095238360e-01 8.095238095238095344e-01 -7.573472656296589595e-05 1.990831977566271185e-02 5.667413092166573470e-03 4.154966744119787986e-04 4.154966744119881769e-04 3.774466444296580014e-02
5.714285714285713969e-01 8.095238095238095344e-01 -2.278027276506080741e-04 1.989954520958838249e-02 5.674377963567103257e-03 1.218624279255571975e-03 1.218624279255560482e-03 3.784464531836923690e-02
6.190476190476190688e-01 8.095238095238095344e-01 -3.814524837717257560e-04 1.988050378662025233e-02 5.614263981643867300e-03 1.959107454792718538e-03 1.959107454792758003e-03 3.814086828663014461e-02
6.666666666666666297e-01 8.095238095238095344e-01 -5.383717993313791349e-04 1.984840524522069050e-02 5.510095248316330616e-03 2.585705904071551337e-03 2.585705904071394345e-03 3.856037670561636432e-02
7.142857142857143016e-01 8.095238095238095344e-01 -7.013083084644975308e-04 1.979894416697532133e-02 5.265821000125703658e-03 3.047405872421935901e-03 3.047405872421970162e-03 3.928431026396993903e-02
7.619047619047618625e-01 8.095238095238095344e-01 -8.743129596695267073e-04 1.972628836192069288e-02 4.779823396256491046e-03 3.269182421819483673e-03 3.269182421819103335e-03 4.022141100548459053e-02
8.095238095238095344e-01 8.095238095238095344e-01 -1.063070189459886091e-03 1.962297249276142436e-02 4.060275551795616486e-03 3.174802026587377705e-03 3.174802026587029893e-03 4.151993191072407552e-02
8.571428571428570953e-01 8.095238095238095344e-01 -1.274104635357092971e-03 1.948026334944056442e-02 2.829776701629185300e-03 2.661782575724858969e-03 2.661782575724841188e-03 4.301017581541455304e-02
9.047619047619047672e-01 8.095238095238095344e-01 -1.511955905799570923e-03 1.928921454174025579e-02 1.581832412273021307e-03 1.676673140372222795e-03 1.676673140372220193e-03 4.415540412443413887e-02
9.523809523809523281e-01 8.095238095238095344e-01 -1.773670240897579639e-03 1.904629517126298771e-02 3.003177189147437942e-04 4.823665876086324564e-04 4.823665876086223191e-04 4.466278498843822414e-02
1.000000000000000000e+00 8.095238095238095344e-01 -2.043582959964410431e-03 1.876654529115527256e-02 -3.807535687542937887e-05 -1.351634915613910586e-04 -1.351634915613939589e-04 4.306035572070147227e-02
0.000000000000000000e+00 8.571428571428570953e-01 1.739299874986013471e-03 1.938799380729544150e-02 -1.417029089745888010e-04 2.519200903789505668e-04 2.519200903789561505e-04 4.326232894368727683e-02
4.761904761904761640e-02 8.571428571428570953e-01 1.464338852869269490e-03 1.969228863253967565e-02 5.448683830891819062e-04 -1.677283904421145730e-03 -1.677283904421147031e-03 4.628142151085420930e-02
9.523809523809523281e-02 8.571428571428570953e-01 1.206193611935169139e-03 1.992059625340366832e-02 2.948186658478648119e-03 -3.443701886500488869e-03 -3.443701886500490170e-03 4.529480104031181897e-02
1.428571428571428492e-01 8.571428571428570953e-01 9.871157348288663730e-04 2.007971950871780681e-02 4.752302657714438383e-03 -4.203221890788066614e-03 -4.203221890788068349e-03 4.356762414703367614e-02
1.904761904761904656e-01 8.571428571428570953e-01 8.054442342368369531e-04 2.019035560650555769e-02 6.384679888468459269e-03 -4.262646018828555178e-03 -4.262646018828576862e-03 4.161744021443859742e-02
2.380952380952380820e-01 8.571428571428570953e-01 6.518561225258248009e-04 2.026789291548668562e-02 7.236495167326557031e-03 -3.934192449306666943e-03 -3.934192449306666943e-03 3.997794842958110606e-02
2.857142857142856984e-01 8.571428571428570953e-01 5.170613613650294543e-04 2.032197639878518050e-02 7.781316833975205662e-03 -3.412692033504831010e-03 -3.412692033504827974e-03 3.883266827274944183e-02
3.333333333333333148e-01 8.571428571428570953e-01 3.939406167599342071e-04 2.035890454405679326e-02 8.047205046154993005e-03 -2.762649132444087649e-03 -2.762649132444088083e-03 3.794481616595190426e-02
3.809523809523809312e-01 8.571428571428570953e-01 2.777850232904923214e-04 2.038308612712046858e-02 8.149815685432689263e-03 -2.030614717991316171e-03 -2.030614717991315304e-03 3.742479713442563305e-02
4.285714285714285476e-01 8.571428571428570953e-01 1.654535954471376719e-04 2.039759146565824077e-02 8.215767194205464766e-03 -1.239707329194573342e-03 -1.239707329194574209e-03 3.705232773644596272e-02
4.761904761904761640e-01 8.571428571428570953e-01 5.502199657186556493e-05 2.040439387289011766e-02 8.202286954368493560e-03 -4.160124804598785888e-04 -4.160124804598805404e-04 3.692328519007656573e-02
5.238095238095238360e-01 8.571428571428570953e-01 -5.483123445832474113e-05 2.040446521349033662e-02 8.230679743941007181e-03 4.190783149983013972e-04 4.190783149982723406e-04 3.689266034751096518e-02
5.714285714285713969e-01 8.571428571428570953e-01 -1.652040109788292951e-04 2.039780572761739491e-02 8.195642356151342303e-03 1.243262773400705644e-03 1.243262773400709113e-03 3.707917191095824044e-02
6.190476190476190688e-01 8.571428571428570953e-01 -2.773871284238082959e-04 2.038345159594852352e-02 8.178615072625241081e-03 2.032920112869090069e-03 2.032920112869047568e-03 3.738037968113566700e-02
6.666666666666666297e-01 8.571428571428570953e-01 -3.933549908242123380e-04 2.035943545584536357e-02 8.049619061486995228e-03 2.767048631039862976e-03 2.767048631039617079e-03 3.797685615824600291e-02
7.142857142857143016e-01 8.571428571428570953e-01 -5.161342456625250602e-04 2.032269818347120019e-02 7.792593696939006942e-03 3.414810940930297981e-03 3.414810940925937753e-03 3.876968953043238159e-02
7.619047619047618625e-01 8.571428571428570953e-01 -6.505645954111974110e-04 2.026887208758244505e-02 7.304273721292858790e-03 3.944590136618578852e-03 3.944590136621306704e-03 4.001189144174346901e-02
8.095238095238095344e-01 8.571428571428570953e-01 -8.035440995943018841e-04 2.019166883539659160e-02 6.321904729089698055e-03 4.270274135926751743e-03 4.270274135926522760e-03 4.157062475606525254e-02
8.571428571428570953e-01 8.571428571428570953e-01 -9.844597600197103893e-04 2.008159430758605854e-02 4.997217084389735629e-03 4.244186215116646337e-03 4.244186215117178897e-03 4.352171507828019037e-02
9.047619047619047672e-01 8.571428571428570953e-01 -1.203238829877854290e-03 1.992344452360246543e-02 2.691251317456889742e-03 3.493895680201308807e-03 3.493895680201301000e-03 4.562960019994675293e-02
9.523809523809523281e-01 8.571428571428570953e-01 -1.461704520976906882e-03 1.969512084391755041e-02 7.465890803945102530e-04 1.664541900377542122e-03 1.664541900377542122e-03 4.588167773819087913e-02
1.000000000000000000e+00 8.571428571428570953e-01 -1.737906364724209384e-03 1.939020038925054132e-02 -3.843719521681586058e-04 -1.972083392692437884e-04 -1.972083392692459839e-04 4.385822945479510987e-02
0.000000000000000000e+00 9.047619047619047672e-01 1.373755070546757830e-03 2.002213836280236289e-02 -1.467047278686142492e-03 9.750429432624412116e-04 9.750429432624409948e-04 4.504513186524080476e-02
4.761904761904761640e-02 9.047619047619047672e-01 1.083186246023505909e-03 2.036717773445954199e-02 2.454138810493739203e-03 -4.396166218565597007e-03 -4.396166218565597007e-03 4.835142033644291432e-02
9.523809523809523281e-02 9.047619047619047672e-01 8.443727560654144034e-04 2.055947204081519722e-02 5.266558945277305392e-03 -6.199061368145129466e-03 -6.199061368145132069e-03 4.645013040641910590e-02
1.428571428571428492e-01 9.047619047619047672e-01 6.664733035665374675e-04 2.066985926725221565e-02 8.125314423190886648e-03 -6.127095977522397166e-03 -6.127095977522399768e-03 4.353713916313165649e-02
1.904761904761904656e-01 9.047619047619047672e-01 5.320015808133020125e-04 2.074001750314606943e-02 9.363576112154006759e-03 -5.389451597436664340e-03 -5.389451597436672146e-03 4.108166911257412485e-02
2.380952380952380820e-01 9.047619047619047672e-01 4.247040182949018668e-04 2.078797374086351762e-02 1.011311779767043971e-02 -4.562215528597025199e-03 -4.562215528597025199e-03 3.939751879888801767e-02
2.857142857142856984e-01 9.047619047619047672e-01 3.338205640029437123e-04 2.082136623968722233e-02 1.045571044868898875e-02 -3.723794349467413230e-03 -3.723794349467413230e-03 3.806298413602864084e-02
3.333333333333333148e-01 9.047619047619047672e-01 2.528889002817823325e-04 2.084440473682804343e-02 1.057650909776326753e-02 -2.900018163662840525e-03 -2.900018163662840525e-03 3.722852284865283551e-02
3.809523809523809312e-01 9.047619047619047672e-01 1.776779934421679388e-04 2.085965819363349086e-02 1.064451717514666371e-02 -2.075788697234431934e-03 -2.075788697234431934e-03 3.658820653465544998e-02
4.285714285714285476e-01 9.047619047619047672e-01 1.056270313045730799e-04 2.086891542575482206e-02 1.060870332476726574e-02 -1.248921155639743557e-03 -1.248921155639743557e-03 3.626427453926571454e-02
4.761904761904761640e-01 9.047619047619047672e-01 3.510212851920318410e-05 2.087328185225149207e-02 1.063507247414655944e-02 -4.166960019491949656e-04 -4.166960019491956703e-04 3.605739427783368617e-02
5.238095238095238360e-01 9.047619047619047672e-01 -3.495119380836509960e-05 2.087332479468377230e-02 1.060066985686765328e-02 4.171729670482481164e-04 4.171729670482449723e-04 3.608941793603602510e-02
5.714285714285713969e-01 9.047619047619047672e-01 -1.054191632120609739e-04 2.086903314789943439e-02 1.064707738086689837e-02 1.248620865122866339e-03 1.248620865122906237e-03 3.622355940970781174e-02
6.190476190476190688e-01 9.047619047619047672e-01 -1.773702916813272754e-04 2.085987019509367990e-02 1.061894572042680618e-02 2.075633208756884947e-03 2.075633208756884947e-03 3.662244029860903249e-02
6.666666666666666297e-01 9.047619047619047672e-01 -2.523863543449281341e-04 2.084469684411683135e-02 1.061348801059308969e-02 2.897148722848539703e-03 2.897148722850554151e-03 3.716844227137415524e-02
7.142857142857143016e-01 9.047619047619047672e-01 -3.330842540061820117e-04 2.082178868434395036e-02 1.045798557862352880e-02 3.722773936710406257e-03 3.722773936714457270e-03 3.810837392412225189e-02
7.619047619047618625e-01 9.047619047619047672e-01 -4.235218337034956163e-04 2.078851282943779133e-02 1.012687146840657131e-02 4.554635669957777210e-03 4.554635669959696681e-03 3.930769769413377385e-02
8.095238095238095344e-01 9.047619047619047672e-01 -5.303511079043944903e-04 2.074083456265927647e-02 9.469830663475585497e-03 5.397365029179731002e-03 5.397365029180275706e-03 4.114201694895484179e-02
8.571428571428570953e-01 9.047619047619047672e-01 -6.636801280057641255e-04 2.067092270852814370e-02 8.004228417231088605e-03 6.121869804902212858e-03 6.121869804902220664e-03 4.343906051590947642e-02
9.047619047619047672e-01 9.047619047619047672e-01 -8.397086632892429656e-04 2.056193300865285373e-02 5.942411280766704031e-03 6.315251582151694063e-03 6.315251582151695797e-03 4.638537147133624250e-02
9.523809523809523281e-01 9.047619047619047672e-01 -1.078283297436938336e-03 2.037088300346219169e-02 1.589886148678272375e-03 4.477957384004745828e-03 4.477957384004745828e-03 4.981728605651768865e-02
1.000000000000000000e+00 9.047619047619047672e-01 -1.364128205825061897e-03 2.002725866775964883e-02 -7.780292425328711337e-04 -4.693625053892918546e-04 -4.693625053892918004e-04 4.503358667041867242e-02
0.000000000000000000e+00 9.523809523809523281e-01 8.709254763028173238e-04 2.072085702610990121e-02 3.425918581131397905e-04 1.160516734304847504e-03 1.160516734304848589e-03 4.734693351022287167e-02
4.761904761904761640e-02 9.523809523809523281e-01 5.864717683391160478e-04 2.107408687723621304e-02 6.090443648721100348e-03 -1.003964542843171180e-02 -1.003964542843171180e-02 5.221204121583102042e-02
9.523809523809523281e-02 9.523809523809523281e-01 4.223738233837741698e-04 2.117938606967268572e-02 1.121670094284441845e-02 -9.335144630953931544e-03 -9.335144630953929809e-03 4.646595056327133128e-02
1.428571428571428492e-01 9.523809523809523281e-01 3.238317415334713558e-04 2.122803749907043250e-02 1.264463496530688139e-02 -7.529688597065305709e-03 -7.529688597065303107e-03 4.232791061466313620e-02
1.904761904761904656e-01 9.523809523809523281e-01 2.556197963089823564e-04 2.125737378294014629e-02 1.302623810652313828e-02 -6.026034704407073027e-03 -6.026034704407064353e-03 4.008090979364991452e-02
2.380952380952380820e-01 9.523809523809523281e-01 2.024735494971788763e-04 2.127789503082861203e-02 1.318330107120405104e-02 -4.834091754614374889e-03 -4.834091754614374889e-03 3.833965532354825789e-02
2.857142857142856984e-01 9.523809523809523281e-01 1.585033825852271133e-04 2.129238112470695221e-02 1.309468702478271650e-02 -3.804867007776177677e-03 -3.804867007776177677e-03 3.721696707817223615e-02
3.333333333333333148e-01 9.523809523809523281e-01 1.197429990341893660e-04 2.130267923597354077e-02 1.306320070042051376e-02 -2.895072585458039523e-03 -2.895072585458039523e-03 3.632289351699798802e-02
3.809523809523809312e-01 9.523809523809523281e-01 8.404101311133180773e-05 2.130958252825917651e-02 1.291689175306497822e-02 -2.037922716808765293e-03 -2.037922716808764859e-03 3.579481604186954963e-02
4.285714285714285476e-01 9.523809523809523281e-01 4.992731189738745909e-05 2.131388405075946776e-02 1.289169465626276677e-02 -1.214924823826027834e-03 -1.214924823826026967e-03 3.540317682951645700e-02
4.761904761904761640e-01 9.523809523809523281e-01 1.659194908092517562e-05 2.131589850580845047e-02 1.280329198358036435e-02 -4.038234153840314106e-04 -4.038234153840322780e-04 3.526836935956615543e-02
5.238095238095238360e-01 9.523809523809523281e-01 -1.651480107488559595e-05 2.131593729599811152e-02 1.285082628786161918e-02 4.026967675516084479e-04 4.026967675516005874e-04 3.523408975178940472e-02
5.714285714285713969e-01 9.523809523809523281e-01 -4.982660733798909117e-05 2.131390507439327731e-02 1.284480406936933106e-02 1.212101417156748098e-03 1.212101417156714270e-03 3.543506137903035952e-02
6.190476190476190688e-01 9.523809523809523281e-01 -8.386205918829607380e-05 2.130968981956850652e-02 1.297098902303653670e-02 2.036259047009636967e-03 2.036259047009250991e-03 3.574837827996764361e-02
6.666666666666666297e-01 9.523809523809523281e-01 -1.194933076097252651e-04 2.130275454165905108e-02 1.301445961986424753e-02 2.886333824991296239e-03 2.886333824990480485e-03 3.636168472622586245e-02
7.142857142857143016e-01 9.523809523809523281e-01 -1.580373335697187267e-04 2.129257700214251189e-02 1.315926972663802701e-02 3.801830592589589778e-03 3.801830592582456161e-03 3.714837882445402167e-02
7.619047619047618625e-01 9.523809523809523281e-01 -2.018818770893960940e-04 2.127801536713666217e-02 1.314116652400956764e-02 4.811643385934933313e-03 4.811643385937536266e-03 3.839696288606446462e-02
8.095238095238095344e-01 9.523809523809523281e-01 -2.544658426361159367e-04 2.125775566475467462e-02 1.310027222555772489e-02 6.026277059227370426e-03 6.026277059227278486e-03 3.995952831965014079e-02
8.571428571428570953e-01 9.523809523809523281e-01 -3.226828978823345889e-04 2.122801724338678822e-02 1.263720180399795917e-02 7.486470991638525911e-03 7.486470991638525911e-03 4.246073352849737137e-02
9.047619047619047672e-01 9.523809523809523281e-01 -4.182088240668187891e-04 2.118028953280604726e-02 1.137052818843643266e-02 9.445423795919389090e-03 9.445423795919389090e-03 4.584427380679972214e-02
9.523809523809523281e-01 9.523809523809523281e-01 -5.773004606894699626e-04 2.107764373941361374e-02 7.378691698759903828e-03 1.028324163884493554e-02 1.028324163884493381e-02 5.110544981067998566e-02
1.000000000000000000e+00 9.523809523809523281e-01 -8.741141676120245743e-04 2.071646063741000229e-02 -4.355111952998849158e-03 7.945704408569710230e-04 7.945704408569726493e-04 5.650089307885186596e-02
0.000000000000000000e+00 1.000000000000000000e+00 -5.052882473320059997e-21 2.173399999999999985e-02 2.292728002498048423e-02 -2.173472110222826603e-02 -2.173472110222826603e-02 8.561476111976940029e-02
4.761904761904761640e-02 1.000000000000000000e+00 -7.673104197576936168e-21 2.173399999999999985e-02 1.956903147648273583e-02 -1.360759211063818780e-02 -1.360759211063818606e-02 5.261645907972561237e-02
9.523809523809523281e-02 1.000000000000000000e+00 8.983672076435892034e-16 2.173399999999999985e-02 1.812910868963274122e-02 -9.124897724957637193e-03 -9.124897724957626785e-03 4.299249892375433396e-02
1.428571428571428492e-01 1.000000000000000000e+00 -6.689098835709926609e-21 2.173399999999999985e-02 1.734424973027976283e-02 -7.319965273370196597e-03 -7.319965273370196597e-03 4.057495307314411964e-02
1.904761904761904656e-01 1.000000000000000000e+00 7.532898729468438722e-21 2.173399999999999985e-02 1.658177743471385759e-02 -5.724483761690006903e-03 -5.724483761690006035e-03 3.857350353750414046e-02
2.380952380952380820e-01 1.000000000000000000e+00 -4.292681727899411248e-21 2.173399999999999985e-02 1.598499456534267435e-02 -4.579417451597020752e-03 -4.579417451597020752e-03 3.728918969622396773e-02
2.857142857142856984e-01 1.000000000000000000e+00 1.438060476995743011e-20 2.173399999999999985e-02 1.556077816341003457e-02 -3.564816921674796545e-03 -3.564816921674796545e-03 3.619582709591274983e-02
3.333333333333333148e-01 1.000000000000000000e+00 -3.564873268420885453e-21 2.173399999999999985e-02 1.522070056424275342e-02 -2.708714999573833514e-03 -2.708714999573833514e-03 3.550502580337815128e-02
3.809523809523809312e-01 1.000000000000000000e+00 2.519797652386329356e-16 2.173399999999999985e-02 1.501255289685908718e-02 -1.896750413377085382e-03 -1.896750413377085599e-03 3.493387697532856356e-02
4.285714285714285476e-01 1.000000000000000000e+00 -6.477998362204184739e-21 2.173400000000000332e-02 1.485325932337400352e-02 -1.130960574563066477e-03 -1.130960574563081439e-03 3.464942493949652730e-02
4.761904761904761640e-01 1.000000000000000000e+00 -1.242986495421295406e-16 2.173399999999999638e-02 1.480129934499258698e-02 -3.751967069567034140e-04 -3.751967069567043898e-04 3.445002242333731340e-02
5.238095238095238360e-01 1.000000000000000000e+00 1.346720599213943448e-21 2.173399999999999985e-02 1.478414194014686031e-02 3.743233132388769759e-04 3.743233132388745364e-04 3.448852498568713565e-02
5.714285714285713969e-01 1.000000000000000000e+00 -3.798501368085512921e-15 2.173399999999999985e-02 1.486919904491597506e-02 1.126226443840777419e-03 1.126226443840750097e-03 3.460513091147603831e-02
6.190476190476190688e-01 1.000000000000000000e+00 3.248424554105979393e-21 2.173399999999999985e-02 1.499367317000971193e-02 1.898100992577907891e-03 1.898100992577552923e-03 3.497628359376314666e-02
6.666666666666666297e-01 1.000000000000000000e+00 -3.483605541208721470e-21 2.173399999999999985e-02 1.523579691929975721e-02 2.691803346342925250e-03 2.691803346341094683e-03 3.544630800385009661e-02
7.142857142857143016e-01 1.000000000000000000e+00 5.450790866906411890e-21 2.173399999999999985e-02 1.554109187263126232e-02 3.572653935122079016e-03 3.572653935121328315e-03 3.625157402747183205e-02
7.619047619047618625e-01 1.000000000000000000e+00 1.651466892234162710e-16 2.173399999999999985e-02 1.599809199104403404e-02 4.532673562822440647e-03 4.532673562821542927e-03 3.720474420412332728e-02
8.095238095238095344e-01 1.000000000000000000e+00 8.569091050532787205e-21 2.173399999999999985e-02 1.657003788371904512e-02 5.758482744629830549e-03 5.758482744629599831e-03 3.866826533166777685e-02
8.571428571428570953e-01 1.000000000000000000e+00 2.082265078887496148e-16 2.173399999999999985e-02 1.733157804433805779e-02 7.237469116077570146e-03 7.237469116077553666e-03 4.037629108370789643e-02
9.047619047619047672e-01 1.000000000000000000e+00 1.457172168508960147e-20 2.173399999999999985e-02 1.839376016519360738e-02 9.600304243904617466e-03 9.600304243904619200e-03 4.346390557979007419e-02
9.523809523809523281e-01 1.000000000000000000e+00 -1.608643912094313256e-20 2.173399999999999985e-02 1.993630950323578913e-02 1.400138059560561768e-02 1.400138059560561768e-02 4.817035067789042502e-02
1.000000000000000000e+00 1.000000000000000000e+00 3.998969752185616559e-20 2.173399999999999985e-02 4.693171751064829922e-02 2.994706120291174001e-02 2.994706120291174001e-02 1.007233491838589734e-01
