0.000000000000000000e+00 0.000000000000000000e+00 -2.009615991249874834e-19 -1.692714507090495694e-19 9.107862355110971087e-02 5.068948523712965559e-02 5.068948523712964171e-02 1.551525210218798467e-01
4.761904761904761640e-02 0.000000000000000000e+00 -2.124043790060223459e-17 -1.478183483029772512e-19 3.144402029943482030e-02 2.557416026495792916e-02 2.557416026495788405e-02 6.027269374307197419e-02
9.523809523809523281e-02 0.000000000000000000e+00 -1.235219809948362128e-19 -8.353963992718729536e-20 3.004529144490391407e-02 1.934208304062153341e-02 1.934208304062153341e-02 5.660559032132717744e-02
1.428571428571428492e-01 0.000000000000000000e+00 -1.199160712135562419e-19 -9.938167319678921089e-20 2.973408998597011285e-02 1.604385593228452658e-02 1.604385593228451617e-02 5.502583913862735959e-02
1.904761904761904656e-01 0.000000000000000000e+00 -8.223349062646207953e-20 -7.261590859913136024e-20 2.994977473594815850e-02 1.358179612403645140e-02 1.358179612403645140e-02 5.562776431168019176e-02
2.380952380952380820e-01 0.000000000000000000e+00 -8.229798871996314398e-20 -9.805407227763896913e-20 3.035074424018490216e-02 1.125973392219437388e-02 1.125973392219437388e-02 5.635197883605451430e-02
2.857142857142856984e-01 0.000000000000000000e+00 -5.660818882143978171e-20 -7.352641600561723724e-20 3.080652729039680057e-02 9.102339533252044174e-03 9.102339533252042439e-03 5.721376436320753378e-02
3.333333333333333148e-01 0.000000000000000000e+00 -5.458662002193597758e-20 -7.366571290611824095e-20 3.120500798421396368e-02 6.984128638398356785e-03 6.984128638398356785e-03 5.804766787745138656e-02
3.809523809523809312e-01 0.000000000000000000e+00 -3.433922726029933447e-20 -7.529482534041558494e-20 3.156166615572410933e-02 4.951449268181205669e-03 4.951449268181204802e-03 5.862338527957237228e-02
4.285714285714285476e-01 0.000000000000000000e+00 -1.844710375249522747e-20 -1.187009798538378247e-19 3.176773185415944500e-02 2.943488196355881822e-03 2.943488196355881822e-03 5.912424332045425335e-02
4.761904761904761640e-01 0.000000000000000000e+00 -1.357403301845775677e-20 -7.641688253608173513e-20 3.191259822860278289e-02 9.730597621716606050e-04 9.730597621716606050e-04 5.927712367279019956e-02
5.238095238095238360e-01 0.000000000000000000e+00 -1.184709158688644364e-20 -7.643592310348977769e-20 3.188484172064089128e-02 -9.922481537022406501e-04 -9.922481537022406501e-04 5.934604852266658209e-02
5.714285714285713969e-01 0.000000000000000000e+00 6.628829076785082937e-21 -7.661016263053183388e-20 3.179395217013727959e-02 -2.971369506609730909e-03 -2.971369506609730909e-03 5.905620512126751043e-02
6.190476190476190688e-01 0.000000000000000000e+00 8.319436945115807532e-21 -7.654301334292383292e-20 3.153659805775157338e-02 -4.967020134691095892e-03 -4.967020134691095892e-03 5.868493099272962393e-02
6.666666666666666297e-01 0.000000000000000000e+00 3.622514172501392078e-20 -7.514925493571747785e-20 3.122404828562011167e-02 -7.026909801527750875e-03 -7.026909801527750875e-03 5.799372218361381615e-02
7.142857142857143016e-01 0.000000000000000000e+00 5.923892316702048764e-20 -9.962577893537072605e-20 3.079267817970582355e-02 -9.119989504462642019e-03 -9.119989504462642019e-03 5.724353480323241677e-02
7.619047619047618625e-01 0.000000000000000000e+00 4.901094894467642342e-20 -7.429566209539123913e-20 3.035077545810989028e-02 -1.133190665123994835e-02 -1.133190665123994835e-02 5.636331980415488357e-02
8.095238095238095344e-01 0.000000000000000000e+00 9.103504245884135639e-20 -9.767979215587218856e-20 2.995492642685700438e-02 -1.358709314765364252e-02 -1.358709314765364252e-02 5.552429412266674663e-02
8.571428571428570953e-01 0.000000000000000000e+00 7.364233903504184861e-20 -7.297585799867189430e-20 2.974757291308500681e-02 -1.613806270169656013e-02 -1.613806270169656013e-02 5.536939601081784790e-02
9.047619047619047672e-01 0.000000000000000000e+00 1.328406993174415729e-19 -1.016572610378148425e-19 2.960964749714683694e-02 -1.858799328875096121e-02 -1.858799328875096121e-02 5.554156874303164265e-02
9.523809523809523281e-01 0.000000000000000000e+00 1.042210543293247147e-19 -7.895526619693333070e-20 3.126695674429304933e-02 -2.490834914103096445e-02 -2.490834914103096098e-02 6.888624386927547083e-02
1.000000000000000000e+00 0.000000000000000000e+00 9.592054470690493840e-20 -6.344683630895541219e-20 4.144762856791429917e-02 -3.711171689963620873e-02 -3.711171689963620179e-02 1.252175470292027915e-01
0.000000000000000000e+00 4.761904761904761640e-02 4.559205068499919480e-03 4.008222887662700809e-03 -7.544522002648650083e-03 2.182477770369687254e-03 2.182477770369685086e-03 7.246749205040411979e-02
4.761904761904761640e-02 4.761904761904761640e-02 3.197594705037817842e-03 2.252312089947864932e-03 1.229674276654496926e-02 1.956467350174463660e-02 1.956467350174463660e-02 6.531396302736255932e-02
9.523809523809523281e-02 4.761904761904761640e-02 2.487586206785933392e-03 1.877735320799576091e-03 1.965726748511788941e-02 1.865342466993392956e-02 1.865342466993393997e-02 6.000121440767344771e-02
1.428571428571428492e-01 4.761904761904761640e-02 2.049547771760430390e-03 1.786184514472384955e-03 2.214480650181555044e-02 1.552444192423881909e-02 1.552444192423895787e-02 5.837661479758241012e-02
1.904761904761904656e-01 4.761904761904761640e-02 1.703007345356143728e-03 1.771021711178363822e-03 2.363719713050296128e-02 1.298047771341628853e-02 1.298047771341630068e-02 5.801682095490770519e-02
2.380952380952380820e-01 4.761904761904761640e-02 1.401284573747807113e-03 1.783338498811051472e-03 2.466943876030659039e-02 1.064950820352913823e-02 1.064950820352915384e-02 5.861874075452379318e-02
2.857142857142856984e-01 4.761904761904761640e-02 1.122927059750106898e-03 1.802515059460334202e-03 2.545693914356675705e-02 8.529921707174691406e-03 8.529921707174694875e-03 5.935745447637998801e-02
3.333333333333333148e-01 4.761904761904761640e-02 8.598321206984868396e-04 1.821537065323191327e-03 2.619295453511111607e-02 6.517137357469972130e-03 6.517137357469972130e-03 6.002948730600788513e-02
3.809523809523809312e-01 4.761904761904761640e-02 6.068880418331174626e-04 1.837353971840281113e-03 2.661479246047502786e-02 4.598476135608199795e-03 4.598476135608199795e-03 6.064151562868113493e-02
4.285714285714285476e-01 4.761904761904761640e-02 3.609542121370392992e-04 1.848155987661279998e-03 2.704878320052948176e-02 2.731287180876411282e-03 2.731287180876411716e-03 6.098988335525583337e-02
4.761904761904761640e-01 4.761904761904761640e-02 1.190059513669752063e-04 1.853872941891474653e-03 2.712329948972197827e-02 9.009539363646355868e-04 9.009539363646359121e-04 6.124005598992712796e-02
5.238095238095238360e-01 4.761904761904761640e-02 -1.216343500573563739e-04 1.853754244684827079e-03 2.721943687548741483e-02 -9.197050003259371305e-04 -9.197050003258755478e-04 6.119079170466515394e-02
5.714285714285713969e-01 4.761904761904761640e-02 -3.636933821571886006e-04 1.848362847736074359e-03 2.694832246192172334e-02 -2.753332274443899726e-03 -2.753332274443896256e-03 6.103945502780967758e-02
6.190476190476190688e-01 4.761904761904761640e-02 -6.100203808468063118e-04 1.837363667277060924e-03 2.669612501266269491e-02 -4.617996833760131328e-03 -4.617996833760129594e-03 6.059854330238983317e-02
6.666666666666666297e-01 4.761904761904761640e-02 -8.633965948006279119e-04 1.821859905656736129e-03 2.609910600378900422e-02 -6.547572901035214957e-03 -6.547572901035214957e-03 6.007133345288458159e-02
7.142857142857143016e-01 4.761904761904761640e-02 -1.127506822944668915e-03 1.802860699247709310e-03 2.549448971391572033e-02 -8.554452640600446536e-03 -8.554452640600446536e-03 5.934258560722387860e-02
7.619047619047618625e-01 4.761904761904761640e-02 -1.406945514441296577e-03 1.783766487226907905e-03 2.460896403655838879e-02 -1.069997379479933203e-02 -1.069997379479933203e-02 5.861654754038087001e-02
8.095238095238095344e-01 4.761904761904761640e-02 -1.711305475669953283e-03 1.772522147551250848e-03 2.356073676696166658e-02 -1.300420211740490814e-02 -1.300420211740490814e-02 5.813142476173137341e-02
8.571428571428570953e-01 4.761904761904761640e-02 -2.058705120275734768e-03 1.785435073613344517e-03 2.218207104008572406e-02 -1.562328856310363917e-02 -1.562328856310363917e-02 5.816160921860409616e-02
9.047619047619047672e-01 4.761904761904761640e-02 -2.515256133122316558e-03 1.883280220328759991e-03 1.915797137475843542e-02 -1.846407966369386158e-02 -1.846407966369385811e-02 6.128692747224462334e-02
9.523809523809523281e-01 4.761904761904761640e-02 -3.251909587225866333e-03 2.271835956354206158e-03 1.051089944772666193e-02 -1.920271807915526971e-02 -1.920271807915526971e-02 6.711468066201922711e-02
1.000000000000000000e+00 4.761904761904761640e-02 -4.551814776439364572e-03 4.000654559242788552e-03 3.610758838562850171e-04 1.842100545072770500e-03 1.842100545072775705e-03 5.621188308733848782e-02
0.000000000000000000e+00 9.523809523809523281e-02 7.075079977196961113e-03 6.347934028559236962e-03 -1.468458292247478997e-03 -5.999728301227976986e-04 -5.999728301227973733e-04 4.971362739822436649e-02
4.761904761904761640e-02 9.523809523809523281e-02 5.855064197534325804e-03 4.767605790699778502e-03 3.016624286956650584e-03 9.519491566554020429e-03 9.519491566554025633e-03 6.221319067627992944e-02
9.523809523809523281e-02 9.523809523809523281e-02 4.780738497813043046e-03 4.092595393007009835e-03 1.057217456014506764e-02 1.316001137427724212e-02 1.316001137427722130e-02 6.074197864158953353e-02
1.428571428571428492e-01 9.523809523809523281e-02 3.948001585522462574e-03 3.852633483509141418e-03 1.434716895669623134e-02 1.278259888393006201e-02 1.278259888393006027e-02 6.013095800934138702e-02
1.904761904761904656e-01 9.523809523809523281e-02 3.267565428219867604e-03 3.784171167298499942e-03 1.738301707904953489e-02 1.124552553597407516e-02 1.124552553597405954e-02 6.022013997594111157e-02
2.380952380952380820e-01 9.523809523809523281e-02 2.674162165455005926e-03 3.783455519626072010e-03 1.910983976148164162e-02 9.411214538160862439e-03 9.411214538160926624e-03 6.066447397944112196e-02
2.857142857142856984e-01 9.523809523809523281e-02 2.134563562718034841e-03 3.806141845478687794e-03 2.058466580201861323e-02 7.577229372450085092e-03 7.577229372450051265e-03 6.128356338242905987e-02
3.333333333333333148e-01 9.523809523809523281e-02 1.629517633457628614e-03 3.833673875927716759e-03 2.148353480962263834e-02 5.798775658119972518e-03 5.798775658119974252e-03 6.193122688494871741e-02
3.809523809523809312e-01 9.523809523809523281e-02 1.147993086010536297e-03 3.857828252339394817e-03 2.231983604453386880e-02 4.087740396349169927e-03 4.087740396349184673e-03 6.238851189397476987e-02
4.285714285714285476e-01 9.523809523809523281e-02 6.819202515327625310e-04 3.875125964597999663e-03 2.268740400663950621e-02 2.427537676501700589e-03 2.427537676501701457e-03 6.278859400689087988e-02
4.761904761904761640e-01 9.523809523809523281e-02 2.247194441986332129e-04 3.884052563451320574e-03 2.303088643402306096e-02 8.007052179405237807e-04 8.007052179405235639e-04 6.291523794743181242e-02
5.238095238095238360e-01 9.523809523809523281e-02 -2.296569366824120653e-04 3.884159850206535258e-03 2.291933891708494708e-02 -8.154935423827456295e-04 -8.154935423827456295e-04 6.296849972295263942e-02
5.714285714285713969e-01 9.523809523809523281e-02 -6.871198720606626472e-04 3.875406166407156360e-03 2.278765614328090092e-02 -2.443282999289220127e-03 -2.443282999289219260e-03 6.273931053230083488e-02
6.190476190476190688e-01 9.523809523809523281e-02 -1.153744507018586571e-03 3.858389973856614103e-03 2.219610553753823684e-02 -4.103243938194623026e-03 -4.103243938194623894e-03 6.244141159243043332e-02
6.666666666666666297e-01 9.523809523809523281e-02 -1.636227675817870496e-03 3.834559918090947855e-03 2.156792010463859724e-02 -5.817102736111547795e-03 -5.817102736111547795e-03 6.189615541651433128e-02
7.142857142857143016e-01 9.523809523809523281e-02 -2.142627219020012443e-03 3.807579662723103563e-03 2.043618701840121607e-02 -7.594026214285651104e-03 -7.594026214285651104e-03 6.132213383020877762e-02
7.619047619047618625e-01 9.523809523809523281e-02 -2.684689138519009716e-03 3.785674945481423779e-03 1.917823822186581414e-02 -9.433486019400427053e-03 -9.433486019400421849e-03 6.068394456095430739e-02
8.095238095238095344e-01 9.523809523809523281e-02 -3.280882447307808137e-03 3.787983057715646040e-03 1.711558125599102476e-02 -1.124729128674868857e-02 -1.124729128674868510e-02 6.019503702662785255e-02
8.571428571428570953e-01 9.523809523809523281e-02 -3.968530119076481809e-03 3.858454105419610418e-03 1.453679428090845320e-02 -1.279049098072020108e-02 -1.279049098072020801e-02 6.025962417860479536e-02
9.047619047619047672e-01 9.523809523809523281e-02 -4.812455652550128721e-03 4.107543120140538968e-03 9.343923706240596025e-03 -1.295790301264958255e-02 -1.295790301264957561e-02 6.075216921765629052e-02
9.523809523809523281e-01 9.523809523809523281e-02 -5.887194024537501479e-03 4.792356203052274000e-03 4.436880537343639887e-03 -9.389168962489166312e-03 -9.389168962489162842e-03 5.965606073495050704e-02
1.000000000000000000e+00 9.523809523809523281e-02 -7.136174103752819173e-03 6.384079021224362514e-03 -2.768557047187695207e-03 1.635398179283654259e-03 1.635398179283703698e-03 4.970301395233563124e-02
0.000000000000000000e+00 1.428571428571428492e-01 8.826153078445808653e-03 8.313411079133272569e-03 -7.145040909819316529e-04 -2.689148639478936747e-04 -2.689148639478923194e-04 4.547598317146069741e-02
4.761904761904761640e-02 1.428571428571428492e-01 7.707459911513424473e-03 7.117625909291128324e-03 1.359146559129194862e-03 4.518842814882145613e-03 4.518842814882358117e-03 5.446245819484334116e-02
9.523809523809523281e-02 1.428571428571428492e-01 6.556517472063135531e-03 6.429986534546044963e-03 4.893281647617026171e-03 8.112046955732364270e-03 8.112046955732414577e-03 5.934555806747712076e-02
1.428571428571428492e-01 1.428571428571428492e-01 5.511079473745973331e-03 6.115382672233447663e-03 9.252074731476165118e-03 9.175962476306323556e-03 9.175962476306306209e-03 6.051592499345674614e-02
1.904761904761904656e-01 1.428571428571428492e-01 4.586638998511286328e-03 5.998220743711806836e-03 1.202893150881213097e-02 8.697838740305254002e-03 8.697838740305285227e-03 6.152060320666803694e-02
2.380952380952380820e-01 1.428571428571428492e-01 3.756845361466345547e-03 5.974071467557120693e-03 1.460637384660679571e-02 7.583363382621873504e-03 7.583363382621856157e-03 6.220840768066437931e-02
2.857142857142856984e-01 1.428571428571428492e-01 2.995716538679518356e-03 5.988402978216082230e-03 1.619779008350381855e-02 6.218837727144996622e-03 6.218837727144996622e-03 6.293423444106889530e-02
3.333333333333333148e-01 1.428571428571428492e-01 2.284162856656895765e-03 6.014496849582760298e-03 1.765908591757830645e-02 4.805557201472137815e-03 4.805557201472137815e-03 6.347082923667958509e-02
3.809523809523809312e-01 1.428571428571428492e-01 1.607426754875779847e-03 6.039885015492576885e-03 1.846376634001108130e-02 3.400689827575395507e-03 3.400689827575393339e-03 6.398124195404188141e-02
4.285714285714285476e-01 1.428571428571428492e-01 9.541581315683839897e-04 6.058773713897700440e-03 1.919989440040502371e-02 2.024275936137698035e-03 2.024275936137698035e-03 6.424414055670012169e-02
4.761904761904761640e-01 1.428571428571428492e-01 3.143600158793310724e-04 6.068782946870769288e-03 1.937295925100071189e-02 6.690931640219368193e-04 6.690931640219374699e-04 6.445591102106515424e-02
5.238095238095238360e-01 1.428571428571428492e-01 -3.211070076816678566e-04 6.068957082117795027e-03 1.949356154838044475e-02 -6.778691853645780682e-04 -6.778691853645781766e-04 6.440438670159175094e-02
5.714285714285713969e-01 1.428571428571428492e-01 -9.612059925336887247e-04 6.059398509349410433e-03 1.906358153996804902e-02 -2.032463187066397073e-03 -2.032463187066396639e-03 6.429857395786485463e-02
6.190476190476190688e-01 1.428571428571428492e-01 -1.615174997697494969e-03 6.040974392689654401e-03 1.857603971788480274e-02 -3.408998239190589100e-03 -3.408998239190588666e-03 6.393399027675582269e-02
6.666666666666666297e-01 1.428571428571428492e-01 -2.292915611535429471e-03 6.016296773661686768e-03 1.749109812152202514e-02 -4.810449741653680805e-03 -4.810449741653680805e-03 6.352701667715335287e-02
7.142857142857143016e-01 1.428571428571428492e-01 -3.006198502720211236e-03 5.991124788702276681e-03 1.631386983227688103e-02 -6.224248639130834995e-03 -6.224248639130832393e-03 6.289570662402339807e-02
7.619047619047618625e-01 1.428571428571428492e-01 -3.769392821935509553e-03 5.978299753356024551e-03 1.435447309044962649e-02 -7.571951497168047558e-03 -7.571951497168053630e-03 6.226699457556460898e-02
8.095238095238095344e-01 1.428571428571428492e-01 -4.602597233209438678e-03 6.004722619551165243e-03 1.221111634886224914e-02 -8.687481172266572904e-03 -8.687481172266579843e-03 6.146059950429616503e-02
8.571428571428570953e-01 1.428571428571428492e-01 -5.531469512402784061e-03 6.125615980531782558e-03 8.742785809186833304e-03 -9.093977767459524367e-03 -9.093977767459510489e-03 6.066169380890023416e-02
9.047619047619047672e-01 1.428571428571428492e-01 -6.578068803032444643e-03 6.447455794417605857e-03 5.349690666836268323e-03 -8.013182109843289616e-03 -8.013182109843284412e-03 5.866015906667563368e-02
9.523809523809523281e-01 1.428571428571428492e-01 -7.726882766791886951e-03 7.136101968885673677e-03 9.943397693802944002e-04 -4.509934832121283502e-03 -4.509934832121280032e-03 5.518561657708983409e-02
1.000000000000000000e+00 1.428571428571428492e-01 -8.837094914988068151e-03 8.327638697135130927e-03 -2.648816672284578285e-04 3.439296775430086568e-04 3.439296775441166572e-04 4.436748272489703798e-02
0.000000000000000000e+00 1.904761904761904656e-01 9.994599256156791803e-03 1.012042570319288820e-02 -6.905925975618692808e-05 -1.318995118132648030e-04 -1.318995118132858095e-04 4.203497371299595026e-02
4.761904761904761640e-02 1.904761904761904656e-01 8.949463403655976215e-03 9.300808783824530274e-03 5.117795501252024115e-04 2.353385479467157322e-03 2.353385479467146914e-03 5.154740753154010008e-02
9.523809523809523281e-02 1.904761904761904656e-01 7.800191303498568880e-03 8.761927455541787535e-03 2.992234896155141714e-03 4.680228442334697335e-03 4.680228442334697335e-03 5.676015526409028400e-02
1.428571428571428492e-01 1.904761904761904656e-01 6.663055356444943199e-03 8.472726596292647072e-03 5.626505267606456487e-03 5.872105089205111039e-03 5.872105089205102366e-03 6.031433108830828310e-02
1.904761904761904656e-01 1.904761904761904656e-01 5.591423626373456454e-03 8.346994862320732123e-03 8.743382151885156425e-03 5.986089522493609136e-03 5.986089522493612605e-03 6.195481623756206313e-02
2.380952380952380820e-01 1.904761904761904656e-01 4.596541474892680730e-03 8.309450420607112850e-03 1.093644170482721036e-02 5.437197426697073024e-03 5.437197426697075626e-03 6.327662344601768518e-02
2.857142857142856984e-01 1.904761904761904656e-01 3.670069425722830882e-03 8.313635656375205699e-03 1.309101368262957123e-02 4.581054071100280380e-03 4.581054071100279512e-03 6.404515456820913943e-02
3.333333333333333148e-01 1.904761904761904656e-01 2.798841961511791890e-03 8.333263946107161840e-03 1.442316211060475431e-02 3.589699844225008492e-03 3.589699844225008492e-03 6.474380576075486338e-02
3.809523809523809312e-01 1.904761904761904656e-01 1.969378470107241690e-03 8.354799399927290496e-03 1.566940225627219685e-02 2.563271997511833763e-03 2.563271997511833763e-03 6.514140461034818863e-02
4.285714285714285476e-01 1.904761904761904656e-01 1.168776658672062915e-03 8.371660959399705032e-03 1.623365376971022331e-02 1.532645869538847407e-03 1.532645869538848057e-03 6.549643496511073359e-02
4.761904761904761640e-01 1.904761904761904656e-01 3.851329205023085980e-04 8.380782612317500338e-03 1.672097137053066979e-02 5.092229716401483692e-04 5.092229716401481523e-04 6.559146001008198112e-02
5.238095238095238360e-01 1.904761904761904656e-01 -3.930356718007024363e-04 8.381093401748683849e-03 1.657985967656502857e-02 -5.109000553612994249e-04 -5.109000553612997502e-04 6.564524838674545837e-02
5.714285714285713969e-01 1.904761904761904656e-01 -1.177007229607093851e-03 8.372569502005169917e-03 1.636434602871149682e-02 -1.533951761228867028e-03 -1.533951761228867028e-03 6.544354817970589322e-02
6.190476190476190688e-01 1.904761904761904656e-01 -1.978210033723748398e-03 8.356472474757967520e-03 1.550231682229080872e-02 -2.561639729957884172e-03 -2.561639729957883738e-03 6.520051378019220412e-02
6.666666666666666297e-01 1.904761904761904656e-01 -2.808718757463447846e-03 8.335854060208553601e-03 1.455843169126094794e-02 -3.586971392625298589e-03 -3.586971392625298155e-03 6.468472578075448731e-02
7.142857142857143016e-01 1.904761904761904656e-01 -3.681255743001784261e-03 8.317490986369470776e-03 1.287129770703671766e-02 -4.567870873171084832e-03 -4.567870873171084832e-03 6.412002406776415309e-02
7.619047619047618625e-01 1.904761904761904656e-01 -4.609513934923827570e-03 8.315088721087719043e-03 1.110464796961511957e-02 -5.422393229527203845e-03 -5.422393229527202978e-03 6.317792719885560737e-02
8.095238095238095344e-01 1.904761904761904656e-01 -5.606517835885119899e-03 8.354823535937881684e-03 8.431779554811724697e-03 -5.943437165467082076e-03 -5.943437165467077739e-03 6.209386533376960032e-02
8.571428571428570953e-01 1.904761904761904656e-01 -6.679268041371273952e-03 8.484134803343887019e-03 5.876654183486537848e-03 -5.823985085890194535e-03 -5.823985085890195403e-03 6.000576293189752164e-02
9.047619047619047672e-01 1.904761904761904656e-01 -7.817155852021365897e-03 8.775107285226764822e-03 2.679253007412299437e-03 -4.641504150792875871e-03 -4.641504150792871534e-03 5.714353877563426581e-02
9.523809523809523281e-01 1.904761904761904656e-01 -8.965987950739001330e-03 9.313598156994973634e-03 6.183302133170992792e-04 -2.290444099707249822e-03 -2.290444099707249822e-03 5.093674021130382978e-02
1.000000000000000000e+00 1.904761904761904656e-01 -1.001325868423733750e-02 1.012974707590722293e-02 -2.666982095714236375e-04 1.407841321406087841e-04 1.407841321406287335e-04 4.240653154750526066e-02
0.000000000000000000e+00 2.380952380952380820e-01 1.072761095358305307e-02 1.184877514257851212e-02 -1.645013037131717480e-04 -6.033140340137480668e-05 -6.033140340137673114e-05 4.101162447426431878e-02
4.761904761904761640e-02 2.380952380952380820e-01 9.715053799805001278e-03 1.138125144305022866e-02 3.772872568933437502e-04 1.142875258704950702e-03 1.142875258704946799e-03 4.915369408134798168e-02
9.523809523809523281e-02 2.380952380952380820e-01 8.577390275575880532e-03 1.105467823001777920e-02 1.732126059748373414e-03 2.401398395696775594e-03 2.401398395696746103e-03 5.574072156182698079e-02
1.428571428571428492e-01 2.380952380952380820e-01 7.403804715285843517e-03 1.086340232566341060e-02 4.172627817991684737e-03 3.186225459615313685e-03 3.186225459615301542e-03 5.947003239814499520e-02
1.904761904761904656e-01 2.380952380952380820e-01 6.256761135811542140e-03 1.077111961587325084e-02 6.414978417860857894e-03 3.421731639566744088e-03 3.421731639566744955e-03 6.223933390230045049e-02
2.380952380952380820e-01 2.380952380952380820e-01 5.164240998464551119e-03 1.073956677912848816e-02 8.958955549058083070e-03 3.244051341784662604e-03 3.244051341784662604e-03 6.368329984216701545e-02
2.857142857142856984e-01 2.380952380952380820e-01 4.132356675793645226e-03 1.073945510827456658e-02 1.073737130135944337e-02 2.810751834841192492e-03 2.810751834841192492e-03 6.484791264296752011e-02
3.333333333333333148e-01 2.380952380952380820e-01 3.154897673414879238e-03 1.075260782771698086e-02 1.249681146861697338e-02 2.249783421056614913e-03 2.249783421056614913e-03 6.548304115274104775e-02
3.809523809523809312e-01 2.380952380952380820e-01 2.221072120519730197e-03 1.076840743766261169e-02 1.349498893541112993e-02 1.626744584935903380e-03 1.626744584935903380e-03 6.603520619121512614e-02
4.285714285714285476e-01 2.380952380952380820e-01 1.318557924238888913e-03 1.078125339014828626e-02 1.441439769808674012e-02 9.816807061589218845e-04 9.816807061589221013e-04 6.628060756857476199e-02
4.761904761904761640e-01 2.380952380952380820e-01 4.346829598625787257e-04 1.078841051869848348e-02 1.464226935077963393e-02 3.290918569666475440e-04 3.290918569666478151e-04 6.648364126549990982e-02
5.238095238095238360e-01 2.380952380952380820e-01 -4.430719230025517903e-04 1.078878679892291206e-02 1.478592739793310393e-02 -3.242939504767332554e-04 -3.242939504767330928e-04 6.642936622172437855e-02
5.714285714285713969e-01 2.380952380952380820e-01 -1.327193278261775767e-03 1.078243432589081133e-02 1.425402163330496096e-02 -9.754912142394385694e-04 -9.754912142394388946e-04 6.633712213378108180e-02
6.190476190476190688e-01 2.380952380952380820e-01 -2.230251311862473280e-03 1.077048793103892003e-02 1.363891376554093350e-02 -1.619092241253111165e-03 -1.619092241253111165e-03 6.597280736658148181e-02
6.666666666666666297e-01 2.380952380952380820e-01 -3.164816881431773473e-03 1.075576881919946930e-02 1.230125988871044219e-02 -2.236739265868823660e-03 -2.236739265868824093e-03 6.555341481539311843e-02
7.142857142857143016e-01 2.380952380952380820e-01 -4.143247222904581153e-03 1.074399550046329678e-02 1.090153372362458531e-02 -2.794746663764743986e-03 -2.794746663764742685e-03 6.475075474481972737e-02
7.619047619047618625e-01 2.380952380952380820e-01 -5.176289428510553146e-03 1.074569911700570118e-02 8.713377279809864095e-03 -3.216280404557584661e-03 -3.216280404557587264e-03 6.379961110155227266e-02
8.095238095238095344e-01 2.380952380952380820e-01 -6.269522908659487526e-03 1.077937354536014254e-02 6.614658057052630671e-03 -3.390271681138722071e-03 -3.390271681138722071e-03 6.202540333726012933e-02
8.571428571428570953e-01 2.380952380952380820e-01 -7.417377005113321396e-03 1.087332057056626493e-02 3.921120793622693765e-03 -3.149418427115815988e-03 -3.149418427115815988e-03 5.970926798974839078e-02
9.047619047619047672e-01 2.380952380952380820e-01 -8.590420555859689528e-03 1.106587156116878128e-02 1.893964441116522584e-03 -2.363047124771257626e-03 -2.363047124771257192e-03 5.530560988729683880e-02
9.523809523809523281e-01 2.380952380952380820e-01 -9.726760541208781877e-03 1.139219001395498469e-02 2.969420333033064734e-04 -1.136292511304107244e-03 -1.136292511304108329e-03 4.942934932741856191e-02
1.000000000000000000e+00 2.380952380952380820e-01 -1.073578061710538968e-02 1.185718800414551320e-02 -2.497148119990368992e-05 5.696704895975743005e-05 5.696704895975892083e-05 4.068146940076439871e-02
0.000000000000000000e+00 2.857142857142856984e-01 1.106099061143477058e-02 1.353873599686521677e-02 -1.902164186129625680e-05 -1.338096779272188969e-06 -1.338096779274990530e-06 4.012596766554017008e-02
4.761904761904761640e-02 2.857142857142856984e-01 1.006593919208081944e-02 1.341084235960631789e-02 2.180451661141760613e-04 3.465363521774404666e-04 3.465363521774405750e-04 4.865176673799067458e-02
9.523809523809523281e-02 2.857142857142856984e-01 8.936629948867295253e-03 1.331875011645296779e-02 1.557232550397587506e-03 6.520520643690082491e-04 6.520520643690070565e-04 5.470904021119239041e-02
1.428571428571428492e-01 2.857142857142856984e-01 7.754686824762347178e-03 1.325942302401918182e-02 3.335944529187259960e-03 9.100603941628097838e-04 9.100603941628086996e-04 5.938196926272137910e-02
1.904761904761904656e-01 2.857142857142856984e-01 6.581356414877765834e-03 1.322848993222463902e-02 5.805091875261766780e-03 1.071983471418019081e-03 1.071983471418028622e-03 6.198360208982171132e-02
2.380952380952380820e-01 2.857142857142856984e-01 5.449928168460349553e-03 1.321893046766562697e-02 7.781770939718306995e-03 1.112627377577545332e-03 1.112627377577545332e-03 6.397967891688829956e-02
2.857142857142856984e-01 2.857142857142856984e-01 4.370741034861699501e-03 1.322257460810717482e-02 9.902994157264650987e-03 1.036362796817226007e-03 1.036362796817226007e-03 6.506236252759817207e-02
3.333333333333333148e-01 2.857142857142856984e-01 3.341962372122214524e-03 1.323228099666318332e-02 1.127514420686189130e-02 8.742572157838991330e-04 8.742572157838991330e-04 6.594775298655677909e-02
3.809523809523809312e-01 2.857142857142856984e-01 2.355100590905593715e-03 1.324306644801926010e-02 1.260942017299177681e-02 6.560390882238898618e-04 6.560390882238900786e-04 6.640556040435874330e-02
4.285714285714285476e-01 2.857142857142856984e-01 1.399006749093194106e-03 1.325175674311720835e-02 1.322020320740131642e-02 4.059123444437849897e-04 4.059123444437866702e-04 6.678755348511745960e-02
4.761904761904761640e-01 2.857142857142856984e-01 4.615485405329753060e-04 1.325667769779127758e-02 1.375443593379517548e-02 1.402459487718657287e-04 1.402459487718653221e-04 6.688772649810739712e-02
5.238095238095238360e-01 2.857142857142856984e-01 -4.697527148399573940e-04 1.325711129764402946e-02 1.360114055670794131e-02 -1.296571192917724870e-04 -1.296571192917728664e-04 6.693969961665403867e-02
5.714285714285713969e-01 2.857142857142856984e-01 -1.407411525440032752e-03 1.325309321452781963e-02 1.336748893716631879e-02 -3.942990150378236614e-04 -3.942990150378259382e-04 6.673040335664540135e-02
6.190476190476190688e-01 2.857142857142856984e-01 -2.363855793602087467e-03 1.324537435273330510e-02 1.243347770440505866e-02 -6.423828276650581700e-04 -6.423828276650638078e-04 6.646463313561085107e-02
6.666666666666666297e-01 2.857142857142856984e-01 -3.351229088118122448e-03 1.323572239287515787e-02 1.143489394822673130e-02 -8.573220388353865011e-04 -8.573220388353857422e-04 6.586615972104592487e-02
7.142857142857143016e-01 2.857142857142856984e-01 -4.380605341916804854e-03 1.322726238706445519e-02 9.690902549645706923e-03 -1.015538399180959412e-03 -1.015538399180966134e-03 6.514966467651138460e-02
7.619047619047618625e-01 2.857142857142856984e-01 -5.460202730128620695e-03 1.322508812445120745e-02 7.971180729158883899e-03 -1.086220464658395248e-03 -1.086220464658392646e-03 6.382559221686716355e-02
8.095238095238095344e-01 2.857142857142856984e-01 -6.592150751493506926e-03 1.323606575343051588e-02 5.568673119920274778e-03 -1.044486389903983951e-03 -1.044486389903983951e-03 6.215141877234867801e-02
8.571428571428570953e-01 2.857142857142856984e-01 -7.765001457236114964e-03 1.326809909708591591e-02 3.532410553070320161e-03 -8.802334858224108516e-04 -8.802334858224120442e-04 5.906740638263534293e-02
9.047619047619047672e-01 2.857142857142856984e-01 -8.946317670792435992e-03 1.332790657586391952e-02 1.402803262997961943e-03 -6.295731440518930518e-04 -6.295731440518928350e-04 5.500052334530892983e-02
9.523809523809523281e-01 2.857142857142856984e-01 -1.007465322317636566e-02 1.341917306885273900e-02 2.870040087289207897e-04 -3.354651974947435011e-04 -3.354651974947430674e-04 4.831291869923196036e-02
1.000000000000000000e+00 2.857142857142856984e-01 -1.107038269368050207e-02 1.354489666832895539e-02 -1.327453098132199772e-04 1.201350402887292340e-06 1.201350402890181358e-06 4.030132450455875537e-02
0.000000000000000000e+00 3.333333333333333148e-01 1.102064814076784104e-02 1.521402375121105530e-02 -1.734745746356069606e-04 6.455588025380995488e-05 6.455588025380990067e-05 4.027406853685758931e-02
4.761904761904761640e-02 3.333333333333333148e-01 1.002309169608594369e-02 1.542716514841063064e-02 3.146413637084214516e-04 -4.166255914480363289e-04 -4.166255914480363289e-04 4.849169229662855796e-02
9.523809523809523281e-02 3.333333333333333148e-01 8.896727218180328078e-03 1.557210828840216096e-02 1.613374726249655567e-03 -1.042382088006298113e-03 -1.042382088006298113e-03 5.512075389595456898e-02
1.428571428571428492e-01 3.333333333333333148e-01 7.728090483026397485e-03 1.564907587902801891e-02 3.908713436123251520e-03 -1.261153005658674151e-03 -1.261153005658675885e-03 5.901330672856832521e-02
1.904761904761904656e-01 3.333333333333333148e-01 6.572421208238101407e-03 1.568728274564266598e-02 5.887844481044752359e-03 -1.146391571417563733e-03 -1.146391571417564384e-03 6.200193096965657402e-02
2.380952380952380820e-01 3.333333333333333148e-01 5.455124040474983171e-03 1.570766649208794538e-02 8.197777751290590345e-03 -9.141645929710405126e-04 -9.141645929710401873e-04 6.371905446579806398e-02
2.857142857142856984e-01 3.333333333333333148e-01 4.384471322938583021e-03 1.572129606794361867e-02 9.797085311078163744e-03 -6.629976919756769759e-04 -6.629976919756767591e-04 6.507648159227785722e-02
3.333333333333333148e-01 3.333333333333333148e-01 3.358394136274684035e-03 1.573176874515349113e-02 1.144961851209125650e-02 -4.563271643053656693e-04 -4.563271643053628504e-04 6.586013502425679123e-02
3.809523809523809312e-01 3.333333333333333148e-01 2.369797909141306384e-03 1.574007986198682971e-02 1.237299377069780125e-02 -2.889638085036319820e-04 -2.889638085036318194e-04 6.648283261092834129e-02
4.285714285714285476e-01 3.333333333333333148e-01 1.409061774544893147e-03 1.574589653030238068e-02 1.326857880013156306e-02 -1.579542820289250881e-04 -1.579542820289250610e-04 6.678590253320865200e-02
4.761904761904761640e-01 3.333333333333333148e-01 4.653140506560711725e-04 1.574917773759232711e-02 1.347142500866774749e-02 -4.529118321339440408e-05 -4.529118321339333344e-05 6.699106196638808519e-02
5.238095238095238360e-01 3.333333333333333148e-01 -4.727593372431378258e-04 1.574957925004273271e-02 1.362744807915441947e-02 6.067436759728784358e-05 6.067436759728723372e-05 6.695199794411436922e-02
5.714285714285713969e-01 3.333333333333333148e-01 -1.416618696424337383e-03 1.574733651623527741e-02 1.310085407464568925e-02 1.731275142932893767e-04 1.731275142932802965e-04 6.682433763519664283e-02
6.190476190476190688e-01 3.333333333333333148e-01 -2.377595852643901372e-03 1.574239617265418140e-02 1.253327668029069128e-02 3.076811268186472421e-04 3.076811268186456700e-04 6.642853980300059136e-02
6.666666666666666297e-01 3.333333333333333148e-01 -3.366452807509763296e-03 1.573523444488874115e-02 1.125663859494044350e-02 4.737660149683117772e-04 4.737660149683117230e-04 6.591218921170620415e-02
7.142857142857143016e-01 3.333333333333333148e-01 -4.392793748716867890e-03 1.572578911593030052e-02 9.980967651867993923e-03 6.881745510008008141e-04 6.881745510008089456e-04 6.498035609133540058e-02
7.619047619047618625e-01 3.333333333333333148e-01 -5.463619976214925157e-03 1.571339655082953923e-02 7.970691665393088085e-03 9.331947416824044406e-04 9.331947416824048743e-04 6.381358909802198331e-02
8.095238095238095344e-01 3.333333333333333148e-01 -6.580664884961347216e-03 1.569387091658459160e-02 6.113891513546464672e-03 1.177812307037268743e-03 1.177812307037269610e-03 6.180636872223716632e-02
8.571428571428570953e-01 3.333333333333333148e-01 -7.736251788806727814e-03 1.565665096916273383e-02 3.660209325199491673e-03 1.276103246460812265e-03 1.276103246460812265e-03 5.922834839136369850e-02
9.047619047619047672e-01 3.333333333333333148e-01 -8.903782806929091964e-03 1.557892975882374173e-02 1.831398222071904409e-03 1.055851636898485569e-03 1.055851636898485135e-03 5.471593781852100019e-02
9.523809523809523281e-01 3.333333333333333148e-01 -1.002828404800433330e-02 1.543340069969191715e-02 2.389281543374566197e-04 4.536073846077303979e-04 4.536073846077307774e-04 4.878085985225531773e-02
1.000000000000000000e+00 3.333333333333333148e-01 -1.102311343231469204e-02 1.521752190613501719e-02 -4.516014155696898135e-05 -7.731808641011042485e-05 -7.731808641010925933e-05 3.995746493607852529e-02
0.000000000000000000e+00 3.809523809523809312e-01 1.057957893683468195e-02 1.689228239237551901e-02 -2.177580272702566344e-04 2.382031662451550486e-04 2.382031662451547776e-04 4.033103081374193877e-02
4.761904761904761640e-02 3.809523809523809312e-01 9.563915273897967764e-03 1.746784428406111117e-02 3.726985056554090662e-04 -1.648826095166893184e-03 -1.648826095166893184e-03 5.015286381903021756e-02
9.523809523809523281e-02 3.809523809523809312e-01 8.446604502187949129e-03 1.782693168740815542e-02 3.027850592343896054e-03 -3.162512389284814155e-03 -3.162512389284824130e-03 5.534675267184907543e-02
1.428571428571428492e-01 3.809523809523809312e-01 7.327618140114974463e-03 1.801821369490106198e-02 5.045120698976883478e-03 -3.526335737435586787e-03 -3.526335737435588088e-03 5.912028015603799924e-02
1.904761904761904656e-01 3.809523809523809312e-01 6.239034025783335609e-03 1.811676421906657092e-02 7.635689430113941183e-03 -3.300046992464283555e-03 -3.300046992464283988e-03 6.149290353031756917e-02
2.380952380952380820e-01 3.809523809523809312e-01 5.190564548402791002e-03 1.816767709955148524e-02 9.265885234014042265e-03 -2.772375478314940273e-03 -2.772375478314938538e-03 6.326359569492877311e-02
2.857142857142856984e-01 3.809523809523809312e-01 4.182191471234568761e-03 1.819599897653514584e-02 1.116138723305076449e-02 -2.221652289654880551e-03 -2.221652289654880551e-03 6.452978435278468317e-02
3.333333333333333148e-01 3.809523809523809312e-01 3.210506750273194824e-03 1.821176528099993641e-02 1.219869548329031647e-02 -1.660313602604038567e-03 -1.660313602604039434e-03 6.539192207435161330e-02
3.809523809523809312e-01 3.809523809523809312e-01 2.269319239794841212e-03 1.822165456023198266e-02 1.342222038325278748e-02 -1.156301129155729501e-03 -1.156301129155749233e-03 6.603842307575558124e-02
4.285714285714285476e-01 3.809523809523809312e-01 1.351001616243742995e-03 1.822682405197193281e-02 1.382938855380758288e-02 -6.716882292338157779e-04 -6.716882292338158863e-04 6.636283927114207393e-02
4.761904761904761640e-01 3.809523809523809312e-01 4.466999221877071655e-04 1.822989170637401984e-02 1.438995393357979900e-02 -2.166824650059572389e-04 -2.166824650059571305e-04 6.659746103998478994e-02
5.238095238095238360e-01 3.809523809523809312e-01 -4.528798421433359134e-04 1.822999496262118005e-02 1.415279119825304903e-02 2.338979717804259048e-04 2.338979717804256337e-04 6.653887231005264913e-02
5.714285714285713969e-01 3.809523809523809312e-01 -1.357231326791689171e-03 1.822852715088647130e-02 1.406357361825364555e-02 6.948287404652733886e-04 6.948287404652679676e-04 6.641297708424774571e-02
6.190476190476190688e-01 3.809523809523809312e-01 -2.275703517895339908e-03 1.822358862629655518e-02 1.317076671435086707e-02 1.169166672451949288e-03 1.169166672451948637e-03 6.598435486396964089e-02
6.666666666666666297e-01 3.809523809523809312e-01 -3.216959477616633013e-03 1.821532905406475153e-02 1.244411981891576507e-02 1.691199548493370298e-03 1.691199548493370298e-03 6.541708206543182802e-02
7.142857142857143016e-01 3.809523809523809312e-01 -4.188785139018423066e-03 1.819981141933123270e-02 1.088556312657464054e-02 2.229622914041386097e-03 2.229622914041386097e-03 6.449445540527946885e-02
7.619047619047618625e-01 3.809523809523809312e-01 -5.197016518812633962e-03 1.817301380730826713e-02 9.545656581439056210e-03 2.811962751638596297e-03 2.811962751638595864e-03 6.323930093402034547e-02
8.095238095238095344e-01 3.809523809523809312e-01 -6.245286818257480069e-03 1.812212907456501113e-02 7.312781547980555866e-03 3.296541862217139754e-03 3.296541862217139754e-03 6.150724936385239261e-02
8.571428571428570953e-01 3.809523809523809312e-01 -7.332934474294330526e-03 1.802449478737973634e-02 5.431609626683233522e-03 3.572418624860549102e-03 3.572418624860549102e-03 5.898241755959741234e-02
9.047619047619047672e-01 3.809523809523809312e-01 -8.452289585462163107e-03 1.783270195104243866e-02 2.584260841844637953e-03 3.143720363463998069e-03 3.143720363463996335e-03 5.564675843642843261e-02
9.523809523809523281e-01 3.809523809523809312e-01 -9.567892556631329287e-03 1.747236522571717077e-02 7.548245023993461599e-04 1.658769517869352695e-03 1.658769517869353996e-03 4.956770583832217913e-02
1.000000000000000000e+00 3.809523809523809312e-01 -1.058574750636826454e-02 1.689672928367964150e-02 -4.945516008519586573e-04 -2.802153634461400995e-04 -2.802153634461295828e-04 4.067020826158780633e-02
0.000000000000000000e+00 4.285714285714285476e-01 9.684253234946567715e-03 1.859955455299297164e-02 -2.281837210524483798e-03 7.566704209170267963e-04 7.566704209169876566e-04 4.196840531682728692e-02
4.761904761904761640e-02 4.285714285714285476e-01 8.613990946444523636e-03 1.957636197218670313e-02 2.671324718452963883e-03 -4.404247400470974114e-03 -4.404247400471254272e-03 5.180764944273743428e-02
9.523809523809523281e-02 4.285714285714285476e-01 7.557045328501411918e-03 2.007243777699576140e-02 4.965763390876057858e-03 -5.877049542312609391e-03 -5.877049542312606789e-03 5.549218373199336918e-02
1.428571428571428492e-01 4.285714285714285476e-01 6.558130343355898090e-03 2.033781215859877672e-02 8.232085143734845303e-03 -5.887992211178708080e-03 -5.887992211178711549e-03 5.867254857575062571e-02
1.904761904761904656e-01 4.285714285714285476e-01 5.600512168583854540e-03 2.047887050928592564e-02 9.782542065427517544e-03 -5.143232244350897341e-03 -5.143232244350893004e-03 6.006422598125262663e-02
2.380952380952380820e-01 4.285714285714285476e-01 4.677455588275215501e-03 2.056393070902947512e-02 1.179800961646747769e-02 -4.385648968031332848e-03 -4.385648968031333715e-03 6.234496017518576655e-02
2.857142857142856984e-01 4.285714285714285476e-01 3.781732844723449064e-03 2.060826030871968848e-02 1.273427393942484429e-02 -3.471372965355691998e-03 -3.471372965355691998e-03 6.290657909852945262e-02
3.333333333333333148e-01 4.285714285714285476e-01 2.912033189384153394e-03 2.063906031691346496e-02 1.416531141139323879e-02 -2.684663336128479110e-03 -2.684663336128479977e-03 6.452428466210453906e-02
3.809523809523809312e-01 4.285714285714285476e-01 2.062884975218160204e-03 2.065156998311650643e-02 1.459524757923702509e-02 -1.854186001233098981e-03 -1.854186001233098548e-03 6.444279456658480454e-02
4.285714285714285476e-01 4.285714285714285476e-01 1.230265875708556151e-03 2.066333954790752422e-02 1.548981177668650420e-02 -1.111399720059828931e-03 -1.111399720059829581e-03 6.557222012832317204e-02
4.761904761904761640e-01 4.285714285714285476e-01 4.074191307073603643e-04 2.066396604986688729e-02 1.539811872754784719e-02 -3.556968115424430192e-04 -3.556968115424452418e-04 6.502769195803029256e-02
5.238095238095238360e-01 4.285714285714285476e-01 -4.119434427416413728e-04 2.066764813790645389e-02 1.575420962913678946e-02 3.822136757380695119e-04 3.822136757380690240e-04 6.576494695203197183e-02
5.714285714285713969e-01 4.285714285714285476e-01 -1.234647524064343962e-03 2.066135694470069492e-02 1.512699927661356226e-02 1.115774223089796352e-03 1.115774223089795484e-03 6.483379423564319954e-02
6.190476190476190688e-01 4.285714285714285476e-01 -2.067673468912147733e-03 2.065692521853756958e-02 1.495347020324892112e-02 1.903713327628973667e-03 1.903713327628973667e-03 6.516035132359590532e-02
6.666666666666666297e-01 4.285714285714285476e-01 -2.916328987501567646e-03 2.063875793852297871e-02 1.378912008863409332e-02 2.666260994472563484e-03 2.666260994472563484e-03 6.380198876986670209e-02
7.142857142857143016e-01 4.285714285714285476e-01 -3.786763563770831949e-03 2.061513221208274849e-02 1.310500821297414832e-02 3.544316873008286801e-03 3.544316873008275526e-03 6.358451119339920965e-02
7.619047619047618625e-01 4.285714285714285476e-01 -4.681425040664087024e-03 2.056510832648415776e-02 1.140112669839646146e-02 4.340619152917118626e-03 4.340619152917117758e-03 6.165410464949015734e-02
8.095238095238095344e-01 4.285714285714285476e-01 -5.605551062056537276e-03 2.048665961326714968e-02 1.019506685985910495e-02 5.237950093335537981e-03 5.237950093335537981e-03 6.069291169438903455e-02
8.571428571428570953e-01 4.285714285714285476e-01 -6.560934309631386539e-03 2.033949051633049399e-02 7.755743132910582552e-03 5.806850109581904000e-03 5.806850109581904000e-03 5.803095069795706495e-02
9.047619047619047672e-01 4.285714285714285476e-01 -7.560960273541090203e-03 2.008000254881742858e-02 5.725597930186713917e-03 5.983755468831624021e-03 5.983755468831624021e-03 5.604079702831024634e-02
9.523809523809523281e-01 4.285714285714285476e-01 -8.617932943069474966e-03 1.957250820777657260e-02 1.368247694528947978e-03 4.260161904690543989e-03 4.260161904690544857e-03 5.221861724438450758e-02
1.000000000000000000e+00 4.285714285714285476e-01 -9.664287264173027775e-03 1.862251452368111557e-02 -1.644859191370686151e-04 -5.526799831074701453e-04 -5.526799831074665674e-04 4.124614546813577115e-02
0.000000000000000000e+00 4.761904761904761640e-01 8.029017754122014239e-03 2.051656102287615149e-02 2.421091440805839962e-03 -3.989158767004376271e-03 -3.989158767004376271e-03 5.084394522406105593e-02
4.761904761904761640e-02 4.761904761904761640e-01 7.054291076253748835e-03 2.174428922629955546e-02 6.711618015727409750e-03 -8.783814652390298933e-03 -8.783814652390300667e-03 5.161114098420710450e-02
9.523809523809523281e-02 4.761904761904761640e-01 6.241983549273940127e-03 2.223964235397433292e-02 9.647467340098352107e-03 -8.229901278637001896e-03 -8.229901278637003631e-03 5.401211559635372278e-02
1.428571428571428492e-01 4.761904761904761640e-01 5.456604760653857925e-03 2.256611975051883712e-02 1.104937971642363029e-02 -7.359340799145173452e-03 -7.359340799145184728e-03 5.468279670709846885e-02
1.904761904761904656e-01 4.761904761904761640e-01 4.701661048762766602e-03 2.272994363227853407e-02 1.248528233426730687e-02 -6.319743359652489276e-03 -6.319743359652489276e-03 5.754103058219497274e-02
2.380952380952380820e-01 4.761904761904761640e-01 3.947380783819320546e-03 2.287295131997665182e-02 1.337833366036757579e-02 -5.320787418150939654e-03 -5.320787418150939654e-03 5.797968718106168151e-02
2.857142857142856984e-01 4.761904761904761640e-01 3.212358903775957512e-03 2.292299395174374199e-02 1.447525265627893319e-02 -4.272976604595412307e-03 -4.272976604595409705e-03 6.030716297647484292e-02
3.333333333333333148e-01 4.761904761904761640e-01 2.481209303950486153e-03 2.299452884995654631e-02 1.503059830643167089e-02 -3.296496240212386762e-03 -3.296496240212387196e-03 6.009906316598780801e-02
3.809523809523809312e-01 4.761904761904761640e-01 1.765448030890913933e-03 2.299696875094079523e-02 1.579862238248846279e-02 -2.313216925995677589e-03 -2.313216925995677589e-03 6.189241543829591269e-02
4.285714285714285476e-01 4.761904761904761640e-01 1.054092301909377452e-03 2.303791548261656386e-02 1.598440308200562918e-02 -1.380572638632799037e-03 -1.380572638632799037e-03 6.114996417386791422e-02
4.761904761904761640e-01 4.761904761904761640e-01 3.503160379322477680e-04 2.301940288020632580e-02 1.638146634383785480e-02 -4.484974896262488458e-04 -4.484974896262497132e-04 6.251112672323093367e-02
5.238095238095238360e-01 4.761904761904761640e-01 -3.523551329861385911e-04 2.304534845687021549e-02 1.617712540659413042e-02 4.728861084656000528e-04 4.728861084655995107e-04 6.134550058069587058e-02
5.714285714285713969e-01 4.761904761904761640e-01 -1.057655327472837269e-03 2.301355895920120451e-02 1.618371487436453746e-02 1.394425767771409735e-03 1.394425767771409735e-03 6.230533173016477438e-02
6.190476190476190688e-01 4.761904761904761640e-01 -1.765997837059781785e-03 2.302429043453472005e-02 1.559535118112630181e-02 2.347988525511652061e-03 2.347988525511652061e-03 6.073497020746487784e-02
6.666666666666666297e-01 4.761904761904761640e-01 -2.486344428828584762e-03 2.297188338426999279e-02 1.521907431029340986e-02 3.299867573280113216e-03 3.299867573280113649e-03 6.122514043114216792e-02
7.142857142857143016e-01 4.761904761904761640e-01 -3.211381950717626717e-03 2.295122403574479872e-02 1.427962020789079467e-02 4.316355731327629550e-03 4.316355731327631284e-03 5.917562113732787593e-02
7.619047619047618625e-01 4.761904761904761640e-01 -3.954152354800532544e-03 2.285206716706970898e-02 1.355200024975834229e-02 5.310768500901583665e-03 5.310768500901586267e-03 5.906251859623799089e-02
8.095238095238095344e-01 4.761904761904761640e-01 -4.698999588686091772e-03 2.275810273515990051e-02 1.229903047664696741e-02 6.371799248623888877e-03 6.371799248623875866e-03 5.644135885435858091e-02
8.571428571428570953e-01 4.761904761904761640e-01 -5.465565497698678631e-03 2.254665538008606210e-02 1.122475844994018715e-02 7.330193672926626353e-03 7.330193672926634159e-03 5.574265816204113794e-02
9.047619047619047672e-01 4.761904761904761640e-01 -6.235502625503601577e-03 2.226697262904849331e-02 9.555317709831298578e-03 8.339294029988446322e-03 8.339294029988467138e-03 5.287979841492095739e-02
9.523809523809523281e-01 4.761904761904761640e-01 -7.072361886180381779e-03 2.171911340328867845e-02 7.199083206490032756e-03 8.764409183972780501e-03 8.764409183972775297e-03 5.267370711801452887e-02
1.000000000000000000e+00 4.761904761904761640e-01 -8.037325367387222752e-03 2.055149428182441104e-02 2.838808105653484615e-03 4.107269262638818877e-03 4.107269262638822346e-03 5.083924836717447493e-02
0.000000000000000000e+00 5.238095238095238360e-01 6.197573447633173208e-03 2.207386970685483452e-02 6.750371046985268342e-04 1.389495398664863848e-03 1.389495398664863631e-03 7.082207196964848683e-02
4.761904761904761640e-02 5.238095238095238360e-01 5.740812890331358637e-03 2.302259355767408491e-02 -1.184929935703367583e-02 -6.965242938845404158e-03 -6.965242938845401556e-03 5.597810579153757876e-02
9.523809523809523281e-02 5.238095238095238360e-01 5.223999883155824517e-03 2.355713816551720241e-02 -1.507728808449621156e-02 -8.209289162066587403e-03 -8.209289162066592607e-03 5.086596515673751789e-02
1.428571428571428492e-01 5.238095238095238360e-01 4.647352330584615665e-03 2.390307529851859805e-02 -1.747677372356053888e-02 -7.881030155125551967e-03 -7.881030155125553702e-03 5.578094371187319184e-02
1.904761904761904656e-01 5.238095238095238360e-01 4.049357754144047514e-03 2.411779107180741719e-02 -1.825439211755993871e-02 -6.938448223000473827e-03 -6.938448223000472960e-03 5.441115236341848710e-02
2.380952380952380820e-01 5.238095238095238360e-01 3.430535802204108444e-03 2.427264067808800052e-02 -1.826077505529043882e-02 -6.038985502077338224e-03 -6.038985502077338224e-03 5.908091059142384083e-02
2.857142857142856984e-01 5.238095238095238360e-01 2.808746194909913715e-03 2.436067985660601148e-02 -1.827732895199910348e-02 -4.940165177651724762e-03 -4.940165177651725630e-03 5.711630048074052557e-02
3.333333333333333148e-01 5.238095238095238360e-01 2.181132268873790976e-03 2.443030139340479981e-02 -1.765564836385927552e-02 -3.908725769570142033e-03 -3.908725769570142033e-03 6.127281638130476632e-02
3.809523809523809312e-01 5.238095238095238360e-01 1.556815655576985948e-03 2.445953716058819893e-02 -1.758852796648604361e-02 -2.772874897812293085e-03 -2.772874897812293085e-03 5.868287411456333397e-02
4.285714285714285476e-01 5.238095238095238360e-01 9.322060720736142060e-04 2.448927244673577280e-02 -1.696302033810150045e-02 -1.680270651283797927e-03 -1.680270651283798794e-03 6.238064437875633778e-02
4.761904761904761640e-01 5.238095238095238360e-01 3.102269966241333527e-04 2.449051678384605787e-02 -1.714183149741873441e-02 -5.475458387334793467e-04 -5.475458387334811898e-04 5.930027640524929144e-02
5.238095238095238360e-01 5.238095238095238360e-01 -3.115517598572047444e-04 2.449935202716056054e-02 -1.679593497614037534e-02 5.762704368735904010e-04 5.762704368735886663e-04 6.258845025253871597e-02
5.714285714285713969e-01 5.238095238095238360e-01 -9.342972018877688210e-04 2.448190211964421104e-02 -1.730166296859697583e-02 1.686756898817606690e-03 1.686756898817607557e-03 5.909456244508232842e-02
6.190476190476190688e-01 5.238095238095238360e-01 -1.557346346745213956e-03 2.446971247781080938e-02 -1.727168053695622360e-02 2.824411306454146543e-03 2.824411306454146977e-03 6.194173378585374201e-02
6.666666666666666297e-01 5.238095238095238360e-01 -2.183991096442253199e-03 2.442440762291472542e-02 -1.794925904354805271e-02 3.891399299430370502e-03 3.891399299430372671e-03 5.802196778616387079e-02
7.142857142857143016e-01 5.238095238095238360e-01 -2.808451129290858838e-03 2.437188200824850701e-02 -1.803436637130186038e-02 5.015582755879984672e-03 5.015582755879987274e-03 6.031248898996607183e-02
7.619047619047618625e-01 5.238095238095238360e-01 -3.434234747822085057e-03 2.426811434558735076e-02 -1.845485976259990391e-02 5.993752887104070518e-03 5.993752887104081793e-03 5.589818934755861474e-02
8.095238095238095344e-01 5.238095238095238360e-01 -4.048257909185640387e-03 2.412935642171978867e-02 -1.818103856436394453e-02 7.041588351132081411e-03 7.041588351132110901e-03 5.752778662439136936e-02
8.571428571428570953e-01 5.238095238095238360e-01 -4.652356822246898893e-03 2.389983509416828897e-02 -1.738625246694726692e-02 7.806587508140430155e-03 7.806587508140422349e-03 5.261780141584667531e-02
9.047619047619047672e-01 5.238095238095238360e-01 -5.221971820357036373e-03 2.356819906296787892e-02 -1.564176183500245662e-02 8.455397982425873205e-03 8.455397982425890552e-03 5.400947647972614146e-02
9.523809523809523281e-01 5.238095238095238360e-01 -5.750112217039430630e-03 2.301945794856594119e-02 -8.707230221377072754e-03 6.876267900697121196e-03 6.876267900697136809e-03 4.904857377359939791e-02
1.000000000000000000e+00 5.238095238095238360e-01 -6.206063314679988174e-03 2.207886119831687852e-02 -2.749758715193666159e-03 -1.906511886619769846e-03 -1.906511886619766376e-03 8.216976790213297022e-02
0.000000000000000000e+00 5.714285714285713969e-01 5.336015398834294092e-03 2.320866330631214669e-02 4.050363637772481278e-04 1.554516985616204248e-03 1.554516985616204681e-03 7.561637593501849275e-02
4.761904761904761640e-02 5.714285714285713969e-01 4.918748139297223626e-03 2.389454917320391406e-02 -2.643997252754854083e-04 -8.679420736173456370e-04 -8.679420736173424928e-04 5.890209911349632288e-02
9.523809523809523281e-02 5.714285714285713969e-01 4.512308430540032909e-03 2.443029600454334899e-02 -5.570647772473132087e-03 -4.547262446242091721e-03 -4.547262446242091721e-03 5.701518618724595727e-02
1.428571428571428492e-01 5.714285714285713969e-01 4.061722509060347944e-03 2.480212306885331772e-02 -8.124073808902338226e-03 -5.982950023078581481e-03 -5.982950023078579746e-03 5.603646692925932926e-02
1.904761904761904656e-01 5.714285714285713969e-01 3.568429942706582200e-03 2.505484691336081968e-02 -1.050257847997095907e-02 -6.356615907003345181e-03 -6.356615907003347783e-03 5.803805134525576170e-02
2.380952380952380820e-01 5.714285714285713969e-01 3.046440942215175324e-03 2.522792815348038134e-02 -1.147893857201930275e-02 -5.905474818844023803e-03 -5.905474818844021201e-03 5.864041876759940736e-02
2.857142857142856984e-01 5.714285714285713969e-01 2.505755745111569802e-03 2.534134097282119205e-02 -1.199244049313237352e-02 -5.230855937211434728e-03 -5.230855937211434728e-03 6.040615555774166839e-02
3.333333333333333148e-01 5.714285714285713969e-01 1.954966321361684481e-03 2.541674181718307085e-02 -1.222047614561688235e-02 -4.214052725216273568e-03 -4.214052725216271833e-03 6.060988115370213869e-02
3.809523809523809312e-01 5.714285714285713969e-01 1.398426854407756274e-03 2.546162722455129826e-02 -1.212084429351184545e-02 -3.130372115469466209e-03 -3.130372115469466209e-03 6.188709305735073940e-02
4.285714285714285476e-01 5.714285714285713969e-01 8.395170803608469024e-04 2.548918947899168549e-02 -1.218700437346425906e-02 -1.891024846659166000e-03 -1.891024846659166000e-03 6.162662923503340467e-02
4.761904761904761640e-01 5.714285714285713969e-01 2.795059880370206768e-04 2.550005171161856543e-02 -1.200657512306597605e-02 -6.336049133242818319e-04 -6.336049133242818319e-04 6.248149066282410874e-02
5.238095238095238360e-01 5.714285714285713969e-01 -2.807089441175415886e-04 2.550158442342482373e-02 -1.214610492020710281e-02 6.525327299436049560e-04 6.525327299436010529e-04 6.181836254830466726e-02
5.714285714285713969e-01 5.714285714285713969e-01 -8.406276393013353268e-04 2.548901708618083947e-02 -1.205491925870429658e-02 1.933733991525101586e-03 1.933733991525103321e-03 6.228240293918525794e-02
6.190476190476190688e-01 5.714285714285713969e-01 -1.399635354096494949e-03 2.546448711394514938e-02 -1.223462494789424870e-02 3.125726958888529021e-03 3.125726958888527286e-03 6.122176698956919433e-02
6.666666666666666297e-01 5.714285714285713969e-01 -1.955895439923393750e-03 2.541785505607555701e-02 -1.213585546118312736e-02 4.281509087252694835e-03 4.281509087252696570e-03 6.125604211952927897e-02
7.142857142857143016e-01 5.714285714285713969e-01 -2.506925631611772124e-03 2.534535743448401018e-02 -1.202750486975432027e-02 5.200622881326145107e-03 5.200622881326145974e-03 5.973780675064615381e-02
7.619047619047618625e-01 5.714285714285713969e-01 -3.047126843945919487e-03 2.523010674106064208e-02 -1.152744001115393706e-02 6.000537231455181642e-03 6.000537231455202458e-03 5.929469549195062056e-02
8.095238095238095344e-01 5.714285714285713969e-01 -3.569606399659004583e-03 2.505959186957372117e-02 -1.030989058152883067e-02 6.292762536591137330e-03 6.292762536591135596e-03 5.731000996676197112e-02
8.571428571428570953e-01 5.714285714285713969e-01 -4.062163316558057256e-03 2.480513896023253326e-02 -8.598200722732275356e-03 6.124424732497604947e-03 6.124424732497583262e-03 5.686193136348932642e-02
9.047619047619047672e-01 5.714285714285713969e-01 -4.512526858404798842e-03 2.443453988141580310e-02 -4.410089237260359646e-03 4.413233751706127812e-03 4.413233751706159037e-03 5.547751623055681425e-02
9.523809523809523281e-01 5.714285714285713969e-01 -4.917174750926906444e-03 2.389682217115381493e-02 -1.594026031584263540e-03 6.816414064022259739e-04 6.816414064022206613e-04 6.129048377216633064e-02
1.000000000000000000e+00 5.714285714285713969e-01 -5.331423684928124698e-03 2.321278747891653005e-02 1.454895039486447201e-03 -1.745550441763656048e-03 -1.745550441763655614e-03 7.375727389302245973e-02
0.000000000000000000e+00 6.190476190476190688e-01 4.752345168541254571e-03 2.427114833529414942e-02 6.628705260804191647e-05 4.482305496402661719e-04 4.482305496402664430e-04 7.085983319343501508e-02
4.761904761904761640e-02 6.190476190476190688e-01 4.335341311621727055e-03 2.480365603084722093e-02 1.261591469937354984e-04 9.653343965842014433e-04 9.653343965842017685e-04 6.390032488932995136e-02
9.523809523809523281e-02 6.190476190476190688e-01 3.946036926594408828e-03 2.529236500369248797e-02 -1.238324110177158261e-03 -1.544691933791352782e-03 -1.544691933791351697e-03 5.897720930894841118e-02
1.428571428571428492e-01 6.190476190476190688e-01 3.545294740873317172e-03 2.567184747495690478e-02 -3.670604862719304036e-03 -3.692930067406388281e-03 -3.692930067406387414e-03 5.847720014271907268e-02
1.904761904761904656e-01 6.190476190476190688e-01 3.118459351096904662e-03 2.594798900186784038e-02 -5.185177431761941319e-03 -4.791733397708199983e-03 -4.791733397708200851e-03 5.841857638406397490e-02
2.380952380952380820e-01 6.190476190476190688e-01 2.667616877451556550e-03 2.614152881480801341e-02 -6.496539122163240421e-03 -5.117267775726907185e-03 -5.117267775726907185e-03 5.930688537949323214e-02
2.857142857142856984e-01 6.190476190476190688e-01 2.199017846648516645e-03 2.627334452100112822e-02 -7.187421686660345164e-03 -4.794241313551570426e-03 -4.794241313551570426e-03 5.987236372030103893e-02
3.333333333333333148e-01 6.190476190476190688e-01 1.718722634430419876e-03 2.635997065253247590e-02 -7.540343905871568428e-03 -4.097747855297942388e-03 -4.097747855297942388e-03 6.059579591979580293e-02
3.809523809523809312e-01 6.190476190476190688e-01 1.231337427951593316e-03 2.641457263049213494e-02 -7.794924880320431952e-03 -3.089111612159906387e-03 -3.089111612159906820e-03 6.093128249110521533e-02
4.285714285714285476e-01 6.190476190476190688e-01 7.399350856807122498e-04 2.644603229248985998e-02 -7.776170285604710672e-03 -1.921897440440444851e-03 -1.921897440440445285e-03 6.133670719909979641e-02
4.761904761904761640e-01 6.190476190476190688e-01 2.465641742427948408e-04 2.646059440057093454e-02 -7.904711147233680138e-03 -6.412113045822757798e-04 -6.412113045822774061e-04 6.137336215815017426e-02
5.238095238095238360e-01 6.190476190476190688e-01 -2.473837620915138097e-04 2.646082974073092620e-02 -7.794614003406494761e-03 6.675902095768275956e-04 6.675902095768236925e-04 6.147972137629843792e-02
5.714285714285713969e-01 6.190476190476190688e-01 -7.407167620828422399e-04 2.644705478346276797e-02 -7.875597736581993122e-03 1.939885007651019058e-03 1.939885007651020359e-03 6.122298552349490774e-02
6.190476190476190688e-01 6.190476190476190688e-01 -1.232030721275797179e-03 2.641604467213478843e-02 -7.706507682097372969e-03 3.124890954692186376e-03 3.124890954692187243e-03 6.103497297598254462e-02
6.666666666666666297e-01 6.190476190476190688e-01 -1.719317909643660897e-03 2.636218738249741442e-02 -7.591982861246749856e-03 4.107499916052192133e-03 4.107499916052192133e-03 6.046879252566324248e-02
7.142857142857143016e-01 6.190476190476190688e-01 -2.199453905467338780e-03 2.627593075985350940e-02 -7.172068653717627099e-03 4.840114867158301290e-03 4.840114867158299555e-03 5.999121632078987382e-02
7.619047619047618625e-01 6.190476190476190688e-01 -2.667918957799129531e-03 2.614471358888121461e-02 -6.428329348529100533e-03 5.116175743195896901e-03 5.116175743195902105e-03 5.913130702523765325e-02
8.095238095238095344e-01 6.190476190476190688e-01 -3.118598507692229606e-03 2.595135561610300082e-02 -5.347298189218798077e-03 4.845185999548288006e-03 4.845185999548296679e-03 5.864334880475571832e-02
8.571428571428570953e-01 6.190476190476190688e-01 -3.544963938942767654e-03 2.567541414079545226e-02 -3.334988841824696425e-03 3.674144158694736886e-03 3.674144158694741223e-03 5.804654120771296499e-02
9.047619047619047672e-01 6.190476190476190688e-01 -3.945679850259850054e-03 2.529524230816826771e-02 -1.593394519607465275e-03 1.547094431447950226e-03 1.547094431447951961e-03 5.974185374449430402e-02
9.523809523809523281e-01 6.190476190476190688e-01 -4.335446482488613910e-03 2.480657237243653890e-02 1.457454682226590713e-04 -8.869285757649448794e-04 -8.869285757649460721e-04 6.328276123588476298e-02
1.000000000000000000e+00 6.190476190476190688e-01 -4.752314039381374568e-03 2.427164691497452759e-02 1.261057035449909282e-04 -4.919557961105559254e-04 -4.919557961105550581e-04 7.128370637321100600e-02
0.000000000000000000e+00 6.666666666666666297e-01 4.286187004840146843e-03 2.528029831080990178e-02 -7.158157536471603002e-06 2.511105826576745764e-04 2.511105826576746306e-04 6.865678890141478641e-02
4.761904761904761640e-02 6.666666666666666297e-01 3.873754786258586970e-03 2.573411476899917227e-02 1.790024260708261814e-04 1.044353785112570260e-03 1.044353785112570477e-03 6.465847136407372464e-02
9.523809523809523281e-02 6.666666666666666297e-01 3.483430784214202724e-03 2.617390381308079203e-02 -1.662757091331511694e-04 -3.271029299289667435e-04 -3.271029299289663641e-04 6.177854759165536669e-02
1.428571428571428492e-01 6.666666666666666297e-01 3.099500587341961783e-03 2.654166209055293033e-02 -8.126975334922646082e-04 -2.228912374589915504e-03 -2.228912374589915504e-03 5.996474057267747737e-02
1.904761904761904656e-01 6.666666666666666297e-01 2.709475883886072658e-03 2.682340040849324342e-02 -1.852434090775801180e-03 -3.629093876649502459e-03 -3.629093876649502459e-03 5.960674301148491394e-02
2.380952380952380820e-01 6.666666666666666297e-01 2.309368955439255501e-03 2.702761217608933009e-02 -2.460854060523325233e-03 -4.299505141010172629e-03 -4.299505141010174364e-03 5.947605541206489599e-02
2.857142857142856984e-01 6.666666666666666297e-01 1.900003130692639588e-03 2.716952294026857284e-02 -3.045547474697474482e-03 -4.321097743125443431e-03 -4.321097743125443431e-03 5.969399840249853262e-02
3.333333333333333148e-01 6.666666666666666297e-01 1.483661478881228776e-03 2.726432843998401190e-02 -3.325450051358080309e-03 -3.819033521777563320e-03 -3.819033521777563320e-03 5.986834096510174757e-02
3.809523809523809312e-01 6.666666666666666297e-01 1.062537125720440902e-03 2.732466236511350843e-02 -3.530863272876962316e-03 -2.962658251727401902e-03 -2.962658251727401902e-03 6.007297531166280041e-02
4.285714285714285476e-01 6.666666666666666297e-01 6.384777236885168065e-04 2.735986852278919287e-02 -3.627291801608127034e-03 -1.860024815111918552e-03 -1.860024815111919637e-03 6.019232793232677514e-02
4.761904761904761640e-01 6.666666666666666297e-01 2.128287326508509060e-04 2.737612726345698549e-02 -3.662410765311913292e-03 -6.277890553936412961e-04 -6.277890553936447656e-04 6.027076813623915424e-02
5.238095238095238360e-01 6.666666666666666297e-01 -2.132908430077509938e-04 2.737639631123393175e-02 -3.669838543070418849e-03 6.492099310072143399e-04 6.492099310071788865e-04 6.025962884356744764e-02
5.714285714285713969e-01 6.666666666666666297e-01 -6.388713777960969807e-04 2.736073283438229808e-02 -3.619968082848658807e-03 1.884829028011094287e-03 1.884829028010646728e-03 6.019843356312179483e-02
6.190476190476190688e-01 6.666666666666666297e-01 -1.062828893524729937e-03 2.732605902171014733e-02 -3.516028967658116865e-03 2.982035708954584342e-03 2.982035708954580873e-03 6.004886528669447360e-02
6.666666666666666297e-01 6.666666666666666297e-01 -1.483761475788987526e-03 2.726628393249031987e-02 -3.344298225305934388e-03 3.848116066274865320e-03 3.848116066274864019e-03 5.988232081216390834e-02
7.142857142857143016e-01 6.666666666666666297e-01 -1.899924373774355968e-03 2.717197076388307847e-02 -2.978827653582880822e-03 4.339239095879214234e-03 4.339239095879215101e-03 5.964198398951305047e-02
7.619047619047618625e-01 6.666666666666666297e-01 -2.309042765165472948e-03 2.703049235046330739e-02 -2.545114393400233193e-03 4.329455365379581040e-03 4.329455365379587979e-03 5.953600501997845240e-02
8.095238095238095344e-01 6.666666666666666297e-01 -2.708897444387644779e-03 2.682660613204081862e-02 -1.699349013345477673e-03 3.646084792685232948e-03 3.646084792685305807e-03 5.946957456175004653e-02
8.571428571428570953e-01 6.666666666666666297e-01 -3.098789554557241071e-03 2.654489358626588649e-02 -9.716547183967927555e-04 2.234675512273237487e-03 2.234675512273213635e-03 6.018314573503674714e-02
9.047619047619047672e-01 6.666666666666666297e-01 -3.482768446673845282e-03 2.617699980932045034e-02 -4.634213414213470119e-05 3.538156598291514405e-04 3.538156598291521994e-04 6.149811819866246587e-02
9.523809523809523281e-01 6.666666666666666297e-01 -3.873012607012762433e-03 2.573723941253040423e-02 1.724472294704820828e-04 -1.087135636674416454e-03 -1.087135636674416237e-03 6.479238397951354866e-02
1.000000000000000000e+00 6.666666666666666297e-01 -4.285601893487716099e-03 2.528367223219533250e-02 -1.800255014159664714e-05 -2.386941701239628385e-04 -2.386941701239624861e-04 6.859172545838534973e-02
0.000000000000000000e+00 7.142857142857143016e-01 3.874848796209912419e-03 2.625798206104543522e-02 -5.777677827498355968e-05 1.800388735280286515e-04 1.800388735280286244e-04 6.674336119062947159e-02
4.761904761904761640e-02 7.142857142857143016e-01 3.467187732620519852e-03 2.667206091168036058e-02 2.180845526815792753e-04 8.217919675421494737e-04 8.217919675421486063e-04 6.513082641479514545e-02
9.523809523809523281e-02 7.142857142857143016e-01 3.075328128463288187e-03 2.707584623765938933e-02 5.844542835516927442e-04 -2.492058680564014010e-04 -2.492058680564014552e-04 6.326347893825134960e-02
1.428571428571428492e-01 7.142857142857143016e-01 2.698453083474136420e-03 2.742238117388157495e-02 7.830308129076207638e-04 -1.849447052084897966e-03 -1.849447052084897316e-03 6.177301203119148210e-02
1.904761904761904656e-01 7.142857142857143016e-01 2.331700807505304295e-03 2.769459228122856873e-02 8.733903072812742490e-04 -3.205198297292175934e-03 -3.205198297292175934e-03 6.059470517032736897e-02
2.380952380952380820e-01 7.142857142857143016e-01 1.970479038569315951e-03 2.789566002195559627e-02 7.828615139601189689e-04 -3.946629574011346377e-03 -3.946629574011346377e-03 5.995030028786269005e-02
2.857142857142856984e-01 7.142857142857143016e-01 1.611757951069203764e-03 2.803746405165024463e-02 7.352417162110829298e-04 -4.056672005043503691e-03 -4.056672005043503691e-03 5.947502701351831816e-02
3.333333333333333148e-01 7.142857142857143016e-01 1.253852019032779003e-03 2.813325905970889135e-02 6.184669158596407552e-04 -3.650520913445673681e-03 -3.650520913445673681e-03 5.926600401863446610e-02
3.809523809523809312e-01 7.142857142857143016e-01 8.959333456444681411e-04 2.819481717986634106e-02 5.669093368312585124e-04 -2.854074384997432653e-03 -2.854074384997432219e-03 5.911598822779358386e-02
4.285714285714285476e-01 7.142857142857143016e-01 5.377118943830773261e-04 2.823101812827247953e-02 5.009693424684456180e-04 -1.806534417043013669e-03 -1.806534417043013452e-03 5.907130404576931698e-02
4.761904761904761640e-01 7.142857142857143016e-01 1.792174768979618103e-04 2.824779225424069173e-02 4.880373763599806999e-04 -6.109890945321180692e-04 -6.109890945321189365e-04 5.903542279549538890e-02
5.238095238095238360e-01 7.142857142857143016e-01 -1.793595600468653303e-04 2.824803493132030732e-02 4.792630406363938356e-04 6.304376907557809927e-04 6.304376907557784990e-04 5.904396481564431337e-02
5.714285714285713969e-01 7.142857142857143016e-01 -5.377762114297060005e-04 2.823176470073201702e-02 5.197636385584643694e-04 1.824330531166866659e-03 1.824330531166881621e-03 5.905231299676640122e-02
6.190476190476190688e-01 7.142857142857143016e-01 -8.958412210489717468e-04 2.819604313002347512e-02 5.583149208762646417e-04 2.876766605614172311e-03 2.876766605614177515e-03 5.912552028345399724e-02
6.666666666666666297e-01 7.142857142857143016e-01 -1.253537533569632151e-03 2.813499677312773437e-02 6.561341981687184716e-04 3.668698358531074805e-03 3.668698358531073071e-03 5.922731533368628953e-02
7.142857142857143016e-01 7.142857142857143016e-01 -1.611166747511254748e-03 2.803964606602668205e-02 7.172894444458980225e-04 4.082601968826765279e-03 4.082601968826759208e-03 5.950243449343777663e-02
7.619047619047618625e-01 7.142857142857143016e-01 -1.969577773073871111e-03 2.789833352977117570e-02 8.408642688015368878e-04 3.968584047845716799e-03 3.968584047845715064e-03 5.988437308099690826e-02
8.095238095238095344e-01 7.142857142857143016e-01 -2.330530507977432615e-03 2.769757123636043192e-02 8.438080275955638912e-04 3.224945796448725008e-03 3.224945796448728044e-03 6.066321463626410393e-02
8.571428571428570953e-01 7.142857142857143016e-01 -2.697101192474598251e-03 2.742560996529903178e-02 8.269254873237811025e-04 1.880818632082961088e-03 1.880818632082930080e-03 6.169329539116921723e-02
9.047619047619047672e-01 7.142857142857143016e-01 -3.073870426114488127e-03 2.707920806127325428e-02 5.835907188866470844e-04 2.503170574931840508e-04 2.503170574931744556e-04 6.332285564233730568e-02
9.523809523809523281e-01 7.142857142857143016e-01 -3.465693050322227013e-03 2.667496754862862599e-02 2.066998748558319780e-04 -7.868172621615138369e-04 -7.868172621615105843e-04 6.518061711679082326e-02
1.000000000000000000e+00 7.142857142857143016e-01 -3.873008453009074096e-03 2.625986638861481370e-02 -1.340086537282064539e-05 -1.882892131043333733e-04 -1.882892131043311507e-04 6.667028953053019680e-02
0.000000000000000000e+00 7.619047619047618625e-01 3.479105709872078352e-03 2.720992294380279383e-02 -2.170552919702394974e-05 1.747789737641708592e-04 1.747789737641709134e-04 6.525688135007805257e-02
4.761904761904761640e-02 7.619047619047618625e-01 3.075022839946549985e-03 2.761436584365334346e-02 2.844326567183973718e-04 2.544253097089994582e-04 2.544253097089995124e-04 6.574591066726893918e-02
9.523809523809523281e-02 7.619047619047618625e-01 2.682326576089440109e-03 2.799505376405306972e-02 1.284853375918922373e-03 -9.409149214830610231e-04 -9.409149214830638420e-04 6.469053451035623736e-02
1.428571428571428492e-01 7.619047619047618625e-01 2.312425805682895730e-03 2.831536576893646864e-02 2.312254221097920920e-03 -2.456236959554343631e-03 -2.456236959554343631e-03 6.321219915868186989e-02
1.904761904761904656e-01 7.619047619047618625e-01 1.967044722345668347e-03 2.856513246387699934e-02 3.288440104486135569e-03 -3.597788471587046524e-03 -3.597788471587047392e-03 6.162539402083365425e-02
2.380952380952380820e-01 7.619047619047618625e-01 1.641946105414833143e-03 2.874965019789003234e-02 3.892480414514423032e-03 -4.159761982851900228e-03 -4.159761982851900228e-03 6.025891760554275695e-02
2.857142857142856984e-01 7.619047619047618625e-01 1.331119718775735294e-03 2.888021671507456922e-02 4.266238906035738077e-03 -4.149634165916008498e-03 -4.149634165916008498e-03 5.932016490869451708e-02
3.333333333333333148e-01 7.619047619047618625e-01 1.029279048935965004e-03 2.896902837215625109e-02 4.459472137598655475e-03 -3.667382512850833696e-03 -3.667382512850834563e-03 5.860223788733869704e-02
3.809523809523809312e-01 7.619047619047618625e-01 7.326516643673000682e-04 2.902645762448159000e-02 4.518646649660146286e-03 -2.845841821600211471e-03 -2.845841821600212772e-03 5.820525469398545731e-02
4.285714285714285476e-01 7.619047619047618625e-01 4.387580806625960986e-04 2.906047035922427330e-02 4.560062561986997880e-03 -1.790407181394809265e-03 -1.790407181394809482e-03 5.792599957141747469e-02
4.761904761904761640e-01 7.619047619047618625e-01 1.461551714692677930e-04 2.907627357101787852e-02 4.543476072103493600e-03 -6.064778621269078553e-04 -6.064778621269078553e-04 5.783417151405314399e-02
5.238095238095238360e-01 7.619047619047618625e-01 -1.460535236633858668e-04 2.907648220929248684e-02 4.566602310844183193e-03 6.207418096282074247e-04 6.207418096282011364e-04 5.781000119842953644e-02
5.714285714285713969e-01 7.619047619047618625e-01 -4.385672739499234057e-04 2.906107763039556674e-02 4.546757177559987775e-03 1.806699789388946289e-03 1.806699789389085934e-03 5.794464470326307626e-02
6.190476190476190688e-01 7.619047619047618625e-01 -7.322643261150119966e-04 2.902749589416697695e-02 4.548917105724513757e-03 2.859875939773265287e-03 2.859875939773265721e-03 5.816390904885425372e-02
6.666666666666666297e-01 7.619047619047618625e-01 -1.028631049226746497e-03 2.897047437987660540e-02 4.462115804499198167e-03 3.687418715387591646e-03 3.687418715387589477e-03 5.862821160494549599e-02
7.142857142857143016e-01 7.619047619047618625e-01 -1.330096831775486391e-03 2.888213765730762023e-02 4.291028399978621954e-03 4.167023562792070493e-03 4.167023562792041003e-03 5.925961826381293679e-02
7.619047619047618625e-01 7.619047619047618625e-01 -1.640533049388497640e-03 2.875198959235937546e-02 3.929943924170745118e-03 4.184241114806294681e-03 4.184241114806294681e-03 6.029419663088545628e-02
8.095238095238095344e-01 7.619047619047618625e-01 -1.965243224136159050e-03 2.856798495305194405e-02 3.271148345270468230e-03 3.626574489622837964e-03 3.626574489622831025e-03 6.159016192278716356e-02
8.571428571428570953e-01 7.619047619047618625e-01 -2.310289236976442034e-03 2.831857215547091064e-02 2.397955525395029357e-03 2.474134101953379562e-03 2.474134101953376092e-03 6.319661192640926850e-02
9.047619047619047672e-01 7.619047619047618625e-01 -2.680092911535261573e-03 2.799835694230229724e-02 1.217702068684244250e-03 9.756064092723138034e-04 9.756064092722893004e-04 6.482113009552964433e-02
9.523809523809523281e-01 7.619047619047618625e-01 -3.072901150379557175e-03 2.761760881406052914e-02 3.304164508537617566e-04 -2.723431791838383173e-04 -2.723431791838557187e-04 6.558459997056657886e-02
1.000000000000000000e+00 7.619047619047618625e-01 -3.477665865676971522e-03 2.721288716737838703e-02 -1.165163174891572319e-04 -1.687203093961706275e-04 -1.687203093961560992e-04 6.544708581285164917e-02
0.000000000000000000e+00 8.095238095238095344e-01 3.069601920810328954e-03 2.814769555942273419e-02 -2.198446970068183284e-04 2.059543109279189372e-04 2.059543109279190999e-04 6.490224603167445150e-02
4.761904761904761640e-02 8.095238095238095344e-01 2.663833251132714883e-03 2.856615615683413476e-02 5.399127606608912933e-04 -6.614649902330962125e-04 -6.614649902330919842e-04 6.658023183817647628e-02
9.523809523809523281e-02 8.095238095238095344e-01 2.271110581357845774e-03 2.893023404494219145e-02 2.157807451230096558e-03 -2.494768639568215735e-03 -2.494768639568215735e-03 6.647054291479340127e-02
1.428571428571428492e-01 8.095238095238095344e-01 1.914038158501540302e-03 2.921716702115652320e-02 4.388389713811908371e-03 -3.952072993671474146e-03 -3.952072993671474146e-03 6.442004707826934351e-02
1.904761904761904656e-01 8.095238095238095344e-01 1.597048913962784578e-03 2.943195273713096471e-02 5.942347607967447820e-03 -4.730604329758627755e-03 -4.730604329758627755e-03 6.227543513498649819e-02
2.380952380952380820e-01 8.095238095238095344e-01 1.313311439372006825e-03 2.958743785884563465e-02 7.190724453504309527e-03 -4.887389749622987611e-03 -4.887389749622987611e-03 6.040166597857509617e-02
2.857142857142856984e-01 8.095238095238095344e-01 1.053234707344256199e-03 2.969689267269420493e-02 7.858036592608547838e-03 -4.553508335426292158e-03 -4.553508335426292158e-03 5.888563967475431149e-02
3.333333333333333148e-01 8.095238095238095344e-01 8.084428930367053854e-04 2.977145693714227520e-02 8.237374729492739217e-03 -3.868805829986326963e-03 -3.868805829986326963e-03 5.790807535963332642e-02
3.809523809523809312e-01 8.095238095238095344e-01 5.727198718238266355e-04 2.981996385868060720e-02 8.429293585270765041e-03 -2.926457114438343714e-03 -2.926457114438343280e-03 5.717840443978557813e-02
4.285714285714285476e-01 8.095238095238095344e-01 3.420576195118585827e-04 2.984884326423820067e-02 8.476637453397838778e-03 -1.818861640898510870e-03 -1.818861640898510003e-03 5.681161004842343737e-02
4.761904761904761640e-01 8.095238095238095344e-01 1.138454648562117294e-04 2.986232713620772666e-02 8.528381527808243101e-03 -6.131617932533224916e-04 -6.131617932533212989e-04 5.658526266260429510e-02
5.238095238095238360e-01 8.095238095238095344e-01 -1.136020898443050381e-04 2.986247966349366012e-02 8.501119638194635716e-03 6.232450115917676121e-04 6.232450115917567701e-04 5.661699666449413609e-02
5.714285714285713969e-01 8.095238095238095344e-01 -3.417040914759487979e-04 2.984931781438250609e-02 8.511566945395451084e-03 1.827936418879805248e-03 1.827936418879790503e-03 5.676696797776097092e-02
6.190476190476190688e-01 8.095238095238095344e-01 -5.721787256576222171e-04 2.982075567993029350e-02 8.421395972474711791e-03 2.938661182207215859e-03 2.938661182207354637e-03 5.721130242998338777e-02
6.666666666666666297e-01 8.095238095238095344e-01 -8.075576989971140762e-04 2.977260786783097676e-02 8.265142872478257671e-03 3.878558856111778089e-03 3.878558856111711736e-03 5.784056505843117313e-02
7.142857142857143016e-01 8.095238095238095344e-01 -1.051962462696819913e-03 2.969841625046279812e-02 7.898731500174942244e-03 4.571108808631546214e-03 4.571108808631403966e-03 5.892646539598603989e-02
7.619047619047618625e-01 8.095238095238095344e-01 -1.311469439504473616e-03 2.958943254288087452e-02 7.169735094376517015e-03 4.903773632717490540e-03 4.903773632717375180e-03 6.033211650821831973e-02
8.095238095238095344e-01 8.095238095238095344e-01 -1.594605284189964554e-03 2.943445873914194225e-02 6.090413327696370289e-03 4.762203039875463617e-03 4.762203039875454944e-03 6.227989786608432304e-02
8.571428571428570953e-01 8.095238095238095344e-01 -1.911156953035767500e-03 2.922039502416061765e-02 4.244665052442316011e-03 3.992673863591447887e-03 3.992673863591440948e-03 6.451526372314138336e-02
9.047619047619047672e-01 8.095238095238095344e-01 -2.267933858699478465e-03 2.893382181261022409e-02 2.372748618409085703e-03 2.515009710562260848e-03 2.515009710562253909e-03 6.623310618665867455e-02
9.523809523809523281e-01 8.095238095238095344e-01 -2.660505361346498371e-03 2.856944275689440871e-02 4.504765783725723301e-04 7.235498814123945488e-04 7.235498814123946573e-04 6.699417748266088546e-02
1.000000000000000000e+00 8.095238095238095344e-01 -3.065374439946753991e-03 2.814981793673288976e-02 -5.711303531460064310e-05 -2.027452373410597807e-04 -2.027452373410583170e-04 6.459053358105135145e-02
0.000000000000000000e+00 8.571428571428570953e-01 2.608949812478767154e-03 2.908199071094312929e-02 -2.125543634658111846e-04 3.778801355657307134e-04 3.778801355657278945e-04 6.489349341553266037e-02
4.761904761904761640e-02 8.571428571428570953e-01 2.196508279303645110e-03 2.953843294880958287e-02 8.173025746435937794e-04 -2.515925856639926548e-03 -2.515925856639926982e-03 6.942213226628572709e-02
9.523809523809523281e-02 8.571428571428570953e-01 1.809290417902657648e-03 2.988089438010548340e-02 4.422279987806324898e-03 -5.165552829749743211e-03 -5.165552829749744078e-03 6.794220156048166870e-02
1.428571428571428492e-01 8.571428571428570953e-01 1.480673602243126954e-03 3.011957926307675878e-02 7.128453986544341751e-03 -6.304832836187332715e-03 -6.304832836187332715e-03 6.535143622052054513e-02
1.904761904761904656e-01 8.571428571428570953e-01 1.208166351355081849e-03 3.028553340975839378e-02 9.577019832690297774e-03 -6.393969028249315428e-03 -6.393969028249309357e-03 6.242616032163559453e-02
2.380952380952380820e-01 8.571428571428570953e-01 9.777841837887799731e-04 3.040183937322997812e-02 1.085474275092638240e-02 -5.901288673903835706e-03 -5.901288673903835706e-03 5.996692264436553205e-02
2.857142857142856984e-01 8.571428571428570953e-01 7.755920420471529471e-04 3.048296459817783494e-02 1.167197525095933254e-02 -5.119038050232602166e-03 -5.119038050232595227e-03 5.824900240918749056e-02
3.333333333333333148e-01 8.571428571428570953e-01 5.909109251399351920e-04 3.053835681608515693e-02 1.207080756928550179e-02 -4.143973698627216422e-03 -4.143973698627214687e-03 5.691722424892574350e-02
3.809523809523809312e-01 8.571428571428570953e-01 4.166775349357982488e-04 3.057462919068067858e-02 1.222472352816133742e-02 -3.045922076898510949e-03 -3.045922076898510949e-03 5.613719570164475703e-02
4.285714285714285476e-01 8.571428571428570953e-01 2.481803931709906366e-04 3.059638719848716340e-02 1.232365079130100932e-02 -1.859560993763116838e-03 -1.859560993763113585e-03 5.557849160467434602e-02
4.761904761904761640e-01 8.571428571428570953e-01 8.253299485794570063e-05 3.060659080933528925e-02 1.230343043154772005e-02 -6.240187206838914173e-04 -6.240187206838890320e-04 5.538492778508612158e-02
5.238095238095238360e-01 8.571428571428570953e-01 -8.224685168751017471e-05 3.060669782023532973e-02 1.234601961590047446e-02 6.286174724965345626e-04 6.286174724965692571e-04 5.533899052127942003e-02
5.714285714285713969e-01 8.571428571428570953e-01 -2.478060164682684184e-04 3.059670859142595706e-02 1.229346353421756008e-02 1.864894160095607748e-03 1.864894160095654585e-03 5.561875786637836966e-02
6.190476190476190688e-01 8.571428571428570953e-01 -4.160806926357914280e-04 3.057517739392268813e-02 1.226792260892351979e-02 3.049380169326020192e-03 3.049380169326049682e-03 5.607056952170173802e-02
6.666666666666666297e-01 8.571428571428570953e-01 -5.900324862363916364e-04 3.053915318376795862e-02 1.207442859225472259e-02 4.150572946561839269e-03 4.150572946561602479e-03 5.696528423737646368e-02
7.142857142857143016e-01 8.571428571428570953e-01 -7.742013684938762238e-04 3.048404727520674651e-02 1.168889054539942220e-02 5.122216411392104159e-03 5.122216411389936622e-03 5.815453429577356614e-02
7.619047619047618625e-01 8.571428571428570953e-01 -9.758468931168371536e-04 3.040330813137350971e-02 1.095641058193773214e-02 5.916885204922850590e-03 5.916885204923632083e-03 6.001783716263563856e-02
8.095238095238095344e-01 8.571428571428570953e-01 -1.205316149391561301e-03 3.028750325309468444e-02 9.482857093632760317e-03 6.405411203889769395e-03 6.405411203889706077e-03 6.235593713410465810e-02
8.571428571428570953e-01 8.571428571428570953e-01 -1.476689640029690484e-03 3.012239146137877036e-02 7.495825626588611089e-03 6.366279322671542125e-03 6.366279322671564676e-03 6.528257261750354534e-02
9.047619047619047672e-01 8.571428571428570953e-01 -1.804858244816931164e-03 2.988516678540360447e-02 4.036876976183199385e-03 5.240843520306810027e-03 5.240843520306806558e-03 6.844440029992915342e-02
9.523809523809523281e-01 8.571428571428570953e-01 -2.192556781465522953e-03 2.954268126587627011e-02 1.119883620593139064e-03 2.496812850564413336e-03 2.496812850564412902e-03 6.882251660728598563e-02
1.000000000000000000e+00 8.571428571428570953e-01 -2.606859547086467273e-03 2.908530058387576167e-02 -5.765579282515155861e-04 -2.958125089049131709e-04 -2.958125089049132793e-04 6.578734418219421565e-02
0.000000000000000000e+00 9.047619047619047672e-01 2.060632605819873609e-03 3.003320754420361199e-02 -2.200570918017967850e-03 1.462564414888694328e-03 1.462564414888693678e-03 6.756769779786560293e-02
4.761904761904761640e-02 9.047619047619047672e-01 1.624779369034994644e-03 3.055076660168941707e-02 3.681208215750887691e-03 -6.594249327849210397e-03 -6.594249327849210397e-03 7.252713050466472189e-02
9.523809523809523281e-02 9.047619047619047672e-01 1.266559134098094608e-03 3.083920806122278022e-02 7.899838418103811294e-03 -9.298592052193506083e-03 -9.298592052193504348e-03 6.967519560969372139e-02
1.428571428571428492e-01 9.047619047619047672e-01 9.997099553498212717e-04 3.100478890087834255e-02 1.218797163450504109e-02 -9.190643966281912200e-03 -9.190643966281913935e-03 6.530570874464920739e-02
1.904761904761904656e-01 9.047619047619047672e-01 7.980023712201907843e-04 3.111002625471919261e-02 1.404536416817410600e-02 -8.084177396223345483e-03 -8.084177396223338544e-03 6.162250366876151353e-02
2.380952380952380820e-01 9.047619047619047672e-01 6.370560274423780079e-04 3.118196061129524521e-02 1.516967669649106967e-02 -6.843323292836165153e-03 -6.843323292836163418e-03 5.909627819862086490e-02
2.857142857142856984e-01 9.047619047619047672e-01 5.007308460044295004e-04 3.123204935953072942e-02 1.568356567301923063e-02 -5.585691524160645710e-03 -5.585691524160645710e-03 5.709447620406252200e-02
3.333333333333333148e-01 9.047619047619047672e-01 3.793333504229365262e-04 3.126660710524176850e-02 1.586476364673724410e-02 -4.350027245509710885e-03 -4.350027245509709151e-03 5.584278427301395120e-02
3.809523809523809312e-01 9.047619047619047672e-01 2.665169901632802600e-04 3.128948729045014782e-02 1.596677576271489721e-02 -3.113683045914797474e-03 -3.113683045914800076e-03 5.488230980198243597e-02
4.285714285714285476e-01 9.047619047619047672e-01 1.584405469572017331e-04 3.130337313863230247e-02 1.591305498716838115e-02 -1.873381733489602958e-03 -1.873381733489601440e-03 5.439641180889034228e-02
4.761904761904761640e-01 9.047619047619047672e-01 5.265319277898628176e-05 3.130992277837729015e-02 1.595260871121485097e-02 -6.250440029419789640e-04 -6.250440029419775546e-04 5.408609141674442650e-02
5.238095238095238360e-01 9.047619047619047672e-01 -5.242679071251131847e-05 3.130998719202560815e-02 1.590100478531790429e-02 6.257594505545720958e-04 6.257594505545780589e-04 5.413412690407245348e-02
5.714285714285713969e-01 9.047619047619047672e-01 -1.581287448180585214e-04 3.130354972184904577e-02 1.597061607132617411e-02 1.872931297658808614e-03 1.872931297658831599e-03 5.433533911461552873e-02
6.190476190476190688e-01 9.047619047619047672e-01 -2.660554375219884330e-04 3.128980529264042271e-02 1.592841858059849611e-02 3.113449813190751619e-03 3.113449813190814937e-03 5.493366044796268999e-02
6.666666666666666297e-01 9.047619047619047672e-01 -3.785795315174107409e-04 3.126704526617517937e-02 1.592023201588423434e-02 4.345723084309320063e-03 4.345723084310146658e-03 5.575266340693950384e-02
7.142857142857143016e-01 9.047619047619047672e-01 -4.996263810092670815e-04 3.123268302651584227e-02 1.568697836795476461e-02 5.584160905077903587e-03 5.584160905079089271e-03 5.716256088642968775e-02
7.619047619047618625e-01 9.047619047619047672e-01 -6.352827505552684694e-04 3.118276924415656903e-02 1.519030720262101904e-02 6.831953504949321056e-03 6.831953504949060847e-03 5.896154654111140231e-02
8.095238095238095344e-01 9.047619047619047672e-01 -7.955266618566833505e-04 3.111125184398878807e-02 1.420474599521307814e-02 8.096047543772513441e-03 8.096047543772588034e-03 6.171302542342703423e-02
8.571428571428570953e-01 9.047619047619047672e-01 -9.955201920088367368e-04 3.100638406279200912e-02 1.200634262583641539e-02 9.182804707358859994e-03 9.182804707358866933e-03 6.515859077385788289e-02
9.047619047619047672e-01 9.047619047619047672e-01 -1.259562994934067520e-03 3.084289951297917304e-02 8.913616921162983639e-03 9.472877373232062650e-03 9.472877373232062650e-03 6.957805720700147023e-02
9.523809523809523281e-01 9.047619047619047672e-01 -1.617424946155585205e-03 3.055632450519320947e-02 2.384829223018632410e-03 6.716936076003762052e-03 6.716936076003758582e-03 7.472592908477705687e-02
1.000000000000000000e+00 9.047619047619047672e-01 -2.046192308737778895e-03 3.004088800163941947e-02 -1.167043863800736221e-03 -7.040437580843765314e-04 -7.040437580843767482e-04 6.755038000562470224e-02
0.000000000000000000e+00 9.523809523809523281e-01 1.306388214454058368e-03 3.108128553916495243e-02 5.138877871834612995e-04 1.740775101452822667e-03 1.740775101452826136e-03 7.102040026533761041e-02
4.761904761904761640e-02 9.523809523809523281e-01 8.797076525084466603e-04 3.161113031585448957e-02 9.135665473134921277e-03 -1.505946814265082465e-02 -1.505946814265082812e-02 7.831806182374634329e-02
9.523809523809523281e-02 9.523809523809523281e-01 6.335607350756812311e-04 3.176907910450905287e-02 1.682505141431215115e-02 -1.400271694634883622e-02 -1.400271694634883622e-02 6.969892584491003962e-02
1.428571428571428492e-01 9.523809523809523281e-01 4.857476123001963002e-04 3.184205624860567130e-02 1.896695244792172622e-02 -1.129453289559185711e-02 -1.129453289559185711e-02 6.349186592198964585e-02
1.904761904761904656e-01 9.523809523809523281e-01 3.834296944638610014e-04 3.188606067440966085e-02 1.953935715980912105e-02 -9.039052056638265803e-03 -9.039052056638274477e-03 6.012136469042882875e-02
2.380952380952380820e-01 9.523809523809523281e-01 3.037103242457810538e-04 3.191684254624291978e-02 1.977495160676085578e-02 -7.251137631863856757e-03 -7.251137631863852420e-03 5.750948298525655061e-02
2.857142857142856984e-01 9.523809523809523281e-01 2.377550738780321129e-04 3.193857168706039362e-02 1.964203053719429382e-02 -5.707300511682158670e-03 -5.707300511682157802e-03 5.582545061724569768e-02
3.333333333333333148e-01 9.523809523809523281e-01 1.796144985513372630e-04 3.195401885396018798e-02 1.959480105063635472e-02 -4.342608878193391676e-03 -4.342608878193389942e-03 5.448434027551336822e-02
3.809523809523809312e-01 9.523809523809523281e-01 1.260615196670137781e-04 3.196437379238870752e-02 1.937533762959313399e-02 -3.056884075207842288e-03 -3.056884075207842721e-03 5.369222406280845655e-02
4.285714285714285476e-01 9.523809523809523281e-01 7.489096784609201710e-05 3.197082607613919991e-02 1.933754198439808711e-02 -1.822387235762717040e-03 -1.822387235762715305e-03 5.310476524427551470e-02
4.761904761904761640e-01 9.523809523809523281e-01 2.488792362138959641e-05 3.197384775871283530e-02 1.920493797538827888e-02 -6.057351230907804477e-04 -6.057351230907801224e-04 5.290255403935120032e-02
5.238095238095238360e-01 9.523809523809523281e-01 -2.477220161216974126e-05 3.197390594399760616e-02 1.927623943192822639e-02 6.040451512708423093e-04 6.040451512708386230e-04 5.285113462767768167e-02
5.714285714285713969e-01 9.523809523809523281e-01 -7.473991100696777013e-05 3.197085761158949269e-02 1.926720610419576860e-02 1.818152125929008720e-03 1.818152125929031922e-03 5.315259206917899437e-02
6.190476190476190688e-01 9.523809523809523281e-01 -1.257930887823752164e-04 3.196453472935270601e-02 1.945648353439145134e-02 3.054388570568584461e-03 3.054388570568638672e-03 5.362256742004028326e-02
6.666666666666666297e-01 9.523809523809523281e-01 -1.792399614146015585e-04 3.195413181248851070e-02 1.952168942995361964e-02 4.329500737484602915e-03 4.329500737484383473e-03 5.454252708942597394e-02
7.142857142857143016e-01 9.523809523809523281e-01 -2.370560003545781036e-04 3.193886550321371059e-02 1.973890458997623609e-02 5.702745888909537507e-03 5.702745888907631913e-03 5.572256823676712684e-02
7.619047619047618625e-01 9.523809523809523281e-01 -3.028228156340811712e-04 3.191702305070488049e-02 1.971174978601081609e-02 7.217465078902223462e-03 7.217465078902853166e-03 5.759544432913248080e-02
8.095238095238095344e-01 9.523809523809523281e-01 -3.816987639541909541e-04 3.188663349713195816e-02 1.965040833834150180e-02 9.039415588844336436e-03 9.039415588844466540e-03 5.993929247946391120e-02
8.571428571428570953e-01 9.523809523809523281e-01 -4.840243468236233681e-04 3.184202586508007304e-02 1.895580270599442688e-02 1.122970648746732074e-02 1.122970648746733115e-02 6.369110029275906748e-02
9.047619047619047672e-01 9.523809523809523281e-01 -6.273132361003788335e-04 3.177043429920897721e-02 1.705579228265344249e-02 1.416813569387972982e-02 1.416813569387973155e-02 6.876641071020267448e-02
9.523809523809523281e-01 9.523809523809523281e-01 -8.659506910343358612e-04 3.161646560912038939e-02 1.106803754814005697e-02 1.542486245826811368e-02 1.542486245826811021e-02 7.665817471602126565e-02
1.000000000000000000e+00 9.523809523809523281e-01 -1.311171251418172387e-03 3.107469095611493579e-02 -6.532667929500266500e-03 1.191855661285052886e-03 1.191855661285053970e-03 8.475133961827616136e-02
0.000000000000000000e+00 1.000000000000000000e+00 -7.579323709985091394e-21 3.260099999999999804e-02 3.439092003756647614e-02 -3.260208165335326536e-02 -3.260208165335326536e-02 1.284221416796806903e-01
4.761904761904761640e-02 1.000000000000000000e+00 -1.150965629636596999e-20 3.260099999999999804e-02 2.935354721498180733e-02 -2.041138816597600283e-02 -2.041138816597601671e-02 7.892468861966711602e-02
9.523809523809523281e-02 1.000000000000000000e+00 -2.049911336238314377e-15 3.260099999999999804e-02 2.719366303445593797e-02 -1.368734658753250830e-02 -1.368734658753254819e-02 6.448874838563721512e-02
1.428571428571428492e-01 1.000000000000000000e+00 -1.003364825358931311e-20 3.260099999999999804e-02 2.601637459515992318e-02 -1.097994791008246630e-02 -1.097994791008247324e-02 6.086242960963861998e-02
1.904761904761904656e-01 1.000000000000000000e+00 1.129934809420258887e-20 3.260099999999999804e-02 2.487266615204412543e-02 -8.586725642555199933e-03 -8.586725642555199933e-03 5.786025530630888036e-02
2.380952380952380820e-01 1.000000000000000000e+00 -6.439022591844994178e-21 3.260099999999999804e-02 2.397749184798928304e-02 -6.869126177390862988e-03 -6.869126177390862988e-03 5.593378454431034014e-02
2.857142857142856984e-01 1.000000000000000000e+00 2.157090715494829808e-20 3.260100000000000497e-02 2.334116724512162733e-02 -5.347225382514487688e-03 -5.347225382514486820e-03 5.429374064387021415e-02
3.333333333333333148e-01 1.000000000000000000e+00 -5.347309902630162089e-21 3.260100000000000497e-02 2.283105084641064500e-02 -4.063072499365969620e-03 -4.063072499365969620e-03 5.325753870508939669e-02
3.809523809523809312e-01 1.000000000000000000e+00 -1.982692429083147778e-16 3.260100000000000497e-02 2.251882934529522706e-02 -2.845125620077854946e-03 -2.845125620077855379e-03 5.240081546300564413e-02
4.285714285714285476e-01 1.000000000000000000e+00 -9.716997543148705946e-21 3.260100000000001191e-02 2.227988898505108353e-02 -1.696440861810428590e-03 -1.696440861810430975e-03 5.197413740926228043e-02
4.761904761904761640e-01 1.000000000000000000e+00 -4.040404813573826220e-16 3.260100000000000497e-02 2.220194901761151154e-02 -5.627950604469471926e-04 -5.627950604469474094e-04 5.167503363505536462e-02
5.238095238095238360e-01 1.000000000000000000e+00 2.020080898813281041e-21 3.260099999999999804e-02 2.217621291092082558e-02 5.614849698608601405e-04 5.614849698608682721e-04 5.173278747858834486e-02
5.714285714285713969e-01 1.000000000000000000e+00 -1.561408735615580996e-14 3.260099999999999804e-02 2.230379856711143041e-02 1.689339665464973696e-03 1.689339665464997548e-03 5.190769636646461183e-02
6.190476190476190688e-01 1.000000000000000000e+00 4.872636831135717246e-21 3.260099999999999804e-02 2.249050975419160381e-02 2.847151488777700194e-03 2.847151488777721878e-03 5.246442539020836765e-02
6.666666666666666297e-01 1.000000000000000000e+00 -5.225408311921620394e-21 3.260099999999999804e-02 2.285369537881839705e-02 4.037705019493774590e-03 4.037705019493710405e-03 5.316946200566125685e-02
7.142857142857143016e-01 1.000000000000000000e+00 8.176186300356487446e-21 3.260099999999999804e-02 2.331163780892173479e-02 5.358980902681658755e-03 5.358980902681090633e-03 5.437736104126168757e-02
7.619047619047618625e-01 1.000000000000000000e+00 5.995668331815034210e-16 3.260099999999999804e-02 2.399713798657126737e-02 6.799010344226253701e-03 6.799010344225891143e-03 5.580711630621152525e-02
8.095238095238095344e-01 1.000000000000000000e+00 1.285363657580900455e-20 3.260099999999999804e-02 2.485505682563101532e-02 8.637724116943249625e-03 8.637724116943060540e-03 5.800239799751602532e-02
8.571428571428570953e-01 1.000000000000000000e+00 -7.900004560315429040e-17 3.260099999999999804e-02 2.599736706650609616e-02 1.085620367411241349e-02 1.085620367411242043e-02 6.056443662554805013e-02
9.047619047619047672e-01 1.000000000000000000e+00 2.185758252763624387e-20 3.260099999999999804e-02 2.759064024775975330e-02 1.440045636585861669e-02 1.440045636585850740e-02 6.519585836966476644e-02
9.523809523809523281e-01 1.000000000000000000e+00 -2.412965868141585740e-20 3.260099999999999804e-02 2.990446425485035822e-02 2.100207089341184219e-02 2.100207089341183872e-02 7.225552601683517262e-02
1.000000000000000000e+00 1.000000000000000000e+00 5.998454628278877432e-20 3.260099999999999110e-02 7.039757626597641094e-02 4.492059180437175253e-02 4.492059180437175253e-02 1.510850237757970504e-01
