0.000000000000000000e+00 0.000000000000000000e+00 -4.019231982499749669e-19 -3.385429014180991388e-19 1.821572471022194217e-01 1.013789704742593112e-01 1.013789704742592834e-01 3.103050420437596935e-01
4.761904761904761640e-02 0.000000000000000000e+00 -4.248087580120446918e-17 -2.956366966059545024e-19 6.288804059886964060e-02 5.114832052991585831e-02 5.114832052991576811e-02 1.205453874861439484e-01
9.523809523809523281e-02 0.000000000000000000e+00 -2.470439619896724256e-19 -1.670792798543745907e-19 6.009058288980782814e-02 3.868416608124306683e-02 3.868416608124306683e-02 1.132111806426543549e-01
1.428571428571428492e-01 0.000000000000000000e+00 -2.398321424271124839e-19 -1.987633463935784218e-19 5.946817997194022570e-02 3.208771186456905317e-02 3.208771186456903235e-02 1.100516782772547192e-01
1.904761904761904656e-01 0.000000000000000000e+00 -1.644669812529241591e-19 -1.452318171982627205e-19 5.989954947189631701e-02 2.716359224807290279e-02 2.716359224807290279e-02 1.112555286233603835e-01
2.380952380952380820e-01 0.000000000000000000e+00 -1.645959774399262880e-19 -1.961081445552779383e-19 6.070148848036980432e-02 2.251946784438874777e-02 2.251946784438874777e-02 1.127039576721090286e-01
2.857142857142856984e-01 0.000000000000000000e+00 -1.132163776428795634e-19 -1.470528320112344745e-19 6.161305458079360114e-02 1.820467906650408835e-02 1.820467906650408488e-02 1.144275287264150676e-01
3.333333333333333148e-01 0.000000000000000000e+00 -1.091732400438719552e-19 -1.473314258122364819e-19 6.241001596842792737e-02 1.396825727679671357e-02 1.396825727679671357e-02 1.160953357549027731e-01
3.809523809523809312e-01 0.000000000000000000e+00 -6.867845452059866894e-20 -1.505896506808311699e-19 6.312333231144821866e-02 9.902898536362411339e-03 9.902898536362409604e-03 1.172467705591447446e-01
4.285714285714285476e-01 0.000000000000000000e+00 -3.689420750499045494e-20 -2.374019597076756494e-19 6.353546370831889001e-02 5.886976392711763643e-03 5.886976392711763643e-03 1.182484866409085067e-01
4.761904761904761640e-01 0.000000000000000000e+00 -2.714806603691551354e-20 -1.528337650721634703e-19 6.382519645720556578e-02 1.946119524343321210e-03 1.946119524343321210e-03 1.185542473455803991e-01
5.238095238095238360e-01 0.000000000000000000e+00 -2.369418317377288727e-20 -1.528718462069795554e-19 6.376968344128178257e-02 -1.984496307404481300e-03 -1.984496307404481300e-03 1.186920970453331642e-01
5.714285714285713969e-01 0.000000000000000000e+00 1.325765815357016587e-20 -1.532203252610636678e-19 6.358790434027455918e-02 -5.942739013219461817e-03 -5.942739013219461817e-03 1.181124102425350209e-01
6.190476190476190688e-01 0.000000000000000000e+00 1.663887389023161506e-20 -1.530860266858476658e-19 6.307319611550314675e-02 -9.934040269382191785e-03 -9.934040269382191785e-03 1.173698619854592479e-01
6.666666666666666297e-01 0.000000000000000000e+00 7.245028345002784155e-20 -1.502985098714349557e-19 6.244809657124022334e-02 -1.405381960305550175e-02 -1.405381960305550175e-02 1.159874443672276323e-01
7.142857142857143016e-01 0.000000000000000000e+00 1.184778463340409753e-19 -1.992515578707414521e-19 6.158535635941164710e-02 -1.823997900892528404e-02 -1.823997900892528404e-02 1.144870696064648335e-01
7.619047619047618625e-01 0.000000000000000000e+00 9.802189788935284684e-20 -1.485913241907824783e-19 6.070155091621978055e-02 -2.266381330247989670e-02 -2.266381330247989670e-02 1.127266396083097671e-01
8.095238095238095344e-01 0.000000000000000000e+00 1.820700849176827128e-19 -1.953595843117443771e-19 5.990985285371400876e-02 -2.717418629530728505e-02 -2.717418629530728505e-02 1.110485882453334933e-01
8.571428571428570953e-01 0.000000000000000000e+00 1.472846780700836972e-19 -1.459517159973437886e-19 5.949514582617001363e-02 -3.227612540339312025e-02 -3.227612540339312025e-02 1.107387920216356958e-01
9.047619047619047672e-01 0.000000000000000000e+00 2.656813986348831459e-19 -2.033145220756296849e-19 5.921929499429367388e-02 -3.717598657750192243e-02 -3.717598657750192243e-02 1.110831374860632853e-01
9.523809523809523281e-01 0.000000000000000000e+00 2.084421086586494293e-19 -1.579105323938666614e-19 6.253391348858609866e-02 -4.981669828206192890e-02 -4.981669828206192197e-02 1.377724877385509417e-01
1.000000000000000000e+00 0.000000000000000000e+00 1.918410894138098768e-19 -1.268936726179108244e-19 8.289525713582859834e-02 -7.422343379927241747e-02 -7.422343379927240359e-02 2.504350940584055829e-01
0.000000000000000000e+00 4.761904761904761640e-02 9.118410136999838961e-03 8.016445775325401618e-03 -1.508904400529730017e-02 4.364955540739374508e-03 4.364955540739370171e-03 1.449349841008082396e-01
4.761904761904761640e-02 4.761904761904761640e-02 6.395189410075635683e-03 4.504624179895729864e-03 2.459348553308993851e-02 3.912934700348927319e-02 3.912934700348927319e-02 1.306279260547251186e-01
9.523809523809523281e-02 4.761904761904761640e-02 4.975172413571866785e-03 3.755470641599152181e-03 3.931453497023577881e-02 3.730684933986785912e-02 3.730684933986787993e-02 1.200024288153468954e-01
1.428571428571428492e-01 4.761904761904761640e-02 4.099095543520860779e-03 3.572369028944769910e-03 4.428961300363110087e-02 3.104888384847763819e-02 3.104888384847791574e-02 1.167532295951648202e-01
1.904761904761904656e-01 4.761904761904761640e-02 3.406014690712287456e-03 3.542043422356727644e-03 4.727439426100592257e-02 2.596095542683257706e-02 2.596095542683260135e-02 1.160336419098154104e-01
2.380952380952380820e-01 4.761904761904761640e-02 2.802569147495614227e-03 3.566676997622102944e-03 4.933887752061318077e-02 2.129901640705827645e-02 2.129901640705830768e-02 1.172374815090475864e-01
2.857142857142856984e-01 4.761904761904761640e-02 2.245854119500213797e-03 3.605030118920668405e-03 5.091387828713351410e-02 1.705984341434938281e-02 1.705984341434938975e-02 1.187149089527599760e-01
3.333333333333333148e-01 4.761904761904761640e-02 1.719664241396973679e-03 3.643074130646382653e-03 5.238590907022223214e-02 1.303427471493994426e-02 1.303427471493994426e-02 1.200589746120157703e-01
3.809523809523809312e-01 4.761904761904761640e-02 1.213776083666234925e-03 3.674707943680562226e-03 5.322958492095005573e-02 9.196952271216399591e-03 9.196952271216399591e-03 1.212830312573622699e-01
4.285714285714285476e-01 4.761904761904761640e-02 7.219084242740785983e-04 3.696311975322559996e-03 5.409756640105896353e-02 5.462574361752822565e-03 5.462574361752823432e-03 1.219797667105116667e-01
4.761904761904761640e-01 4.761904761904761640e-02 2.380119027339504126e-04 3.707745883782949305e-03 5.424659897944395653e-02 1.801907872729271174e-03 1.801907872729271824e-03 1.224801119798542559e-01
5.238095238095238360e-01 4.761904761904761640e-02 -2.432687001147127478e-04 3.707508489369654159e-03 5.443887375097482967e-02 -1.839410000651874261e-03 -1.839410000651751096e-03 1.223815834093303079e-01
5.714285714285713969e-01 4.761904761904761640e-02 -7.273867643143772013e-04 3.696725695472148718e-03 5.389664492384344668e-02 -5.506664548887799451e-03 -5.506664548887792512e-03 1.220789100556193552e-01
6.190476190476190688e-01 4.761904761904761640e-02 -1.220040761693612624e-03 3.674727334554121847e-03 5.339225002532538983e-02 -9.235993667520262657e-03 -9.235993667520259187e-03 1.211970866047796663e-01
6.666666666666666297e-01 4.761904761904761640e-02 -1.726793189601255824e-03 3.643719811313472258e-03 5.219821200757800844e-02 -1.309514580207042991e-02 -1.309514580207042991e-02 1.201426669057691632e-01
7.142857142857143016e-01 4.761904761904761640e-02 -2.255013645889337830e-03 3.605721398495418620e-03 5.098897942783144066e-02 -1.710890528120089307e-02 -1.710890528120089307e-02 1.186851712144477572e-01
7.619047619047618625e-01 4.761904761904761640e-02 -2.813891028882593154e-03 3.567532974453815810e-03 4.921792807311677759e-02 -2.139994758959866406e-02 -2.139994758959866406e-02 1.172330950807617400e-01
8.095238095238095344e-01 4.761904761904761640e-02 -3.422610951339906567e-03 3.545044295102501696e-03 4.712147353392333315e-02 -2.600840423480981628e-02 -2.600840423480981628e-02 1.162628495234627468e-01
8.571428571428570953e-01 4.761904761904761640e-02 -4.117410240551469536e-03 3.570870147226689034e-03 4.436414208017144811e-02 -3.124657712620727834e-02 -3.124657712620727834e-02 1.163232184372081923e-01
9.047619047619047672e-01 4.761904761904761640e-02 -5.030512266244633116e-03 3.766560440657519982e-03 3.831594274951687085e-02 -3.692815932738772317e-02 -3.692815932738771623e-02 1.225738549444892467e-01
9.523809523809523281e-01 4.761904761904761640e-02 -6.503819174451732667e-03 4.543671912708412315e-03 2.102179889545332386e-02 -3.840543615831053942e-02 -3.840543615831053942e-02 1.342293613240384542e-01
1.000000000000000000e+00 4.761904761904761640e-02 -9.103629552878729145e-03 8.001309118485577104e-03 7.221517677125700342e-04 3.684201090145541001e-03 3.684201090145551409e-03 1.124237661746769756e-01
0.000000000000000000e+00 9.523809523809523281e-02 1.415015995439392223e-02 1.269586805711847392e-02 -2.936916584494957995e-03 -1.199945660245595397e-03 -1.199945660245594747e-03 9.942725479644873299e-02
4.761904761904761640e-02 9.523809523809523281e-02 1.171012839506865161e-02 9.535211581399557004e-03 6.033248573913301167e-03 1.903898313310804086e-02 1.903898313310805127e-02 1.244263813525598589e-01
9.523809523809523281e-02 9.523809523809523281e-02 9.561476995626086092e-03 8.185190786014019670e-03 2.114434912029013527e-02 2.632002274855448423e-02 2.632002274855444260e-02 1.214839572831790671e-01
1.428571428571428492e-01 9.523809523809523281e-02 7.896003171044925148e-03 7.705266967018282835e-03 2.869433791339246267e-02 2.556519776786012402e-02 2.556519776786012055e-02 1.202619160186827740e-01
1.904761904761904656e-01 9.523809523809523281e-02 6.535130856439735209e-03 7.568342334596999885e-03 3.476603415809906977e-02 2.249105107194815031e-02 2.249105107194811909e-02 1.204402799518822231e-01
2.380952380952380820e-01 9.523809523809523281e-02 5.348324330910011852e-03 7.566911039252144019e-03 3.821967952296328325e-02 1.882242907632172488e-02 1.882242907632185325e-02 1.213289479588822439e-01
2.857142857142856984e-01 9.523809523809523281e-02 4.269127125436069682e-03 7.612283690957375587e-03 4.116933160403722647e-02 1.515445874490017018e-02 1.515445874490010253e-02 1.225671267648581197e-01
3.333333333333333148e-01 9.523809523809523281e-02 3.259035266915257228e-03 7.667347751855433519e-03 4.296706961924527668e-02 1.159755131623994504e-02 1.159755131623994850e-02 1.238624537698974348e-01
3.809523809523809312e-01 9.523809523809523281e-02 2.295986172021072594e-03 7.715656504678789634e-03 4.463967208906773759e-02 8.175480792698339855e-03 8.175480792698369345e-03 1.247770237879495397e-01
4.285714285714285476e-01 9.523809523809523281e-02 1.363840503065525062e-03 7.750251929195999326e-03 4.537480801327901242e-02 4.855075353003401178e-03 4.855075353003402913e-03 1.255771880137817598e-01
4.761904761904761640e-01 9.523809523809523281e-02 4.494388883972664258e-04 7.768105126902641148e-03 4.606177286804612192e-02 1.601410435881047561e-03 1.601410435881047128e-03 1.258304758948636248e-01
5.238095238095238360e-01 9.523809523809523281e-02 -4.593138733648241307e-04 7.768319700413070517e-03 4.583867783416989417e-02 -1.630987084765491259e-03 -1.630987084765491259e-03 1.259369994459052788e-01
5.714285714285713969e-01 9.523809523809523281e-02 -1.374239744121325294e-03 7.750812332814312720e-03 4.557531228656180183e-02 -4.886565998578440255e-03 -4.886565998578438520e-03 1.254786210646016698e-01
6.190476190476190688e-01 9.523809523809523281e-02 -2.307489014037173141e-03 7.716779947713228206e-03 4.439221107507647368e-02 -8.206487876389246053e-03 -8.206487876389247788e-03 1.248828231848608666e-01
6.666666666666666297e-01 9.523809523809523281e-02 -3.272455351635740993e-03 7.669119836181895709e-03 4.313584020927719448e-02 -1.163420547222309559e-02 -1.163420547222309559e-02 1.237923108330286626e-01
7.142857142857143016e-01 9.523809523809523281e-02 -4.285254438040024885e-03 7.615159325446207127e-03 4.087237403680243214e-02 -1.518805242857130221e-02 -1.518805242857130221e-02 1.226442676604175552e-01
7.619047619047618625e-01 9.523809523809523281e-02 -5.369378277038019433e-03 7.571349890962847558e-03 3.835647644373162829e-02 -1.886697203880085411e-02 -1.886697203880084370e-02 1.213678891219086148e-01
8.095238095238095344e-01 9.523809523809523281e-02 -6.561764894615616274e-03 7.575966115431292079e-03 3.423116251198204951e-02 -2.249458257349737714e-02 -2.249458257349737020e-02 1.203900740532557051e-01
8.571428571428570953e-01 9.523809523809523281e-02 -7.937060238152963618e-03 7.716908210839220836e-03 2.907358856181690640e-02 -2.558098196144040215e-02 -2.558098196144041603e-02 1.205192483572095907e-01
9.047619047619047672e-01 9.523809523809523281e-02 -9.624911305100257441e-03 8.215086240281077937e-03 1.868784741248119205e-02 -2.591580602529916511e-02 -2.591580602529915123e-02 1.215043384353125810e-01
9.523809523809523281e-01 9.523809523809523281e-02 -1.177438804907500296e-02 9.584712406104547999e-03 8.873761074687279773e-03 -1.877833792497833262e-02 -1.877833792497832568e-02 1.193121214699010141e-01
1.000000000000000000e+00 9.523809523809523281e-02 -1.427234820750563835e-02 1.276815804244872503e-02 -5.537114094375390413e-03 3.270796358567308517e-03 3.270796358567407396e-03 9.940602790467126249e-02
0.000000000000000000e+00 1.428571428571428492e-01 1.765230615689161731e-02 1.662682215826654514e-02 -1.429008181963863306e-03 -5.378297278957873493e-04 -5.378297278957846388e-04 9.095196634292139481e-02
4.761904761904761640e-02 1.428571428571428492e-01 1.541491982302684895e-02 1.423525181858225665e-02 2.718293118258389724e-03 9.037685629764291226e-03 9.037685629764716233e-03 1.089249163896866823e-01
9.523809523809523281e-02 1.428571428571428492e-01 1.311303494412627106e-02 1.285997306909208993e-02 9.786563295234052343e-03 1.622409391146472854e-02 1.622409391146482915e-02 1.186911161349542415e-01
1.428571428571428492e-01 1.428571428571428492e-01 1.102215894749194666e-02 1.223076534446689533e-02 1.850414946295233024e-02 1.835192495261264711e-02 1.835192495261261242e-02 1.210318499869134923e-01
1.904761904761904656e-01 1.428571428571428492e-01 9.173277997022572655e-03 1.199644148742361367e-02 2.405786301762426194e-02 1.739567748061050800e-02 1.739567748061057045e-02 1.230412064133360739e-01
2.380952380952380820e-01 1.428571428571428492e-01 7.513690722932691093e-03 1.194814293511424139e-02 2.921274769321359141e-02 1.516672676524374701e-02 1.516672676524371231e-02 1.244168153613287586e-01
2.857142857142856984e-01 1.428571428571428492e-01 5.991433077359036713e-03 1.197680595643216446e-02 3.239558016700763710e-02 1.243767545428999324e-02 1.243767545428999324e-02 1.258684688821377906e-01
3.333333333333333148e-01 1.428571428571428492e-01 4.568325713313791531e-03 1.202899369916552060e-02 3.531817183515661290e-02 9.611114402944275631e-03 9.611114402944275631e-03 1.269416584733591702e-01
3.809523809523809312e-01 1.428571428571428492e-01 3.214853509751559694e-03 1.207977003098515377e-02 3.692753268002216260e-02 6.801379655150791015e-03 6.801379655150786678e-03 1.279624839080837628e-01
4.285714285714285476e-01 1.428571428571428492e-01 1.908316263136767979e-03 1.211754742779540088e-02 3.839978880081004742e-02 4.048551872275396070e-03 4.048551872275396070e-03 1.284882811134002434e-01
4.761904761904761640e-01 1.428571428571428492e-01 6.287200317586621448e-04 1.213756589374153858e-02 3.874591850200142379e-02 1.338186328043873639e-03 1.338186328043874940e-03 1.289118220421303085e-01
5.238095238095238360e-01 1.428571428571428492e-01 -6.422140153633357131e-04 1.213791416423559005e-02 3.898712309676088950e-02 -1.355738370729156136e-03 -1.355738370729156353e-03 1.288087734031835019e-01
5.714285714285713969e-01 1.428571428571428492e-01 -1.922411985067377449e-03 1.211879701869882087e-02 3.812716307993609804e-02 -4.064926374132794146e-03 -4.064926374132793278e-03 1.285971479157297093e-01
6.190476190476190688e-01 1.428571428571428492e-01 -3.230349995394989938e-03 1.208194878537930880e-02 3.715207943576960548e-02 -6.817996478381178199e-03 -6.817996478381177332e-03 1.278679805535116454e-01
6.666666666666666297e-01 1.428571428571428492e-01 -4.585831223070858942e-03 1.203259354732337354e-02 3.498219624304405029e-02 -9.620899483307361610e-03 -9.620899483307361610e-03 1.270540333543067057e-01
7.142857142857143016e-01 1.428571428571428492e-01 -6.012397005440422472e-03 1.198224957740455336e-02 3.262773966455376207e-02 -1.244849727826166999e-02 -1.244849727826166479e-02 1.257914132480467961e-01
7.619047619047618625e-01 1.428571428571428492e-01 -7.538785643871019106e-03 1.195659950671204910e-02 2.870894618089925299e-02 -1.514390299433609512e-02 -1.514390299433610726e-02 1.245339891511292180e-01
8.095238095238095344e-01 1.428571428571428492e-01 -9.205194466418877355e-03 1.200944523910233049e-02 2.442223269772449828e-02 -1.737496234453314581e-02 -1.737496234453315969e-02 1.229211990085923301e-01
8.571428571428570953e-01 1.428571428571428492e-01 -1.106293902480556812e-02 1.225123196106356512e-02 1.748557161837366661e-02 -1.818795553491904873e-02 -1.818795553491902098e-02 1.213233876178004683e-01
9.047619047619047672e-01 1.428571428571428492e-01 -1.315613760606488929e-02 1.289491158883521171e-02 1.069938133367253665e-02 -1.602636421968657923e-02 -1.602636421968656882e-02 1.173203181333512674e-01
9.523809523809523281e-01 1.428571428571428492e-01 -1.545376553358377390e-02 1.427220393777134735e-02 1.988679538760588800e-03 -9.019869664242567003e-03 -9.019869664242560064e-03 1.103712331541796682e-01
1.000000000000000000e+00 1.428571428571428492e-01 -1.767418982997613630e-02 1.665527739427026185e-02 -5.297633344569156570e-04 6.878593550860173135e-04 6.878593550882333143e-04 8.873496544979407596e-02
0.000000000000000000e+00 1.904761904761904656e-01 1.998919851231358361e-02 2.024085140638577640e-02 -1.381185195123738562e-04 -2.637990236265296061e-04 -2.637990236265716189e-04 8.406994742599190051e-02
4.761904761904761640e-02 1.904761904761904656e-01 1.789892680731195243e-02 1.860161756764906055e-02 1.023559100250404823e-03 4.706770958934314644e-03 4.706770958934293828e-03 1.030948150630802002e-01
9.523809523809523281e-02 1.904761904761904656e-01 1.560038260699713776e-02 1.752385491108357507e-02 5.984469792310283427e-03 9.360456884669394670e-03 9.360456884669394670e-03 1.135203105281805680e-01
1.428571428571428492e-01 1.904761904761904656e-01 1.332611071288988640e-02 1.694545319258529414e-02 1.125301053521291297e-02 1.174421017841022208e-02 1.174421017841020473e-02 1.206286621766165662e-01
1.904761904761904656e-01 1.904761904761904656e-01 1.118284725274691291e-02 1.669398972464146425e-02 1.748676430377031285e-02 1.197217904498721827e-02 1.197217904498722521e-02 1.239096324751241263e-01
2.380952380952380820e-01 1.904761904761904656e-01 9.193082949785361460e-03 1.661890084121422570e-02 2.187288340965442071e-02 1.087439485339414605e-02 1.087439485339415125e-02 1.265532468920353704e-01
2.857142857142856984e-01 1.904761904761904656e-01 7.340138851445661763e-03 1.662727131275041140e-02 2.618202736525914245e-02 9.162108142200560759e-03 9.162108142200559024e-03 1.280903091364182789e-01
3.333333333333333148e-01 1.904761904761904656e-01 5.597683923023583780e-03 1.666652789221432368e-02 2.884632422120950862e-02 7.179399688450016984e-03 7.179399688450016984e-03 1.294876115215097268e-01
3.809523809523809312e-01 1.904761904761904656e-01 3.938756940214483381e-03 1.670959879985458099e-02 3.133880451254439370e-02 5.126543995023667526e-03 5.126543995023667526e-03 1.302828092206963773e-01
4.285714285714285476e-01 1.904761904761904656e-01 2.337553317344125831e-03 1.674332191879941006e-02 3.246730753942044662e-02 3.065291739077694814e-03 3.065291739077696115e-03 1.309928699302214672e-01
4.761904761904761640e-01 1.904761904761904656e-01 7.702658410046171961e-04 1.676156522463500068e-02 3.344194274106133957e-02 1.018445943280296738e-03 1.018445943280296305e-03 1.311829200201639622e-01
5.238095238095238360e-01 1.904761904761904656e-01 -7.860713436014048726e-04 1.676218680349736770e-02 3.315971935313005714e-02 -1.021800110722598850e-03 -1.021800110722599500e-03 1.312904967734909167e-01
5.714285714285713969e-01 1.904761904761904656e-01 -2.354014459214187702e-03 1.674513900401033983e-02 3.272869205742299364e-02 -3.067903522457734056e-03 -3.067903522457734056e-03 1.308870963594117864e-01
6.190476190476190688e-01 1.904761904761904656e-01 -3.956420067447496795e-03 1.671294494951593504e-02 3.100463364458161744e-02 -5.123279459915768344e-03 -5.123279459915767477e-03 1.304010275603844082e-01
6.666666666666666297e-01 1.904761904761904656e-01 -5.617437514926895692e-03 1.667170812041710720e-02 2.911686338252189588e-02 -7.173942785250597177e-03 -7.173942785250596310e-03 1.293694515615089746e-01
7.142857142857143016e-01 1.904761904761904656e-01 -7.362511486003568521e-03 1.663498197273894155e-02 2.574259541407343532e-02 -9.135741746342169664e-03 -9.135741746342169664e-03 1.282400481355283062e-01
7.619047619047618625e-01 1.904761904761904656e-01 -9.219027869847655141e-03 1.663017744217543809e-02 2.220929593923023915e-02 -1.084478645905440769e-02 -1.084478645905440596e-02 1.263558543977112147e-01
8.095238095238095344e-01 1.904761904761904656e-01 -1.121303567177023980e-02 1.670964707187576337e-02 1.686355910962344939e-02 -1.188687433093416415e-02 -1.188687433093415548e-02 1.241877306675392006e-01
8.571428571428570953e-01 1.904761904761904656e-01 -1.335853608274254790e-02 1.696826960668777404e-02 1.175330836697307570e-02 -1.164797017178038907e-02 -1.164797017178039081e-02 1.200115258637950433e-01
9.047619047619047672e-01 1.904761904761904656e-01 -1.563431170404273179e-02 1.755021457045352964e-02 5.358506014824598873e-03 -9.283008301585751743e-03 -9.283008301585743069e-03 1.142870775512685316e-01
9.523809523809523281e-01 1.904761904761904656e-01 -1.793197590147800266e-02 1.862719631398994727e-02 1.236660426634198558e-03 -4.580888199414499644e-03 -4.580888199414499644e-03 1.018734804226076596e-01
1.000000000000000000e+00 1.904761904761904656e-01 -2.002651736847467501e-02 2.025949415181444585e-02 -5.333964191428472749e-04 2.815682642812175683e-04 2.815682642812574669e-04 8.481306309501052132e-02
0.000000000000000000e+00 2.380952380952380820e-01 2.145522190716610614e-02 2.369755028515702425e-02 -3.290026074263434960e-04 -1.206628068027496134e-04 -1.206628068027534623e-04 8.202324894852863757e-02
4.761904761904761640e-02 2.380952380952380820e-01 1.943010759961000256e-02 2.276250288610045733e-02 7.545745137866875004e-04 2.285750517409901404e-03 2.285750517409893597e-03 9.830738816269596336e-02
9.523809523809523281e-02 2.380952380952380820e-01 1.715478055115176106e-02 2.210935646003555841e-02 3.464252119496746829e-03 4.802796791393551187e-03 4.802796791393492207e-03 1.114814431236539616e-01
1.428571428571428492e-01 2.380952380952380820e-01 1.480760943057168703e-02 2.172680465132682120e-02 8.345255635983369474e-03 6.372450919230627370e-03 6.372450919230603084e-03 1.189400647962899904e-01
1.904761904761904656e-01 2.380952380952380820e-01 1.251352227162308428e-02 2.154223923174650168e-02 1.282995683572171579e-02 6.843463279133488175e-03 6.843463279133489910e-03 1.244786678046009010e-01
2.380952380952380820e-01 2.380952380952380820e-01 1.032848199692910224e-02 2.147913355825697632e-02 1.791791109811616614e-02 6.488102683569325208e-03 6.488102683569325208e-03 1.273665996843340309e-01
2.857142857142856984e-01 2.380952380952380820e-01 8.264713351587290452e-03 2.147891021654913316e-02 2.147474260271888674e-02 5.621503669682384983e-03 5.621503669682384983e-03 1.296958252859350402e-01
3.333333333333333148e-01 2.380952380952380820e-01 6.309795346829758476e-03 2.150521565543396171e-02 2.499362293723394676e-02 4.499566842113229825e-03 4.499566842113229825e-03 1.309660823054820955e-01
3.809523809523809312e-01 2.380952380952380820e-01 4.442144241039460394e-03 2.153681487532522337e-02 2.698997787082225985e-02 3.253489169871806759e-03 3.253489169871806759e-03 1.320704123824302523e-01
4.285714285714285476e-01 2.380952380952380820e-01 2.637115848477777826e-03 2.156250678029657253e-02 2.882879539617348025e-02 1.963361412317843769e-03 1.963361412317844203e-03 1.325612151371495240e-01
4.761904761904761640e-01 2.380952380952380820e-01 8.693659197251574515e-04 2.157682103739696697e-02 2.928453870155926786e-02 6.581837139332950880e-04 6.581837139332956301e-04 1.329672825309998196e-01
5.238095238095238360e-01 2.380952380952380820e-01 -8.861438460051035805e-04 2.157757359784582413e-02 2.957185479586620785e-02 -6.485879009534665108e-04 -6.485879009534661855e-04 1.328587324434487571e-01
5.714285714285713969e-01 2.380952380952380820e-01 -2.654386556523551533e-03 2.156486865178162265e-02 2.850804326660992191e-02 -1.950982428478877139e-03 -1.950982428478877789e-03 1.326742442675621636e-01
6.190476190476190688e-01 2.380952380952380820e-01 -4.460502623724946561e-03 2.154097586207784007e-02 2.727782753108186700e-02 -3.238184482506222331e-03 -3.238184482506222331e-03 1.319456147331629636e-01
6.666666666666666297e-01 2.380952380952380820e-01 -6.329633762863546946e-03 2.151153763839893859e-02 2.460251977742088439e-02 -4.473478531737647319e-03 -4.473478531737648187e-03 1.311068296307862369e-01
7.142857142857143016e-01 2.380952380952380820e-01 -8.286494445809162307e-03 2.148799100092659356e-02 2.180306744724917062e-02 -5.589493327529487972e-03 -5.589493327529485370e-03 1.295015094896394547e-01
7.619047619047618625e-01 2.380952380952380820e-01 -1.035257885702110629e-02 2.149139823401140237e-02 1.742675455961972819e-02 -6.432560809115169323e-03 -6.432560809115174527e-03 1.275992222031045453e-01
8.095238095238095344e-01 2.380952380952380820e-01 -1.253904581731897505e-02 2.155874709072028508e-02 1.322931611410526134e-02 -6.780543362277444142e-03 -6.780543362277444142e-03 1.240508066745202587e-01
8.571428571428570953e-01 2.380952380952380820e-01 -1.483475401022664279e-02 2.174664114113252986e-02 7.842241587245387530e-03 -6.298836854231631976e-03 -6.298836854231631976e-03 1.194185359794967816e-01
9.047619047619047672e-01 2.380952380952380820e-01 -1.718084111171937906e-02 2.213174312233756255e-02 3.787928882233045167e-03 -4.726094249542515252e-03 -4.726094249542514385e-03 1.106112197745936776e-01
9.523809523809523281e-01 2.380952380952380820e-01 -1.945352108241756375e-02 2.278438002790996939e-02 5.938840666066129469e-04 -2.272585022608214489e-03 -2.272585022608216657e-03 9.885869865483712382e-02
1.000000000000000000e+00 2.380952380952380820e-01 -2.147156123421077936e-02 2.371437600829102640e-02 -4.994296239980737984e-05 1.139340979195148601e-04 1.139340979195178417e-04 8.136293880152879743e-02
0.000000000000000000e+00 2.857142857142856984e-01 2.212198122286954116e-02 2.707747199373043354e-02 -3.804328372259251361e-05 -2.676193558544377937e-06 -2.676193558549981060e-06 8.025193533108034016e-02
4.761904761904761640e-02 2.857142857142856984e-01 2.013187838416163888e-02 2.682168471921263578e-02 4.360903322283521226e-04 6.930727043548809332e-04 6.930727043548811500e-04 9.730353347598134917e-02
9.523809523809523281e-02 2.857142857142856984e-01 1.787325989773459051e-02 2.663750023290593558e-02 3.114465100795175013e-03 1.304104128738016498e-03 1.304104128738014113e-03 1.094180804223847808e-01
1.428571428571428492e-01 2.857142857142856984e-01 1.550937364952469436e-02 2.651884604803836365e-02 6.671889058374519919e-03 1.820120788325619568e-03 1.820120788325617399e-03 1.187639385254427582e-01
1.904761904761904656e-01 2.857142857142856984e-01 1.316271282975553167e-02 2.645697986444927804e-02 1.161018375052353356e-02 2.143966942836038163e-03 2.143966942836057245e-03 1.239672041796434226e-01
2.380952380952380820e-01 2.857142857142856984e-01 1.089985633692069911e-02 2.643786093533125395e-02 1.556354187943661399e-02 2.225254755155090663e-03 2.225254755155090663e-03 1.279593578337765991e-01
2.857142857142856984e-01 2.857142857142856984e-01 8.741482069723399001e-03 2.644514921621434964e-02 1.980598831452930197e-02 2.072725593634452013e-03 2.072725593634452013e-03 1.301247250551963441e-01
3.333333333333333148e-01 2.857142857142856984e-01 6.683924744244429048e-03 2.646456199332636663e-02 2.255028841372378259e-02 1.748514431567798266e-03 1.748514431567798266e-03 1.318955059731135582e-01
3.809523809523809312e-01 2.857142857142856984e-01 4.710201181811187431e-03 2.648613289603852020e-02 2.521884034598355362e-02 1.312078176447779724e-03 1.312078176447780157e-03 1.328111208087174866e-01
4.285714285714285476e-01 2.857142857142856984e-01 2.798013498186388212e-03 2.650351348623441669e-02 2.644040641480263285e-02 8.118246888875699794e-04 8.118246888875733404e-04 1.335751069702349192e-01
4.761904761904761640e-01 2.857142857142856984e-01 9.230970810659506120e-04 2.651335539558255516e-02 2.750887186759035097e-02 2.804918975437314574e-04 2.804918975437306443e-04 1.337754529962147942e-01
5.238095238095238360e-01 2.857142857142856984e-01 -9.395054296799147881e-04 2.651422259528805891e-02 2.720228111341588262e-02 -2.593142385835449739e-04 -2.593142385835457329e-04 1.338793992333080773e-01
5.714285714285713969e-01 2.857142857142856984e-01 -2.814823050880065503e-03 2.650618642905563926e-02 2.673497787433263759e-02 -7.885980300756473228e-04 -7.885980300756518764e-04 1.334608067132908027e-01
6.190476190476190688e-01 2.857142857142856984e-01 -4.727711587204174934e-03 2.649074870546661020e-02 2.486695540881011732e-02 -1.284765655330116340e-03 -1.284765655330127616e-03 1.329292662712217021e-01
6.666666666666666297e-01 2.857142857142856984e-01 -6.702458176236244895e-03 2.647144478575031573e-02 2.286978789645346261e-02 -1.714644077670773002e-03 -1.714644077670771484e-03 1.317323194420918497e-01
7.142857142857143016e-01 2.857142857142856984e-01 -8.761210683833609708e-03 2.645452477412891037e-02 1.938180509929141385e-02 -2.031076798361918824e-03 -2.031076798361932268e-03 1.302993293530227692e-01
7.619047619047618625e-01 2.857142857142856984e-01 -1.092040546025724139e-02 2.645017624890241489e-02 1.594236145831776780e-02 -2.172440929316790496e-03 -2.172440929316785292e-03 1.276511844337343271e-01
8.095238095238095344e-01 2.857142857142856984e-01 -1.318430150298701385e-02 2.647213150686103175e-02 1.113734623984054956e-02 -2.088972779807967903e-03 -2.088972779807967903e-03 1.243028375446973560e-01
8.571428571428570953e-01 2.857142857142856984e-01 -1.553000291447222993e-02 2.653619819417183182e-02 7.064821106140640322e-03 -1.760466971644821703e-03 -1.760466971644824088e-03 1.181348127652706859e-01
9.047619047619047672e-01 2.857142857142856984e-01 -1.789263534158487198e-02 2.665581315172783905e-02 2.805606525995923885e-03 -1.259146288103786104e-03 -1.259146288103785670e-03 1.100010466906178597e-01
9.523809523809523281e-01 2.857142857142856984e-01 -2.014930644635273133e-02 2.683834613770547800e-02 5.740080174578415795e-04 -6.709303949894870021e-04 -6.709303949894861348e-04 9.662583739846392072e-02
1.000000000000000000e+00 2.857142857142856984e-01 -2.214076538736100414e-02 2.708979333665791078e-02 -2.654906196264399543e-04 2.402700805774584681e-06 2.402700805780362716e-06 8.060264900911751074e-02
0.000000000000000000e+00 3.333333333333333148e-01 2.204129628153568207e-02 3.042804750242211059e-02 -3.469491492712139212e-04 1.291117605076199098e-04 1.291117605076198013e-04 8.054813707371517861e-02
4.761904761904761640e-02 3.333333333333333148e-01 2.004618339217188738e-02 3.085433029682126127e-02 6.292827274168429031e-04 -8.332511828960726579e-04 -8.332511828960726579e-04 9.698338459325711591e-02
9.523809523809523281e-02 3.333333333333333148e-01 1.779345443636065616e-02 3.114421657680432193e-02 3.226749452499311135e-03 -2.084764176012596226e-03 -2.084764176012596226e-03 1.102415077919091380e-01
1.428571428571428492e-01 3.333333333333333148e-01 1.545618096605279497e-02 3.129815175805603783e-02 7.817426872246503039e-03 -2.522306011317348301e-03 -2.522306011317351770e-03 1.180266134571366504e-01
1.904761904761904656e-01 3.333333333333333148e-01 1.314484241647620281e-02 3.137456549128533195e-02 1.177568896208950472e-02 -2.292783142835127467e-03 -2.292783142835128768e-03 1.240038619393131480e-01
2.380952380952380820e-01 3.333333333333333148e-01 1.091024808094996634e-02 3.141533298417589076e-02 1.639555550258118069e-02 -1.828329185942081025e-03 -1.828329185942080375e-03 1.274381089315961280e-01
2.857142857142856984e-01 3.333333333333333148e-01 8.768942645877166042e-03 3.144259213588723734e-02 1.959417062215632749e-02 -1.325995383951353952e-03 -1.325995383951353518e-03 1.301529631845557144e-01
3.333333333333333148e-01 3.333333333333333148e-01 6.716788272549368069e-03 3.146353749030698227e-02 2.289923702418251300e-02 -9.126543286107313387e-04 -9.126543286107257008e-04 1.317202700485135825e-01
3.809523809523809312e-01 3.333333333333333148e-01 4.739595818282612769e-03 3.148015972397365941e-02 2.474598754139560250e-02 -5.779276170072639640e-04 -5.779276170072636387e-04 1.329656652218566826e-01
4.285714285714285476e-01 3.333333333333333148e-01 2.818123549089786295e-03 3.149179306060476136e-02 2.653715760026312612e-02 -3.159085640578501763e-04 -3.159085640578501220e-04 1.335718050664173040e-01
4.761904761904761640e-01 3.333333333333333148e-01 9.306281013121423451e-04 3.149835547518465423e-02 2.694285001733549498e-02 -9.058236642678880817e-05 -9.058236642678666687e-05 1.339821239327761704e-01
5.238095238095238360e-01 3.333333333333333148e-01 -9.455186744862756516e-04 3.149915850008546542e-02 2.725489615830883894e-02 1.213487351945756872e-04 1.213487351945744674e-04 1.339039958882287384e-01
5.714285714285713969e-01 3.333333333333333148e-01 -2.833237392848674766e-03 3.149467303247055483e-02 2.620170814929137851e-02 3.462550285865787533e-04 3.462550285865605929e-04 1.336486752703932857e-01
6.190476190476190688e-01 3.333333333333333148e-01 -4.755191705287802745e-03 3.148479234530836279e-02 2.506655336058138256e-02 6.153622536372944842e-04 6.153622536372913400e-04 1.328570796060011827e-01
6.666666666666666297e-01 3.333333333333333148e-01 -6.732905615019526592e-03 3.147046888977748230e-02 2.251327718988088700e-02 9.475320299366235544e-04 9.475320299366234459e-04 1.318243784234124083e-01
7.142857142857143016e-01 3.333333333333333148e-01 -8.785587497433735779e-03 3.145157823186060103e-02 1.996193530373598785e-02 1.376349102001601628e-03 1.376349102001617891e-03 1.299607121826708012e-01
7.619047619047618625e-01 3.333333333333333148e-01 -1.092723995242985031e-02 3.142679310165907847e-02 1.594138333078617617e-02 1.866389483364808881e-03 1.866389483364809749e-03 1.276271781960439666e-01
8.095238095238095344e-01 3.333333333333333148e-01 -1.316132976992269443e-02 3.138774183316918320e-02 1.222778302709292934e-02 2.355624614074537486e-03 2.355624614074539221e-03 1.236127374444743326e-01
8.571428571428570953e-01 3.333333333333333148e-01 -1.547250357761345563e-02 3.131330193832546765e-02 7.320418650398983346e-03 2.552206492921624530e-03 2.552206492921624530e-03 1.184566967827273970e-01
9.047619047619047672e-01 3.333333333333333148e-01 -1.780756561385818393e-02 3.115785951764748346e-02 3.662796444143808818e-03 2.111703273796971137e-03 2.111703273796970270e-03 1.094318756370420004e-01
9.523809523809523281e-01 3.333333333333333148e-01 -2.005656809600866661e-02 3.086680139938383430e-02 4.778563086749132395e-04 9.072147692154607958e-04 9.072147692154615547e-04 9.756171970451063546e-02
1.000000000000000000e+00 3.333333333333333148e-01 -2.204622686462938408e-02 3.043504381227003439e-02 -9.032028311393796270e-05 -1.546361728202208497e-04 -1.546361728202185187e-04 7.991492987215705057e-02
0.000000000000000000e+00 3.809523809523809312e-01 2.115915787366936390e-02 3.378456478475103802e-02 -4.355160545405132688e-04 4.764063324903100973e-04 4.764063324903095552e-04 8.066206162748387754e-02
4.761904761904761640e-02 3.809523809523809312e-01 1.912783054779593553e-02 3.493568856812222234e-02 7.453970113108181325e-04 -3.297652190333786367e-03 -3.297652190333786367e-03 1.003057276380604351e-01
9.523809523809523281e-02 3.809523809523809312e-01 1.689320900437589826e-02 3.565386337481631085e-02 6.055701184687792109e-03 -6.325024778569628310e-03 -6.325024778569648259e-03 1.106935053436981509e-01
1.428571428571428492e-01 3.809523809523809312e-01 1.465523628022994893e-02 3.603642738980212396e-02 1.009024139795376696e-02 -7.052671474871173574e-03 -7.052671474871176176e-03 1.182405603120759985e-01
1.904761904761904656e-01 3.809523809523809312e-01 1.247806805156667122e-02 3.623352843813314184e-02 1.527137886022788237e-02 -6.600093984928567109e-03 -6.600093984928567976e-03 1.229858070606351383e-01
2.380952380952380820e-01 3.809523809523809312e-01 1.038112909680558200e-02 3.633535419910297048e-02 1.853177046802808453e-02 -5.544750956629880545e-03 -5.544750956629877076e-03 1.265271913898575462e-01
2.857142857142856984e-01 3.809523809523809312e-01 8.364382942469137522e-03 3.639199795307029167e-02 2.232277446610152899e-02 -4.443304579309761103e-03 -4.443304579309761103e-03 1.290595687055693663e-01
3.333333333333333148e-01 3.809523809523809312e-01 6.421013500546389648e-03 3.642353056199987282e-02 2.439739096658063294e-02 -3.320627205208077134e-03 -3.320627205208078869e-03 1.307838441487032266e-01
3.809523809523809312e-01 3.809523809523809312e-01 4.538638479589682424e-03 3.644330912046396531e-02 2.684444076650557495e-02 -2.312602258311459002e-03 -2.312602258311498467e-03 1.320768461515111625e-01
4.285714285714285476e-01 3.809523809523809312e-01 2.702003232487485990e-03 3.645364810394386562e-02 2.765877710761516575e-02 -1.343376458467631556e-03 -1.343376458467631773e-03 1.327256785422841479e-01
4.761904761904761640e-01 3.809523809523809312e-01 8.933998443754143310e-04 3.645978341274803969e-02 2.877990786715959801e-02 -4.333649300119144778e-04 -4.333649300119142610e-04 1.331949220799695799e-01
5.238095238095238360e-01 3.809523809523809312e-01 -9.057596842866718267e-04 3.645998992524236010e-02 2.830558239650609806e-02 4.677959435608518095e-04 4.677959435608512674e-04 1.330777446201052983e-01
5.714285714285713969e-01 3.809523809523809312e-01 -2.714462653583378342e-03 3.645705430177294259e-02 2.812714723650729109e-02 1.389657480930546777e-03 1.389657480930535935e-03 1.328259541684954914e-01
6.190476190476190688e-01 3.809523809523809312e-01 -4.551407035790679817e-03 3.644717725259311036e-02 2.634153342870173414e-02 2.338333344903898575e-03 2.338333344903897274e-03 1.319687097279392818e-01
6.666666666666666297e-01 3.809523809523809312e-01 -6.433918955233266027e-03 3.643065810812950306e-02 2.488823963783153015e-02 3.382399096986740596e-03 3.382399096986740596e-03 1.308341641308636560e-01
7.142857142857143016e-01 3.809523809523809312e-01 -8.377570278036846133e-03 3.639962283866246540e-02 2.177112625314928107e-02 4.459245828082772194e-03 4.459245828082772194e-03 1.289889108105589377e-01
7.619047619047618625e-01 3.809523809523809312e-01 -1.039403303762526792e-02 3.634602761461653425e-02 1.909131316287811242e-02 5.623925503277192595e-03 5.623925503277191727e-03 1.264786018680406909e-01
8.095238095238095344e-01 3.809523809523809312e-01 -1.249057363651496014e-02 3.624425814913002225e-02 1.462556309596111173e-02 6.593083724434279508e-03 6.593083724434279508e-03 1.230144987277047852e-01
8.571428571428570953e-01 3.809523809523809312e-01 -1.466586894858866105e-02 3.604898957475947269e-02 1.086321925336646704e-02 7.144837249721098203e-03 7.144837249721098203e-03 1.179648351191948247e-01
9.047619047619047672e-01 3.809523809523809312e-01 -1.690457917092432621e-02 3.566540390208487732e-02 5.168521683689275906e-03 6.287440726927996139e-03 6.287440726927992669e-03 1.112935168728568652e-01
9.523809523809523281e-01 3.809523809523809312e-01 -1.913578511326265857e-02 3.494473045143434153e-02 1.509649004798692320e-03 3.317539035738705389e-03 3.317539035738707991e-03 9.913541167664435827e-02
1.000000000000000000e+00 3.809523809523809312e-01 -2.117149501273652909e-02 3.379345856735928300e-02 -9.891032017039173146e-04 -5.604307268922801991e-04 -5.604307268922591656e-04 8.134041652317561266e-02
0.000000000000000000e+00 4.285714285714285476e-01 1.936850646989313543e-02 3.719910910598594328e-02 -4.563674421048967596e-03 1.513340841834053593e-03 1.513340841833975313e-03 8.393681063365457384e-02
4.761904761904761640e-02 4.285714285714285476e-01 1.722798189288904727e-02 3.915272394437340625e-02 5.342649436905927765e-03 -8.808494800941948227e-03 -8.808494800942508543e-03 1.036152988854748686e-01
9.523809523809523281e-02 4.285714285714285476e-01 1.511409065700282384e-02 4.014487555399152280e-02 9.931526781752115715e-03 -1.175409908462521878e-02 -1.175409908462521358e-02 1.109843674639867384e-01
1.428571428571428492e-01 4.285714285714285476e-01 1.311626068671179618e-02 4.067562431719755345e-02 1.646417028746969061e-02 -1.177598442235741616e-02 -1.177598442235742310e-02 1.173450971515012514e-01
1.904761904761904656e-01 4.285714285714285476e-01 1.120102433716770908e-02 4.095774101857185129e-02 1.956508413085503509e-02 -1.028646448870179468e-02 -1.028646448870178601e-02 1.201284519625052533e-01
2.380952380952380820e-01 4.285714285714285476e-01 9.354911176550431001e-03 4.112786141805895024e-02 2.359601923293495537e-02 -8.771297936062665696e-03 -8.771297936062667430e-03 1.246899203503715331e-01
2.857142857142856984e-01 4.285714285714285476e-01 7.563465689446898128e-03 4.121652061743937695e-02 2.546854787884968857e-02 -6.942745930711383996e-03 -6.942745930711383996e-03 1.258131581970589052e-01
3.333333333333333148e-01 4.285714285714285476e-01 5.824066378768306788e-03 4.127812063382692992e-02 2.833062282278647759e-02 -5.369326672256958220e-03 -5.369326672256959955e-03 1.290485693242090781e-01
3.809523809523809312e-01 4.285714285714285476e-01 4.125769950436320409e-03 4.130313996623301287e-02 2.919049515847405019e-02 -3.708372002466197963e-03 -3.708372002466197095e-03 1.288855891331696091e-01
4.285714285714285476e-01 4.285714285714285476e-01 2.460531751417112303e-03 4.132667909581504845e-02 3.097962355337300841e-02 -2.222799440119657861e-03 -2.222799440119659162e-03 1.311444402566463441e-01
4.761904761904761640e-01 4.285714285714285476e-01 8.148382614147207286e-04 4.132793209973377457e-02 3.079623745509569438e-02 -7.113936230848860384e-04 -7.113936230848904837e-04 1.300553839160605851e-01
5.238095238095238360e-01 4.285714285714285476e-01 -8.238868854832827457e-04 4.133529627581290777e-02 3.150841925827357892e-02 7.644273514761390238e-04 7.644273514761380480e-04 1.315298939040639437e-01
5.714285714285713969e-01 4.285714285714285476e-01 -2.469295048128687924e-03 4.132271388940138984e-02 3.025399855322712453e-02 2.231548446179592703e-03 2.231548446179590969e-03 1.296675884712863991e-01
6.190476190476190688e-01 4.285714285714285476e-01 -4.135346937824295466e-03 4.131385043707513915e-02 2.990694040649784224e-02 3.807426655257947334e-03 3.807426655257947334e-03 1.303207026471918106e-01
6.666666666666666297e-01 4.285714285714285476e-01 -5.832657975003135292e-03 4.127751587704595743e-02 2.757824017726818663e-02 5.332521988945126967e-03 5.332521988945126967e-03 1.276039775397334042e-01
7.142857142857143016e-01 4.285714285714285476e-01 -7.573527127541663899e-03 4.123026442416549697e-02 2.621001642594829664e-02 7.088633746016573603e-03 7.088633746016551052e-03 1.271690223867984193e-01
7.619047619047618625e-01 4.285714285714285476e-01 -9.362850081328174048e-03 4.113021665296831553e-02 2.280225339679292293e-02 8.681238305834237251e-03 8.681238305834235516e-03 1.233082092989803147e-01
8.095238095238095344e-01 4.285714285714285476e-01 -1.121110212411307455e-02 4.097331922653429936e-02 2.039013371971820990e-02 1.047590018667107596e-02 1.047590018667107596e-02 1.213858233887780691e-01
8.571428571428570953e-01 4.285714285714285476e-01 -1.312186861926277308e-02 4.067898103266098797e-02 1.551148626582116510e-02 1.161370021916380800e-02 1.161370021916380800e-02 1.160619013959141299e-01
9.047619047619047672e-01 4.285714285714285476e-01 -1.512192054708218041e-02 4.016000509763485715e-02 1.145119586037342783e-02 1.196751093766324804e-02 1.196751093766324804e-02 1.120815940566204927e-01
9.523809523809523281e-01 4.285714285714285476e-01 -1.723586588613894993e-02 3.914501641555314521e-02 2.736495389057895956e-03 8.520323809381087979e-03 8.520323809381089714e-03 1.044372344887690152e-01
1.000000000000000000e+00 4.285714285714285476e-01 -1.932857452834605555e-02 3.724502904736223113e-02 -3.289718382741372302e-04 -1.105359966214940291e-03 -1.105359966214933135e-03 8.249229093627154230e-02
0.000000000000000000e+00 4.761904761904761640e-01 1.605803550824402848e-02 4.103312204575230299e-02 4.842182881611679923e-03 -7.978317534008752543e-03 -7.978317534008752543e-03 1.016878904481221119e-01
4.761904761904761640e-02 4.761904761904761640e-01 1.410858215250749767e-02 4.348857845259911092e-02 1.342323603145481950e-02 -1.756762930478059787e-02 -1.756762930478060133e-02 1.032222819684142090e-01
9.523809523809523281e-02 4.761904761904761640e-01 1.248396709854788025e-02 4.447928470794866584e-02 1.929493468019670421e-02 -1.645980255727400379e-02 -1.645980255727400726e-02 1.080242311927074456e-01
1.428571428571428492e-01 4.761904761904761640e-01 1.091320952130771585e-02 4.513223950103767423e-02 2.209875943284726058e-02 -1.471868159829034690e-02 -1.471868159829036946e-02 1.093655934141969377e-01
1.904761904761904656e-01 4.761904761904761640e-01 9.403322097525533205e-03 4.545988726455706813e-02 2.497056466853461373e-02 -1.263948671930497855e-02 -1.263948671930497855e-02 1.150820611643899455e-01
2.380952380952380820e-01 4.761904761904761640e-01 7.894761567638641092e-03 4.574590263995330364e-02 2.675666732073515158e-02 -1.064157483630187931e-02 -1.064157483630187931e-02 1.159593743621233630e-01
2.857142857142856984e-01 4.761904761904761640e-01 6.424717807551915023e-03 4.584598790348748398e-02 2.895050531255786638e-02 -8.545953209190824615e-03 -8.545953209190819411e-03 1.206143259529496858e-01
3.333333333333333148e-01 4.761904761904761640e-01 4.962418607900972306e-03 4.598905769991309261e-02 3.006119661286334177e-02 -6.592992480424773524e-03 -6.592992480424774392e-03 1.201981263319756160e-01
3.809523809523809312e-01 4.761904761904761640e-01 3.530896061781827865e-03 4.599393750188159047e-02 3.159724476497692558e-02 -4.626433851991355178e-03 -4.626433851991355178e-03 1.237848308765918254e-01
4.285714285714285476e-01 4.761904761904761640e-01 2.108184603818754905e-03 4.607583096523312771e-02 3.196880616401125835e-02 -2.761145277265598073e-03 -2.761145277265598073e-03 1.222999283477358284e-01
4.761904761904761640e-01 4.761904761904761640e-01 7.006320758644955359e-04 4.603880576041265160e-02 3.276293268767570960e-02 -8.969949792524976916e-04 -8.969949792524994263e-04 1.250222534464618673e-01
5.238095238095238360e-01 4.761904761904761640e-01 -7.047102659722771821e-04 4.609069691374043098e-02 3.235425081318826085e-02 9.457722169312001055e-04 9.457722169311990213e-04 1.226910011613917412e-01
5.714285714285713969e-01 4.761904761904761640e-01 -2.115310654945674537e-03 4.602711791840240901e-02 3.236742974872907491e-02 2.788851535542819469e-03 2.788851535542819469e-03 1.246106634603295488e-01
6.190476190476190688e-01 4.761904761904761640e-01 -3.531995674119563569e-03 4.604858086906944009e-02 3.119070236225260362e-02 4.695977051023304122e-03 4.695977051023304122e-03 1.214699404149297557e-01
6.666666666666666297e-01 4.761904761904761640e-01 -4.972688857657169524e-03 4.594376676853998559e-02 3.043814862058681972e-02 6.599735146560226431e-03 6.599735146560227299e-03 1.224502808622843358e-01
7.142857142857143016e-01 4.761904761904761640e-01 -6.422763901435253435e-03 4.590244807148959744e-02 2.855924041578158934e-02 8.632711462655259099e-03 8.632711462655262569e-03 1.183512422746557519e-01
7.619047619047618625e-01 4.761904761904761640e-01 -7.908304709601065088e-03 4.570413433413941795e-02 2.710400049951668458e-02 1.062153700180316733e-02 1.062153700180317253e-02 1.181250371924759818e-01
8.095238095238095344e-01 4.761904761904761640e-01 -9.397999177372183544e-03 4.551620547031980102e-02 2.459806095329393483e-02 1.274359849724777775e-02 1.274359849724775173e-02 1.128827177087171618e-01
8.571428571428570953e-01 4.761904761904761640e-01 -1.093113099539735726e-02 4.509331076017212420e-02 2.244951689988037430e-02 1.466038734585325271e-02 1.466038734585326832e-02 1.114853163240822759e-01
9.047619047619047672e-01 4.761904761904761640e-01 -1.247100525100720315e-02 4.453394525809698662e-02 1.911063541966259716e-02 1.667858805997689264e-02 1.667858805997693428e-02 1.057595968298419148e-01
9.523809523809523281e-01 4.761904761904761640e-01 -1.414472377236076356e-02 4.343822680657735691e-02 1.439816641298006551e-02 1.752881836794556100e-02 1.752881836794555059e-02 1.053474142360290577e-01
1.000000000000000000e+00 4.761904761904761640e-01 -1.607465073477444550e-02 4.110298856364882208e-02 5.677616211306969231e-03 8.214538525277637754e-03 8.214538525277644693e-03 1.016784967343489499e-01
0.000000000000000000e+00 5.238095238095238360e-01 1.239514689526634642e-02 4.414773941370966903e-02 1.350074209397053668e-03 2.778990797329727695e-03 2.778990797329727262e-03 1.416441439392969737e-01
4.761904761904761640e-02 5.238095238095238360e-01 1.148162578066271727e-02 4.604518711534816983e-02 -2.369859871406735166e-02 -1.393048587769080832e-02 -1.393048587769080311e-02 1.119562115830751575e-01
9.523809523809523281e-02 5.238095238095238360e-01 1.044799976631164903e-02 4.711427633103440482e-02 -3.015457616899242313e-02 -1.641857832413317481e-02 -1.641857832413318521e-02 1.017319303134750358e-01
1.428571428571428492e-01 5.238095238095238360e-01 9.294704661169231330e-03 4.780615059703719610e-02 -3.495354744712107775e-02 -1.576206031025110393e-02 -1.576206031025110740e-02 1.115618874237463837e-01
1.904761904761904656e-01 5.238095238095238360e-01 8.098715508288095027e-03 4.823558214361483437e-02 -3.650878423511987741e-02 -1.387689644600094765e-02 -1.387689644600094592e-02 1.088223047268369742e-01
2.380952380952380820e-01 5.238095238095238360e-01 6.861071604408216888e-03 4.854528135617600104e-02 -3.652155011058087763e-02 -1.207797100415467645e-02 -1.207797100415467645e-02 1.181618211828476817e-01
2.857142857142856984e-01 5.238095238095238360e-01 5.617492389819827431e-03 4.872135971321202297e-02 -3.655465790399820697e-02 -9.880330355303449524e-03 -9.880330355303451259e-03 1.142326009614810511e-01
3.333333333333333148e-01 5.238095238095238360e-01 4.362264537747581952e-03 4.886060278680959962e-02 -3.531129672771855105e-02 -7.817451539140284067e-03 -7.817451539140284067e-03 1.225456327626095326e-01
3.809523809523809312e-01 5.238095238095238360e-01 3.113631311153971896e-03 4.891907432117639787e-02 -3.517705593297208722e-02 -5.545749795624586170e-03 -5.545749795624586170e-03 1.173657482291266679e-01
4.285714285714285476e-01 5.238095238095238360e-01 1.864412144147228412e-03 4.897854489347154561e-02 -3.392604067620300090e-02 -3.360541302567595853e-03 -3.360541302567597588e-03 1.247612887575126756e-01
4.761904761904761640e-01 5.238095238095238360e-01 6.204539932482667055e-04 4.898103356769211575e-02 -3.428366299483746882e-02 -1.095091677466958693e-03 -1.095091677466962380e-03 1.186005528104985829e-01
5.238095238095238360e-01 5.238095238095238360e-01 -6.231035197144094888e-04 4.899870405432112108e-02 -3.359186995228075068e-02 1.152540873747180802e-03 1.152540873747177333e-03 1.251769005050774319e-01
5.714285714285713969e-01 5.238095238095238360e-01 -1.868594403775537642e-03 4.896380423928842207e-02 -3.460332593719395167e-02 3.373513797635213380e-03 3.373513797635215115e-03 1.181891248901646568e-01
6.190476190476190688e-01 5.238095238095238360e-01 -3.114692693490427912e-03 4.893942495562161876e-02 -3.454336107391244720e-02 5.648822612908293087e-03 5.648822612908293954e-03 1.238834675717074840e-01
6.666666666666666297e-01 5.238095238095238360e-01 -4.367982192884506398e-03 4.884881524582945084e-02 -3.589851808709610542e-02 7.782798598860741005e-03 7.782798598860745341e-03 1.160439355723277416e-01
7.142857142857143016e-01 5.238095238095238360e-01 -5.616902258581717676e-03 4.874376401649701401e-02 -3.606873274260372075e-02 1.003116551175996934e-02 1.003116551175997455e-02 1.206249779799321437e-01
7.619047619047618625e-01 5.238095238095238360e-01 -6.868469495644170114e-03 4.853622869117470151e-02 -3.690971952519980781e-02 1.198750577420814104e-02 1.198750577420816359e-02 1.117963786951172295e-01
8.095238095238095344e-01 5.238095238095238360e-01 -8.096515818371280773e-03 4.825871284343957734e-02 -3.636207712872788905e-02 1.408317670226416282e-02 1.408317670226422180e-02 1.150555732487827387e-01
8.571428571428570953e-01 5.238095238095238360e-01 -9.304713644493797786e-03 4.779967018833657794e-02 -3.477250493389453384e-02 1.561317501628086031e-02 1.561317501628084470e-02 1.052356028316933506e-01
9.047619047619047672e-01 5.238095238095238360e-01 -1.044394364071407275e-02 4.713639812593575784e-02 -3.128352367000491324e-02 1.691079596485174641e-02 1.691079596485178110e-02 1.080189529594522829e-01
9.523809523809523281e-01 5.238095238095238360e-01 -1.150022443407886126e-02 4.603891589713188237e-02 -1.741446044275414551e-02 1.375253580139424239e-02 1.375253580139427362e-02 9.809714754719879581e-02
1.000000000000000000e+00 5.238095238095238360e-01 -1.241212662935997635e-02 4.415772239663375703e-02 -5.499517430387332317e-03 -3.813023773239539692e-03 -3.813023773239532753e-03 1.643395358042659404e-01
0.000000000000000000e+00 5.714285714285713969e-01 1.067203079766858818e-02 4.641732661262429338e-02 8.100727275544962556e-04 3.109033971232408496e-03 3.109033971232409363e-03 1.512327518700369855e-01
4.761904761904761640e-02 5.714285714285713969e-01 9.837496278594447252e-03 4.778909834640782811e-02 -5.287994505509708166e-04 -1.735884147234691274e-03 -1.735884147234684986e-03 1.178041982269926458e-01
9.523809523809523281e-02 5.714285714285713969e-01 9.024616861080065819e-03 4.886059200908669797e-02 -1.114129554494626417e-02 -9.094524892484183443e-03 -9.094524892484183443e-03 1.140303723744919145e-01
1.428571428571428492e-01 5.714285714285713969e-01 8.123445018120695887e-03 4.960424613770663543e-02 -1.624814761780467645e-02 -1.196590004615716296e-02 -1.196590004615715949e-02 1.120729338585186585e-01
1.904761904761904656e-01 5.714285714285713969e-01 7.136859885413164399e-03 5.010969382672163935e-02 -2.100515695994191814e-02 -1.271323181400669036e-02 -1.271323181400669557e-02 1.160761026905115234e-01
2.380952380952380820e-01 5.714285714285713969e-01 6.092881884430350649e-03 5.045585630696076268e-02 -2.295787714403860549e-02 -1.181094963768804761e-02 -1.181094963768804240e-02 1.172808375351988147e-01
2.857142857142856984e-01 5.714285714285713969e-01 5.011511490223139603e-03 5.068268194564238410e-02 -2.398488098626474704e-02 -1.046171187442286946e-02 -1.046171187442286946e-02 1.208123111154833368e-01
3.333333333333333148e-01 5.714285714285713969e-01 3.909932642723368962e-03 5.083348363436614170e-02 -2.444095229123376470e-02 -8.428105450432547135e-03 -8.428105450432543666e-03 1.212197623074042774e-01
3.809523809523809312e-01 5.714285714285713969e-01 2.796853708815512547e-03 5.092325444910259652e-02 -2.424168858702369089e-02 -6.260744230938932418e-03 -6.260744230938932418e-03 1.237741861147014788e-01
4.285714285714285476e-01 5.714285714285713969e-01 1.679034160721693805e-03 5.097837895798337099e-02 -2.437400874692851813e-02 -3.782049693318332000e-03 -3.782049693318332000e-03 1.232532584700668093e-01
4.761904761904761640e-01 5.714285714285713969e-01 5.590119760740413536e-04 5.100010342323713086e-02 -2.401315024613195209e-02 -1.267209826648563664e-03 -1.267209826648563664e-03 1.249629813256482175e-01
5.238095238095238360e-01 5.714285714285713969e-01 -5.614178882350831772e-04 5.100316884684964747e-02 -2.429220984041420561e-02 1.305065459887209912e-03 1.305065459887202106e-03 1.236367250966093345e-01
5.714285714285713969e-01 5.714285714285713969e-01 -1.681255278602670654e-03 5.097803417236167894e-02 -2.410983851740859316e-02 3.867467983050203173e-03 3.867467983050206642e-03 1.245648058783705159e-01
6.190476190476190688e-01 5.714285714285713969e-01 -2.799270708192989898e-03 5.092897422789029876e-02 -2.446924989578849741e-02 6.251453917777058042e-03 6.251453917777054572e-03 1.224435339791383887e-01
6.666666666666666297e-01 5.714285714285713969e-01 -3.911790879846787500e-03 5.083571011215111402e-02 -2.427171092236625471e-02 8.563018174505389671e-03 8.563018174505393140e-03 1.225120842390585579e-01
7.142857142857143016e-01 5.714285714285713969e-01 -5.013851263223544248e-03 5.069071486896802037e-02 -2.405500973950864055e-02 1.040124576265229021e-02 1.040124576265229195e-02 1.194756135012923076e-01
7.619047619047618625e-01 5.714285714285713969e-01 -6.094253687891838973e-03 5.046021348212128416e-02 -2.305488002230787412e-02 1.200107446291036328e-02 1.200107446291040492e-02 1.185893909839012411e-01
8.095238095238095344e-01 5.714285714285713969e-01 -7.139212799318009166e-03 5.011918373914744235e-02 -2.061978116305766134e-02 1.258552507318227466e-02 1.258552507318227119e-02 1.146200199335239422e-01
8.571428571428570953e-01 5.714285714285713969e-01 -8.124326633116114513e-03 4.961027792046506651e-02 -1.719640144546455071e-02 1.224884946499520989e-02 1.224884946499516652e-02 1.137238627269786528e-01
9.047619047619047672e-01 5.714285714285713969e-01 -9.025053716809597684e-03 4.886907976283160621e-02 -8.820178474520719292e-03 8.826467503412255625e-03 8.826467503412318075e-03 1.109550324611136285e-01
9.523809523809523281e-01 5.714285714285713969e-01 -9.834349501853812889e-03 4.779364434230762987e-02 -3.188052063168527080e-03 1.363282812804451948e-03 1.363282812804441323e-03 1.225809675443326613e-01
1.000000000000000000e+00 5.714285714285713969e-01 -1.066284736985624940e-02 4.642557495783306010e-02 2.909790078972894403e-03 -3.491100883527312095e-03 -3.491100883527311228e-03 1.475145477860449195e-01
0.000000000000000000e+00 6.190476190476190688e-01 9.504690337082509141e-03 4.854229667058829883e-02 1.325741052160838329e-04 8.964610992805323439e-04 8.964610992805328860e-04 1.417196663868700302e-01
4.761904761904761640e-02 6.190476190476190688e-01 8.670682623243454110e-03 4.960731206169444185e-02 2.523182939874709968e-04 1.930668793168402887e-03 1.930668793168403537e-03 1.278006497786599027e-01
9.523809523809523281e-02 6.190476190476190688e-01 7.892073853188817656e-03 5.058473000738497594e-02 -2.476648220354316522e-03 -3.089383867582705563e-03 -3.089383867582703395e-03 1.179544186178968224e-01
1.428571428571428492e-01 6.190476190476190688e-01 7.090589481746634344e-03 5.134369494991380956e-02 -7.341209725438608072e-03 -7.385860134812776562e-03 -7.385860134812774827e-03 1.169544002854381454e-01
1.904761904761904656e-01 6.190476190476190688e-01 6.236918702193809325e-03 5.189597800373568076e-02 -1.037035486352388264e-02 -9.583466795416399966e-03 -9.583466795416401701e-03 1.168371527681279498e-01
2.380952380952380820e-01 6.190476190476190688e-01 5.335233754903113100e-03 5.228305762961602682e-02 -1.299307824432648084e-02 -1.023453555145381437e-02 -1.023453555145381437e-02 1.186137707589864643e-01
2.857142857142856984e-01 6.190476190476190688e-01 4.398035693297033290e-03 5.254668904200225643e-02 -1.437484337332069033e-02 -9.588482627103140851e-03 -9.588482627103140851e-03 1.197447274406020779e-01
3.333333333333333148e-01 6.190476190476190688e-01 3.437445268860839752e-03 5.271994130506495180e-02 -1.508068781174313686e-02 -8.195495710595884775e-03 -8.195495710595884775e-03 1.211915918395916059e-01
3.809523809523809312e-01 6.190476190476190688e-01 2.462674855903186633e-03 5.282914526098426988e-02 -1.558984976064086390e-02 -6.178223224319812773e-03 -6.178223224319813640e-03 1.218625649822104307e-01
4.285714285714285476e-01 6.190476190476190688e-01 1.479870171361424500e-03 5.289206458497971997e-02 -1.555234057120942134e-02 -3.843794880880889702e-03 -3.843794880880890569e-03 1.226734143981995928e-01
4.761904761904761640e-01 6.190476190476190688e-01 4.931283484855896815e-04 5.292118880114186907e-02 -1.580942229446736028e-02 -1.282422609164551560e-03 -1.282422609164554812e-03 1.227467243163003485e-01
5.238095238095238360e-01 6.190476190476190688e-01 -4.947675241830276193e-04 5.292165948146185239e-02 -1.558922800681298952e-02 1.335180419153655191e-03 1.335180419153647385e-03 1.229594427525968758e-01
5.714285714285713969e-01 6.190476190476190688e-01 -1.481433524165684480e-03 5.289410956692553595e-02 -1.575119547316398624e-02 3.879770015302038116e-03 3.879770015302040718e-03 1.224459710469898155e-01
6.190476190476190688e-01 6.190476190476190688e-01 -2.464061442551594358e-03 5.283208934426957687e-02 -1.541301536419474594e-02 6.249781909384372752e-03 6.249781909384374487e-03 1.220699459519650892e-01
6.666666666666666297e-01 6.190476190476190688e-01 -3.438635819287321795e-03 5.272437476499482883e-02 -1.518396572249349971e-02 8.214999832104384267e-03 8.214999832104384267e-03 1.209375850513264850e-01
7.142857142857143016e-01 6.190476190476190688e-01 -4.398907810934677559e-03 5.255186151970701880e-02 -1.434413730743525420e-02 9.680229734316602580e-03 9.680229734316599111e-03 1.199824326415797476e-01
7.619047619047618625e-01 6.190476190476190688e-01 -5.335837915598259061e-03 5.228942717776242921e-02 -1.285665869705820107e-02 1.023235148639179380e-02 1.023235148639180421e-02 1.182626140504753065e-01
8.095238095238095344e-01 6.190476190476190688e-01 -6.237197015384459212e-03 5.190271123220600163e-02 -1.069459637843759615e-02 9.690371999096576011e-03 9.690371999096593358e-03 1.172866976095114366e-01
8.571428571428570953e-01 6.190476190476190688e-01 -7.089927877885535308e-03 5.135082828159090451e-02 -6.669977683649392849e-03 7.348288317389473773e-03 7.348288317389482446e-03 1.160930824154259300e-01
9.047619047619047672e-01 6.190476190476190688e-01 -7.891359700519700107e-03 5.059048461633653543e-02 -3.186789039214930550e-03 3.094188862895900453e-03 3.094188862895903922e-03 1.194837074889886080e-01
9.523809523809523281e-01 6.190476190476190688e-01 -8.670892964977227821e-03 4.961314474487307780e-02 2.914909364453181426e-04 -1.773857151529889759e-03 -1.773857151529892144e-03 1.265655224717695260e-01
1.000000000000000000e+00 6.190476190476190688e-01 -9.504628078762749135e-03 4.854329382994905517e-02 2.522114070899818565e-04 -9.839115922211118508e-04 -9.839115922211101161e-04 1.425674127464220120e-01
0.000000000000000000e+00 6.666666666666666297e-01 8.572374009680293686e-03 5.056059662161980356e-02 -1.431631507294320600e-05 5.022211653153491528e-04 5.022211653153492612e-04 1.373135778028295728e-01
4.761904761904761640e-02 6.666666666666666297e-01 7.747509572517173940e-03 5.146822953799834455e-02 3.580048521416523627e-04 2.088707570225140520e-03 2.088707570225140954e-03 1.293169427281474493e-01
9.523809523809523281e-02 6.666666666666666297e-01 6.966861568428405448e-03 5.234780762616158406e-02 -3.325514182663023388e-04 -6.542058598579334871e-04 -6.542058598579327281e-04 1.235570951833107334e-01
1.428571428571428492e-01 6.666666666666666297e-01 6.199001174683923567e-03 5.308332418110586065e-02 -1.625395066984529216e-03 -4.457824749179831007e-03 -4.457824749179831007e-03 1.199294811453549547e-01
1.904761904761904656e-01 6.666666666666666297e-01 5.418951767772145316e-03 5.364680081698648684e-02 -3.704868181551602361e-03 -7.258187753299004917e-03 -7.258187753299004917e-03 1.192134860229698279e-01
2.380952380952380820e-01 6.666666666666666297e-01 4.618737910878511002e-03 5.405522435217866017e-02 -4.921708121046650466e-03 -8.599010282020345258e-03 -8.599010282020348728e-03 1.189521108241297920e-01
2.857142857142856984e-01 6.666666666666666297e-01 3.800006261385279176e-03 5.433904588053714568e-02 -6.091094949394948964e-03 -8.642195486250886863e-03 -8.642195486250886863e-03 1.193879968049970652e-01
3.333333333333333148e-01 6.666666666666666297e-01 2.967322957762457553e-03 5.452865687996802380e-02 -6.650900102716160618e-03 -7.638067043555126640e-03 -7.638067043555126640e-03 1.197366819302034951e-01
3.809523809523809312e-01 6.666666666666666297e-01 2.125074251440881804e-03 5.464932473022701687e-02 -7.061726545753924632e-03 -5.925316503454803804e-03 -5.925316503454803804e-03 1.201459506233256008e-01
4.285714285714285476e-01 6.666666666666666297e-01 1.276955447377033613e-03 5.471973704557838575e-02 -7.254583603216254069e-03 -3.720049630223837105e-03 -3.720049630223839273e-03 1.203846558646535503e-01
4.761904761904761640e-01 6.666666666666666297e-01 4.256574653017018120e-04 5.475225452691397099e-02 -7.324821530623826585e-03 -1.255578110787282592e-03 -1.255578110787289531e-03 1.205415362724783085e-01
5.238095238095238360e-01 6.666666666666666297e-01 -4.265816860155019876e-04 5.475279262246786349e-02 -7.339677086140837699e-03 1.298419862014428680e-03 1.298419862014357773e-03 1.205192576871348953e-01
5.714285714285713969e-01 6.666666666666666297e-01 -1.277742755592193961e-03 5.472146566876459617e-02 -7.239936165697317613e-03 3.769658056022188574e-03 3.769658056021293457e-03 1.203968671262435897e-01
6.190476190476190688e-01 6.666666666666666297e-01 -2.125657787049459874e-03 5.465211804342029467e-02 -7.032057935316233729e-03 5.964071417909168685e-03 5.964071417909161746e-03 1.200977305733889472e-01
6.666666666666666297e-01 6.666666666666666297e-01 -2.967522951577975052e-03 5.453256786498063974e-02 -6.688596450611868777e-03 7.696232132549730640e-03 7.696232132549728037e-03 1.197646416243278167e-01
7.142857142857143016e-01 6.666666666666666297e-01 -3.799848747548711936e-03 5.434394152776615694e-02 -5.957655307165761645e-03 8.678478191758428467e-03 8.678478191758430202e-03 1.192839679790261009e-01
7.619047619047618625e-01 6.666666666666666297e-01 -4.618085530330945897e-03 5.406098470092661479e-02 -5.090228786800466386e-03 8.658910730759162080e-03 8.658910730759175958e-03 1.190720100399569048e-01
8.095238095238095344e-01 6.666666666666666297e-01 -5.417794888775289558e-03 5.365321226408163724e-02 -3.398698026690955346e-03 7.292169585370465897e-03 7.292169585370611613e-03 1.189391491235000931e-01
8.571428571428570953e-01 6.666666666666666297e-01 -6.197579109114482142e-03 5.308978717253177299e-02 -1.943309436793585511e-03 4.469351024546474975e-03 4.469351024546427270e-03 1.203662914700734943e-01
9.047619047619047672e-01 6.666666666666666297e-01 -6.965536893347690564e-03 5.235399961864090068e-02 -9.268426828426940239e-05 7.076313196583028809e-04 7.076313196583043988e-04 1.229962363973249317e-01
9.523809523809523281e-01 6.666666666666666297e-01 -7.746025214025524866e-03 5.147447882506080846e-02 3.448944589409641656e-04 -2.174271273348832908e-03 -2.174271273348832474e-03 1.295847679590270973e-01
1.000000000000000000e+00 6.666666666666666297e-01 -8.571203786975432198e-03 5.056734446439066499e-02 -3.600510028319329429e-05 -4.773883402479256769e-04 -4.773883402479249722e-04 1.371834509167706995e-01
0.000000000000000000e+00 7.142857142857143016e-01 7.749697592419824838e-03 5.251596412209087045e-02 -1.155535565499671194e-04 3.600777470560573030e-04 3.600777470560572488e-04 1.334867223812589432e-01
4.761904761904761640e-02 7.142857142857143016e-01 6.934375465241039704e-03 5.334412182336072117e-02 4.361691053631585506e-04 1.643583935084298947e-03 1.643583935084297213e-03 1.302616528295902909e-01
9.523809523809523281e-02 7.142857142857143016e-01 6.150656256926576373e-03 5.415169247531877866e-02 1.168908567103385488e-03 -4.984117361128028020e-04 -4.984117361128029104e-04 1.265269578765026992e-01
1.428571428571428492e-01 7.142857142857143016e-01 5.396906166948272840e-03 5.484476234776314990e-02 1.566061625815241528e-03 -3.698894104169795933e-03 -3.698894104169794632e-03 1.235460240623829642e-01
1.904761904761904656e-01 7.142857142857143016e-01 4.663401615010608590e-03 5.538918456245713745e-02 1.746780614562548498e-03 -6.410396594584351869e-03 -6.410396594584351869e-03 1.211894103406547379e-01
2.380952380952380820e-01 7.142857142857143016e-01 3.940958077138631901e-03 5.579132004391119254e-02 1.565723027920237938e-03 -7.893259148022692753e-03 -7.893259148022692753e-03 1.199006005757253801e-01
2.857142857142856984e-01 7.142857142857143016e-01 3.223515902138407527e-03 5.607492810330048927e-02 1.470483432422165860e-03 -8.113344010087007382e-03 -8.113344010087007382e-03 1.189500540270366363e-01
3.333333333333333148e-01 7.142857142857143016e-01 2.507704038065558007e-03 5.626651811941778270e-02 1.236933831719281510e-03 -7.301041826891347362e-03 -7.301041826891347362e-03 1.185320080372689322e-01
3.809523809523809312e-01 7.142857142857143016e-01 1.791866691288936282e-03 5.638963435973268212e-02 1.133818673662517025e-03 -5.708148769994865306e-03 -5.708148769994864438e-03 1.182319764555871677e-01
4.285714285714285476e-01 7.142857142857143016e-01 1.075423788766154652e-03 5.646203625654495906e-02 1.001938684936891236e-03 -3.613068834086027338e-03 -3.613068834086026904e-03 1.181426080915386340e-01
4.761904761904761640e-01 7.142857142857143016e-01 3.584349537959236206e-04 5.649558450848138347e-02 9.760747527199613999e-04 -1.221978189064236138e-03 -1.221978189064237873e-03 1.180708455909907778e-01
5.238095238095238360e-01 7.142857142857143016e-01 -3.587191200937306606e-04 5.649606986264061464e-02 9.585260812727876712e-04 1.260875381511561985e-03 1.260875381511556998e-03 1.180879296312886267e-01
5.714285714285713969e-01 7.142857142857143016e-01 -1.075552422859412001e-03 5.646352940146403404e-02 1.039527277116928739e-03 3.648661062333733319e-03 3.648661062333763243e-03 1.181046259935328024e-01
6.190476190476190688e-01 7.142857142857143016e-01 -1.791682442097943494e-03 5.639208626004695024e-02 1.116629841752529283e-03 5.753533211228344622e-03 5.753533211228355031e-03 1.182510405669079945e-01
6.666666666666666297e-01 7.142857142857143016e-01 -2.507075067139264302e-03 5.626999354625546873e-02 1.312268396337436943e-03 7.337396717062149611e-03 7.337396717062146141e-03 1.184546306673725791e-01
7.142857142857143016e-01 7.142857142857143016e-01 -3.222333495022509497e-03 5.607929213205336411e-02 1.434578888891796045e-03 8.165203937653530558e-03 8.165203937653518415e-03 1.190048689868755533e-01
7.619047619047618625e-01 7.142857142857143016e-01 -3.939155546147742222e-03 5.579666705954235140e-02 1.681728537603073776e-03 7.937168095691433597e-03 7.937168095691430128e-03 1.197687461619938165e-01
8.095238095238095344e-01 7.142857142857143016e-01 -4.661061015954865230e-03 5.539514247272086384e-02 1.687616055191127782e-03 6.449891592897450017e-03 6.449891592897456088e-03 1.213264292725282079e-01
8.571428571428570953e-01 7.142857142857143016e-01 -5.394202384949196502e-03 5.485121993059806356e-02 1.653850974647562205e-03 3.761637264165922177e-03 3.761637264165860160e-03 1.233865907823384345e-01
9.047619047619047672e-01 7.142857142857143016e-01 -6.147740852228976254e-03 5.415841612254650855e-02 1.167181437773294169e-03 5.006341149863681016e-04 5.006341149863489113e-04 1.266457112846746114e-01
9.523809523809523281e-01 7.142857142857143016e-01 -6.931386100644454026e-03 5.334993509725725197e-02 4.133997497116639560e-04 -1.573634524323027674e-03 -1.573634524323021169e-03 1.303612342335816465e-01
1.000000000000000000e+00 7.142857142857143016e-01 -7.746016906018148192e-03 5.251973277722962741e-02 -2.680173074564129077e-05 -3.765784262086667466e-04 -3.765784262086623014e-04 1.333405790610603936e-01
0.000000000000000000e+00 7.619047619047618625e-01 6.958211419744156703e-03 5.441984588760558766e-02 -4.341105839404789949e-05 3.495579475283417184e-04 3.495579475283418268e-04 1.305137627001561051e-01
4.761904761904761640e-02 7.619047619047618625e-01 6.150045679893099970e-03 5.522873168730668691e-02 5.688653134367947437e-04 5.088506194179989164e-04 5.088506194179990248e-04 1.314918213345378784e-01
9.523809523809523281e-02 7.619047619047618625e-01 5.364653152178880217e-03 5.599010752810613945e-02 2.569706751837844746e-03 -1.881829842966122046e-03 -1.881829842966127684e-03 1.293810690207124747e-01
1.428571428571428492e-01 7.619047619047618625e-01 4.624851611365791461e-03 5.663073153787293729e-02 4.624508442195841840e-03 -4.912473919108687262e-03 -4.912473919108687262e-03 1.264243983173637398e-01
1.904761904761904656e-01 7.619047619047618625e-01 3.934089444691336694e-03 5.713026492775399867e-02 6.576880208972271137e-03 -7.195576943174093049e-03 -7.195576943174094783e-03 1.232507880416673085e-01
2.380952380952380820e-01 7.619047619047618625e-01 3.283892210829666286e-03 5.749930039578006469e-02 7.784960829028846063e-03 -8.319523965703800455e-03 -8.319523965703800455e-03 1.205178352110855139e-01
2.857142857142856984e-01 7.619047619047618625e-01 2.662239437551470588e-03 5.776043343014913845e-02 8.532477812071476153e-03 -8.299268331832016996e-03 -8.299268331832016996e-03 1.186403298173890342e-01
3.333333333333333148e-01 7.619047619047618625e-01 2.058558097871930007e-03 5.793805674431250219e-02 8.918944275197310950e-03 -7.334765025701667392e-03 -7.334765025701669126e-03 1.172044757746773941e-01
3.809523809523809312e-01 7.619047619047618625e-01 1.465303328734600136e-03 5.805291524896318001e-02 9.037293299320292572e-03 -5.691683643200422943e-03 -5.691683643200425545e-03 1.164105093879709146e-01
4.285714285714285476e-01 7.619047619047618625e-01 8.775161613251921972e-04 5.812094071844854659e-02 9.120125123973995759e-03 -3.580814362789618531e-03 -3.580814362789618965e-03 1.158519991428349494e-01
4.761904761904761640e-01 7.619047619047618625e-01 2.923103429385355860e-04 5.815254714203575703e-02 9.086952144206987200e-03 -1.212955724253815711e-03 -1.212955724253815711e-03 1.156683430281062880e-01
5.238095238095238360e-01 7.619047619047618625e-01 -2.921070473267717337e-04 5.815296441858497367e-02 9.133204621688366387e-03 1.241483619256414849e-03 1.241483619256402273e-03 1.156200023968590729e-01
5.714285714285713969e-01 7.619047619047618625e-01 -8.771345478998468113e-04 5.812215526079113348e-02 9.093514355119975551e-03 3.613399578777892578e-03 3.613399578778171868e-03 1.158892894065261525e-01
6.190476190476190688e-01 7.619047619047618625e-01 -1.464528652230023993e-03 5.805499178833395391e-02 9.097834211449027514e-03 5.719751879546530575e-03 5.719751879546531442e-03 1.163278180977085074e-01
6.666666666666666297e-01 7.619047619047618625e-01 -2.057262098453492994e-03 5.794094875975321079e-02 8.924231608998396334e-03 7.374837430775183292e-03 7.374837430775178955e-03 1.172564232098909920e-01
7.142857142857143016e-01 7.619047619047618625e-01 -2.660193663550972781e-03 5.776427531461524045e-02 8.582056799957243909e-03 8.334047125584140986e-03 8.334047125584082005e-03 1.185192365276258736e-01
7.619047619047618625e-01 7.619047619047618625e-01 -3.281066098776995281e-03 5.750397918471875092e-02 7.859887848341490235e-03 8.368482229612589363e-03 8.368482229612589363e-03 1.205883932617709126e-01
8.095238095238095344e-01 7.619047619047618625e-01 -3.930486448272318099e-03 5.713596990610388809e-02 6.542296690540936460e-03 7.253148979245675927e-03 7.253148979245662049e-03 1.231803238455743271e-01
8.571428571428570953e-01 7.619047619047618625e-01 -4.620578473952884069e-03 5.663714431094182128e-02 4.795911050790058715e-03 4.948268203906759123e-03 4.948268203906752184e-03 1.263932238528185370e-01
9.047619047619047672e-01 7.619047619047618625e-01 -5.360185823070523145e-03 5.599671388460459448e-02 2.435404137368488500e-03 1.951212818544627607e-03 1.951212818544578601e-03 1.296422601910592887e-01
9.523809523809523281e-01 7.619047619047618625e-01 -6.145802300759114351e-03 5.523521762812105829e-02 6.608329017075235132e-04 -5.446863583676766346e-04 -5.446863583677114375e-04 1.311691999411331577e-01
1.000000000000000000e+00 7.619047619047618625e-01 -6.955331731353943045e-03 5.442577433475677406e-02 -2.330326349783144637e-04 -3.374406187923412550e-04 -3.374406187923121984e-04 1.308941716257032983e-01
0.000000000000000000e+00 8.095238095238095344e-01 6.139203841620657909e-03 5.629539111884546837e-02 -4.396893940136366568e-04 4.119086218558378745e-04 4.119086218558381998e-04 1.298044920633489030e-01
4.761904761904761640e-02 8.095238095238095344e-01 5.327666502265429767e-03 5.713231231366826951e-02 1.079825521321782587e-03 -1.322929980466192425e-03 -1.322929980466183968e-03 1.331604636763529526e-01
9.523809523809523281e-02 8.095238095238095344e-01 4.542221162715691547e-03 5.786046808988438289e-02 4.315614902460193116e-03 -4.989537279136431469e-03 -4.989537279136431469e-03 1.329410858295868025e-01
1.428571428571428492e-01 8.095238095238095344e-01 3.828076317003080604e-03 5.843433404231304640e-02 8.776779427623816743e-03 -7.904145987342948293e-03 -7.904145987342948293e-03 1.288400941565386870e-01
1.904761904761904656e-01 8.095238095238095344e-01 3.194097827925569157e-03 5.886390547426192943e-02 1.188469521593489564e-02 -9.461208659517255509e-03 -9.461208659517255509e-03 1.245508702699729964e-01
2.380952380952380820e-01 8.095238095238095344e-01 2.626622878744013651e-03 5.917487571769126931e-02 1.438144890700861905e-02 -9.774779499245975223e-03 -9.774779499245975223e-03 1.208033319571501923e-01
2.857142857142856984e-01 8.095238095238095344e-01 2.106469414688512398e-03 5.939378534538840987e-02 1.571607318521709568e-02 -9.107016670852584317e-03 -9.107016670852584317e-03 1.177712793495086230e-01
3.333333333333333148e-01 8.095238095238095344e-01 1.616885786073410771e-03 5.954291387428455040e-02 1.647474945898547843e-02 -7.737611659972653926e-03 -7.737611659972653926e-03 1.158161507192666528e-01
3.809523809523809312e-01 8.095238095238095344e-01 1.145439743647653271e-03 5.963992771736121440e-02 1.685858717054153008e-02 -5.852914228876687427e-03 -5.852914228876686560e-03 1.143568088795711563e-01
4.285714285714285476e-01 8.095238095238095344e-01 6.841152390237171654e-04 5.969768652847640134e-02 1.695327490679567756e-02 -3.637723281797021740e-03 -3.637723281797020005e-03 1.136232200968468747e-01
4.761904761904761640e-01 8.095238095238095344e-01 2.276909297124234588e-04 5.972465427241545333e-02 1.705676305561648620e-02 -1.226323586506644983e-03 -1.226323586506642598e-03 1.131705253252085902e-01
5.238095238095238360e-01 8.095238095238095344e-01 -2.272041796886100761e-04 5.972495932698732024e-02 1.700223927638927143e-02 1.246490023183535224e-03 1.246490023183513540e-03 1.132339933289882722e-01
5.714285714285713969e-01 8.095238095238095344e-01 -6.834081829518975958e-04 5.969863562876501217e-02 1.702313389079090217e-02 3.655872837759610496e-03 3.655872837759581006e-03 1.135339359555219418e-01
6.190476190476190688e-01 8.095238095238095344e-01 -1.144357451315244434e-03 5.964151135986058699e-02 1.684279194494942358e-02 5.877322364414431718e-03 5.877322364414709274e-03 1.144226048599667755e-01
6.666666666666666297e-01 8.095238095238095344e-01 -1.615115397994228152e-03 5.954521573566195353e-02 1.653028574495651534e-02 7.757117712223556179e-03 7.757117712223423472e-03 1.156811301168623463e-01
7.142857142857143016e-01 8.095238095238095344e-01 -2.103924925393639827e-03 5.939683250092559624e-02 1.579746300034988449e-02 9.142217617263092427e-03 9.142217617262807933e-03 1.178529307919720798e-01
7.619047619047618625e-01 8.095238095238095344e-01 -2.622938879008947233e-03 5.917886508576174903e-02 1.433947018875303403e-02 9.807547265434981079e-03 9.807547265434750361e-03 1.206642330164366395e-01
8.095238095238095344e-01 8.095238095238095344e-01 -3.189210568379929108e-03 5.886891747828388449e-02 1.218082665539274058e-02 9.524406079750927234e-03 9.524406079750909887e-03 1.245597957321686461e-01
8.571428571428570953e-01 8.095238095238095344e-01 -3.822313906071535001e-03 5.844079004832123531e-02 8.489330104884632022e-03 7.985347727182895775e-03 7.985347727182881897e-03 1.290305274462827667e-01
9.047619047619047672e-01 8.095238095238095344e-01 -4.535867717398956930e-03 5.786764362522044819e-02 4.745497236818171406e-03 5.030019421124521696e-03 5.030019421124507818e-03 1.324662123733173491e-01
9.523809523809523281e-01 8.095238095238095344e-01 -5.321010722692996742e-03 5.713888551378881742e-02 9.009531567451446602e-04 1.447099762824789098e-03 1.447099762824789315e-03 1.339883549653217709e-01
1.000000000000000000e+00 8.095238095238095344e-01 -6.130748879893507981e-03 5.629963587346577952e-02 -1.142260706292012862e-04 -4.054904746821195614e-04 -4.054904746821166341e-04 1.291810671621027029e-01
0.000000000000000000e+00 8.571428571428570953e-01 5.217899624957534309e-03 5.816398142188625858e-02 -4.251087269316223692e-04 7.557602711314614268e-04 7.557602711314557889e-04 1.297869868310653207e-01
4.761904761904761640e-02 8.571428571428570953e-01 4.393016558607290220e-03 5.907686589761916574e-02 1.634605149287187559e-03 -5.031851713279853096e-03 -5.031851713279853963e-03 1.388442645325714542e-01
9.523809523809523281e-02 8.571428571428570953e-01 3.618580835805315296e-03 5.976178876021096681e-02 8.844559975612649796e-03 -1.033110565949948642e-02 -1.033110565949948816e-02 1.358844031209633374e-01
1.428571428571428492e-01 8.571428571428570953e-01 2.961347204486253909e-03 6.023915852615351757e-02 1.425690797308868350e-02 -1.260966567237466543e-02 -1.260966567237466543e-02 1.307028724410410903e-01
1.904761904761904656e-01 8.571428571428570953e-01 2.416332702710163698e-03 6.057106681951678756e-02 1.915403966538059555e-02 -1.278793805649863086e-02 -1.278793805649861871e-02 1.248523206432711891e-01
2.380952380952380820e-01 8.571428571428570953e-01 1.955568367577559946e-03 6.080367874645995624e-02 2.170948550185276479e-02 -1.180257734780767141e-02 -1.180257734780767141e-02 1.199338452887310641e-01
2.857142857142856984e-01 8.571428571428570953e-01 1.551184084094305894e-03 6.096592919635566987e-02 2.334395050191866508e-02 -1.023807610046520433e-02 -1.023807610046519045e-02 1.164980048183749811e-01
3.333333333333333148e-01 8.571428571428570953e-01 1.181821850279870384e-03 6.107671363217031385e-02 2.414161513857100358e-02 -8.287947397254432844e-03 -8.287947397254429374e-03 1.138344484978514870e-01
3.809523809523809312e-01 8.571428571428570953e-01 8.333550698715964976e-04 6.114925838136135716e-02 2.444944705632267484e-02 -6.091844153797021898e-03 -6.091844153797021898e-03 1.122743914032895141e-01
4.285714285714285476e-01 8.571428571428570953e-01 4.963607863419812732e-04 6.119277439697432680e-02 2.464730158260201864e-02 -3.719121987526233675e-03 -3.719121987526227170e-03 1.111569832093486920e-01
4.761904761904761640e-01 8.571428571428570953e-01 1.650659897158914013e-04 6.121318161867057850e-02 2.460686086309544010e-02 -1.248037441367782835e-03 -1.248037441367778064e-03 1.107698555701722432e-01
5.238095238095238360e-01 8.571428571428570953e-01 -1.644937033750203494e-04 6.121339564047065945e-02 2.469203923180094892e-02 1.257234944993069125e-03 1.257234944993138514e-03 1.106779810425588401e-01
5.714285714285713969e-01 8.571428571428570953e-01 -4.956120329365368369e-04 6.119341718285191412e-02 2.458692706843512016e-02 3.729788320191215496e-03 3.729788320191309171e-03 1.112375157327567393e-01
6.190476190476190688e-01 8.571428571428570953e-01 -8.321613852715828560e-04 6.115035478784537626e-02 2.453584521784703959e-02 6.098760338652040383e-03 6.098760338652099364e-03 1.121411390434034760e-01
6.666666666666666297e-01 8.571428571428570953e-01 -1.180064972472783273e-03 6.107830636753591724e-02 2.414885718450944518e-02 8.301145893123678537e-03 8.301145893123204958e-03 1.139305684747529274e-01
7.142857142857143016e-01 8.571428571428570953e-01 -1.548402736987752448e-03 6.096809455041349302e-02 2.337778109079884439e-02 1.024443282278420832e-02 1.024443282277987324e-02 1.163090685915471323e-01
7.619047619047618625e-01 8.571428571428570953e-01 -1.951693786233674307e-03 6.080661626274701942e-02 2.191282116387546428e-02 1.183377040984570118e-02 1.183377040984726417e-02 1.200356743252712771e-01
8.095238095238095344e-01 8.571428571428570953e-01 -2.410632298783122601e-03 6.057500650618936888e-02 1.896571418726552063e-02 1.281082240777953879e-02 1.281082240777941215e-02 1.247118742682093162e-01
8.571428571428570953e-01 8.571428571428570953e-01 -2.953379280059380968e-03 6.024478292275754071e-02 1.499165125317722218e-02 1.273255864534308425e-02 1.273255864534312935e-02 1.305651452350070907e-01
9.047619047619047672e-01 8.571428571428570953e-01 -3.609716489633862328e-03 5.977033357080720893e-02 8.073753952366398770e-03 1.048168704061362005e-02 1.048168704061361312e-02 1.368888005998583068e-01
9.523809523809523281e-01 8.571428571428570953e-01 -4.385113562931045907e-03 5.908536253175254022e-02 2.239767241186278127e-03 4.993625701128826672e-03 4.993625701128825804e-03 1.376450332145719713e-01
1.000000000000000000e+00 8.571428571428570953e-01 -5.213719094172934547e-03 5.817060116775152334e-02 -1.153115856503031172e-03 -5.916250178098263418e-04 -5.916250178098265587e-04 1.315746883643884313e-01
0.000000000000000000e+00 9.047619047619047672e-01 4.121265211639747218e-03 6.006641508840722399e-02 -4.401141836035935700e-03 2.925128829777388657e-03 2.925128829777387356e-03 1.351353955957312059e-01
4.761904761904761640e-02 9.047619047619047672e-01 3.249558738069989287e-03 6.110153320337883415e-02 7.362416431501775382e-03 -1.318849865569842079e-02 -1.318849865569842079e-02 1.450542610093294438e-01
9.523809523809523281e-02 9.047619047619047672e-01 2.533118268196189217e-03 6.167841612244556043e-02 1.579967683620762259e-02 -1.859718410438701217e-02 -1.859718410438700870e-02 1.393503912193874428e-01
1.428571428571428492e-01 9.047619047619047672e-01 1.999419910699642543e-03 6.200957780175668510e-02 2.437594326901008218e-02 -1.838128793256382440e-02 -1.838128793256382787e-02 1.306114174892984148e-01
1.904761904761904656e-01 9.047619047619047672e-01 1.596004742440381569e-03 6.222005250943838522e-02 2.809072833634821201e-02 -1.616835479244669097e-02 -1.616835479244667709e-02 1.232450073375230271e-01
2.380952380952380820e-01 9.047619047619047672e-01 1.274112054884756016e-03 6.236392122259049042e-02 3.033935339298213935e-02 -1.368664658567233031e-02 -1.368664658567232684e-02 1.181925563972417298e-01
2.857142857142856984e-01 9.047619047619047672e-01 1.001461692008859001e-03 6.246409871906145883e-02 3.136713134603846126e-02 -1.117138304832129142e-02 -1.117138304832129142e-02 1.141889524081250440e-01
3.333333333333333148e-01 9.047619047619047672e-01 7.586667008458730524e-04 6.253321421048353701e-02 3.172952729347448819e-02 -8.700054491019421771e-03 -8.700054491019418301e-03 1.116855685460279024e-01
3.809523809523809312e-01 9.047619047619047672e-01 5.330339803265605201e-04 6.257897458090029563e-02 3.193355152542979442e-02 -6.227366091829594948e-03 -6.227366091829600152e-03 1.097646196039648719e-01
4.285714285714285476e-01 9.047619047619047672e-01 3.168810939144034661e-04 6.260674627726460495e-02 3.182610997433676231e-02 -3.746763466979205915e-03 -3.746763466979202879e-03 1.087928236177806846e-01
4.761904761904761640e-01 9.047619047619047672e-01 1.053063855579725635e-04 6.261984555675458031e-02 3.190521742242970193e-02 -1.250088005883957928e-03 -1.250088005883955109e-03 1.081721828334888530e-01
5.238095238095238360e-01 9.047619047619047672e-01 -1.048535814250226369e-04 6.261997438405121630e-02 3.180200957063580858e-02 1.251518901109144192e-03 1.251518901109156118e-03 1.082682538081449070e-01
5.714285714285713969e-01 9.047619047619047672e-01 -3.162574896361170429e-04 6.260709944369809155e-02 3.194123214265234822e-02 3.745862595317617227e-03 3.745862595317663198e-03 1.086706782292310575e-01
6.190476190476190688e-01 9.047619047619047672e-01 -5.321108750439768661e-04 6.257961058528084541e-02 3.185683716119699221e-02 6.226899626381503239e-03 6.226899626381629874e-03 1.098673208959253800e-01
6.666666666666666297e-01 9.047619047619047672e-01 -7.571590630348214819e-04 6.253409053235035875e-02 3.184046403176846868e-02 8.691446168618640125e-03 8.691446168620293317e-03 1.115053268138790077e-01
7.142857142857143016e-01 9.047619047619047672e-01 -9.992527620185341630e-04 6.246536605303168455e-02 3.137395673590952921e-02 1.116832181015580717e-02 1.116832181015817854e-02 1.143251217728593755e-01
7.619047619047618625e-01 9.047619047619047672e-01 -1.270565501110536939e-03 6.236553848831313807e-02 3.038061440524203807e-02 1.366390700989864211e-02 1.366390700989812169e-02 1.179230930822228046e-01
8.095238095238095344e-01 9.047619047619047672e-01 -1.591053323713366701e-03 6.222250368797757614e-02 2.840949199042615628e-02 1.619209508754502688e-02 1.619209508754517607e-02 1.234260508468540685e-01
8.571428571428570953e-01 9.047619047619047672e-01 -1.991040384017673474e-03 6.201276812558401824e-02 2.401268525167283077e-02 1.836560941471771999e-02 1.836560941471773387e-02 1.303171815477157658e-01
9.047619047619047672e-01 9.047619047619047672e-01 -2.519125989868135039e-03 6.168579902595834608e-02 1.782723384232596728e-02 1.894575474646412530e-02 1.894575474646412530e-02 1.391561144140029405e-01
9.523809523809523281e-01 9.047619047619047672e-01 -3.234849892311170410e-03 6.111264901038641895e-02 4.769658446037264819e-03 1.343387215200752410e-02 1.343387215200751716e-02 1.494518581695541137e-01
1.000000000000000000e+00 9.047619047619047672e-01 -4.092384617475557790e-03 6.008177600327883894e-02 -2.334087727601472442e-03 -1.408087516168753063e-03 -1.408087516168753496e-03 1.351007600112494045e-01
0.000000000000000000e+00 9.523809523809523281e-01 2.612776428908116736e-03 6.216257107832990486e-02 1.027775574366922599e-03 3.481550202905645333e-03 3.481550202905652272e-03 1.420408005306752208e-01
4.761904761904761640e-02 9.523809523809523281e-01 1.759415305016893321e-03 6.322226063170897914e-02 1.827133094626984255e-02 -3.011893628530164929e-02 -3.011893628530165623e-02 1.566361236474926866e-01
9.523809523809523281e-02 9.523809523809523281e-01 1.267121470151362462e-03 6.353815820901810574e-02 3.365010282862430230e-02 -2.800543389269767244e-02 -2.800543389269767244e-02 1.393978516898200792e-01
1.428571428571428492e-01 9.523809523809523281e-01 9.714952246003926003e-04 6.368411249721134260e-02 3.793390489584345243e-02 -2.258906579118371422e-02 -2.258906579118371422e-02 1.269837318439792917e-01
1.904761904761904656e-01 9.523809523809523281e-01 7.668593889277220028e-04 6.377212134881932171e-02 3.907871431961824210e-02 -1.807810411327653161e-02 -1.807810411327654895e-02 1.202427293808576575e-01
2.380952380952380820e-01 9.523809523809523281e-01 6.074206484915621075e-04 6.383368509248583955e-02 3.954990321352171156e-02 -1.450227526372771351e-02 -1.450227526372770484e-02 1.150189659705131012e-01
2.857142857142856984e-01 9.523809523809523281e-01 4.755101477560642258e-04 6.387714337412078724e-02 3.928406107438858763e-02 -1.141460102336431734e-02 -1.141460102336431560e-02 1.116509012344913954e-01
3.333333333333333148e-01 9.523809523809523281e-01 3.592289971026745260e-04 6.390803770792037597e-02 3.918960210127270943e-02 -8.685217756386783353e-03 -8.685217756386779883e-03 1.089686805510267364e-01
3.809523809523809312e-01 9.523809523809523281e-01 2.521230393340275562e-04 6.392874758477741504e-02 3.875067525918626798e-02 -6.113768150415684575e-03 -6.113768150415685443e-03 1.073844481256169131e-01
4.285714285714285476e-01 9.523809523809523281e-01 1.497819356921840342e-04 6.394165215227839982e-02 3.867508396879617422e-02 -3.644774471525434080e-03 -3.644774471525430611e-03 1.062095304885510294e-01
4.761904761904761640e-01 9.523809523809523281e-01 4.977584724277919282e-05 6.394769551742567060e-02 3.840987595077655775e-02 -1.211470246181560895e-03 -1.211470246181560245e-03 1.058051080787024006e-01
5.238095238095238360e-01 9.523809523809523281e-01 -4.954440322433948253e-05 6.394781188799521232e-02 3.855247886385645278e-02 1.208090302541684619e-03 1.208090302541677246e-03 1.057022692553553633e-01
5.714285714285713969e-01 9.523809523809523281e-01 -1.494798220139355403e-04 6.394171522317898537e-02 3.853441220839153719e-02 3.636304251858017440e-03 3.636304251858063843e-03 1.063051841383579887e-01
6.190476190476190688e-01 9.523809523809523281e-01 -2.515861775647504329e-04 6.392906945870541202e-02 3.891296706878290268e-02 6.108777141137168923e-03 6.108777141137277343e-03 1.072451348400805665e-01
6.666666666666666297e-01 9.523809523809523281e-01 -3.584799228292031171e-04 6.390826362497702140e-02 3.904337885990723928e-02 8.659001474969205830e-03 8.659001474968766945e-03 1.090850541788519479e-01
7.142857142857143016e-01 9.523809523809523281e-01 -4.741120007091562073e-04 6.387773100642742119e-02 3.947780917995247218e-02 1.140549177781907501e-02 1.140549177781526383e-02 1.114451364735342537e-01
7.619047619047618625e-01 9.523809523809523281e-01 -6.056456312681623424e-04 6.383404610140976099e-02 3.942349957202163219e-02 1.443493015780444692e-02 1.443493015780570633e-02 1.151908886582649616e-01
8.095238095238095344e-01 9.523809523809523281e-01 -7.633975279083819081e-04 6.377326699426391632e-02 3.930081667668300360e-02 1.807883117768867287e-02 1.807883117768893308e-02 1.198785849589278224e-01
8.571428571428570953e-01 9.523809523809523281e-01 -9.680486936472467363e-04 6.368405173016014609e-02 3.791160541198885375e-02 2.245941297493464148e-02 2.245941297493466229e-02 1.273822005855181350e-01
9.047619047619047672e-01 9.523809523809523281e-01 -1.254626472200757667e-03 6.354086859841795443e-02 3.411158456530688499e-02 2.833627138775945964e-02 2.833627138775946311e-02 1.375328214204053490e-01
9.523809523809523281e-01 9.523809523809523281e-01 -1.731901382068671722e-03 6.323293121824077878e-02 2.213607509628011394e-02 3.084972491653622736e-02 3.084972491653622043e-02 1.533163494320425313e-01
1.000000000000000000e+00 9.523809523809523281e-01 -2.622342502836344773e-03 6.214938191222987157e-02 -1.306533585900053300e-02 2.383711322570105772e-03 2.383711322570107941e-03 1.695026792365523227e-01
0.000000000000000000e+00 1.000000000000000000e+00 -1.515864741997018279e-20 6.520199999999999607e-02 6.878184007513295228e-02 -6.520416330670653071e-02 -6.520416330670653071e-02 2.568442833593613805e-01
4.761904761904761640e-02 1.000000000000000000e+00 -2.301931259273193999e-20 6.520199999999999607e-02 5.870709442996361466e-02 -4.082277633195200567e-02 -4.082277633195203342e-02 1.578493772393342320e-01
9.523809523809523281e-02 1.000000000000000000e+00 -4.099822672476628753e-15 6.520199999999999607e-02 5.438732606891187593e-02 -2.737469317506501659e-02 -2.737469317506509639e-02 1.289774967712744302e-01
1.428571428571428492e-01 1.000000000000000000e+00 -2.006729650717862623e-20 6.520199999999999607e-02 5.203274919031984636e-02 -2.195989582016493261e-02 -2.195989582016494648e-02 1.217248592192772400e-01
1.904761904761904656e-01 1.000000000000000000e+00 2.259869618840517774e-20 6.520199999999999607e-02 4.974533230408825085e-02 -1.717345128511039987e-02 -1.717345128511039987e-02 1.157205106126177607e-01
2.380952380952380820e-01 1.000000000000000000e+00 -1.287804518368998836e-20 6.520199999999999607e-02 4.795498369597856608e-02 -1.373825235478172598e-02 -1.373825235478172598e-02 1.118675690886206803e-01
2.857142857142856984e-01 1.000000000000000000e+00 4.314181430989659615e-20 6.520200000000000995e-02 4.668233449024325465e-02 -1.069445076502897538e-02 -1.069445076502897364e-02 1.085874812877404283e-01
3.333333333333333148e-01 1.000000000000000000e+00 -1.069461980526032418e-20 6.520200000000000995e-02 4.566210169282129000e-02 -8.126144998731939240e-03 -8.126144998731939240e-03 1.065150774101787934e-01
3.809523809523809312e-01 1.000000000000000000e+00 -3.965384858166295557e-16 6.520200000000000995e-02 4.503765869059045412e-02 -5.690251240155709891e-03 -5.690251240155710759e-03 1.048016309260112883e-01
4.285714285714285476e-01 1.000000000000000000e+00 -1.943399508629741189e-20 6.520200000000002383e-02 4.455977797010216707e-02 -3.392881723620857180e-03 -3.392881723620861951e-03 1.039482748185245609e-01
4.761904761904761640e-01 1.000000000000000000e+00 -8.080809627147652441e-16 6.520200000000000995e-02 4.440389803522302309e-02 -1.125590120893894385e-03 -1.125590120893894819e-03 1.033500672701107292e-01
5.238095238095238360e-01 1.000000000000000000e+00 4.040161797626562083e-21 6.520199999999999607e-02 4.435242582184165117e-02 1.122969939721720281e-03 1.122969939721736544e-03 1.034655749571766897e-01
5.714285714285713969e-01 1.000000000000000000e+00 -3.122817471231161992e-14 6.520199999999999607e-02 4.460759713422286082e-02 3.378679330929947391e-03 3.378679330929995096e-03 1.038153927329292237e-01
6.190476190476190688e-01 1.000000000000000000e+00 9.745273662271434493e-21 6.520199999999999607e-02 4.498101950838320762e-02 5.694302977555400387e-03 5.694302977555443755e-03 1.049288507804167353e-01
6.666666666666666297e-01 1.000000000000000000e+00 -1.045081662384324079e-20 6.520199999999999607e-02 4.570739075763679410e-02 8.075410038987549180e-03 8.075410038987420810e-03 1.063389240113225137e-01
7.142857142857143016e-01 1.000000000000000000e+00 1.635237260071297489e-20 6.520199999999999607e-02 4.662327561784346958e-02 1.071796180536331751e-02 1.071796180536218127e-02 1.087547220825233751e-01
7.619047619047618625e-01 1.000000000000000000e+00 1.199133666363006842e-15 6.520199999999999607e-02 4.799427597314253474e-02 1.359802068845250740e-02 1.359802068845178229e-02 1.116142326124230505e-01
8.095238095238095344e-01 1.000000000000000000e+00 2.570727315161800911e-20 6.520199999999999607e-02 4.971011365126203063e-02 1.727544823388649925e-02 1.727544823388612108e-02 1.160047959950320506e-01
8.571428571428570953e-01 1.000000000000000000e+00 -1.580000912063085808e-16 6.520199999999999607e-02 5.199473413301219232e-02 2.171240734822482699e-02 2.171240734822484086e-02 1.211288732510961003e-01
9.047619047619047672e-01 1.000000000000000000e+00 4.371516505527248774e-20 6.520199999999999607e-02 5.518128049551950659e-02 2.880091273171723337e-02 2.880091273171701480e-02 1.303917167393295329e-01
9.523809523809523281e-01 1.000000000000000000e+00 -4.825931736283171480e-20 6.520199999999999607e-02 5.980892850970071645e-02 4.200414178682368438e-02 4.200414178682367744e-02 1.445110520336703452e-01
1.000000000000000000e+00 1.000000000000000000e+00 1.199690925655775486e-19 6.520199999999998219e-02 1.407951525319528219e-01 8.984118360874350506e-02 8.984118360874350506e-02 3.021700475515941009e-01
