1 1 0 0 0 0 0 0 0.104459 0.164596 0.0575803 16 -0.0111864 0.107311 0.078806
2 1 0.04 0 0 0 0 0 0.0843525 0.144346 0.0504581 20 -0.0151705 0.0957295 0.0683408
3 1 0.08 0 0 0 0 0 0.0765149 0.13227 0.0429436 24 -0.0135102 0.0846211 0.0583661
4 1 0.12 0 0 0 0 0 0.0740183 0.125401 0.0364104 27 -0.0106583 0.0763222 0.049827
5 1 0.16 0 0 0 0 0 0.0732174 0.12174 0.0310193 28 -0.00851977 0.0710485 0.0426715
27 1 0.00816621 0.043803 0 7.6024e-05 3.12827e-05 0 0.0198123 0.110597 0.0466322 20 -0.0482653 0.102718 0.0576964
28 1 0.0462815 0.0431648 0 5.96745e-05 2.8366e-05 0 0.0524431 0.127845 0.0427807 25 -0.0310064 0.0962136 0.0553463
29 1 0.0850423 0.0427944 0 4.82821e-05 2.64145e-05 0 0.0578936 0.125668 0.0383306 30 -0.0246148 0.0881726 0.0504384
30 1 0.124183 0.0425837 0 4.0264e-05 2.50532e-05 0 0.0600026 0.121934 0.0337633 34 -0.0200412 0.0809691 0.0450414
31 1 0.163537 0.042477 0 3.40606e-05 2.41329e-05 0 0.0619496 0.119711 0.0294451 35 -0.0165682 0.0757696 0.0396948
53 1 0.0132055 0.0875628 0 0.000124138 6.6352e-05 0 0.0115842 0.109291 0.0376403 24 -0.0528568 0.102739 0.0447556
54 1 0.0511162 0.0865422 0 0.000105135 5.95666e-05 0 0.0320993 0.11917 0.0361643 30 -0.0417361 0.098125 0.0447172
55 1 0.0894007 0.0858495 0 8.95155e-05 5.5005e-05 0 0.0393983 0.11933 0.0335634 36 -0.0355421 0.0921674 0.0424084
56 1 0.128001 0.0854237 0 7.63663e-05 5.1583e-05 0 0.0437531 0.117779 0.0305958 41 -0.0306307 0.0863668 0.0394337
57 1 0.166832 0.0851751 0 6.53489e-05 4.96098e-05 0 0.0479177 0.11726 0.0274477 42 -0.0264611 0.0818324 0.0359634
79 1 0.0176112 0.131421 0 0.000165475 0.000103603 0 0.00314352 0.108193 0.0298514 27 -0.0577373 0.104195 0.0336249
80 1 0.0553421 0.130214 0 0.000144886 9.55126e-05 0 0.019684 0.116824 0.0295515 34 -0.0493508 0.101502 0.034739
81 1 0.0933314 0.129326 0 0.000126314 8.95623e-05 0 0.0269255 0.118529 0.0283062 41 -0.0443085 0.0977323 0.034156
82 1 0.131553 0.128731 0 0.000109874 8.50064e-05 0 0.0320526 0.118676 0.0267332 46 -0.039962 0.0936764 0.0331172
105 1 0.0213694 0.17533 0 0.000200702 0.000141382 0 -0.00328317 0.107219 0.0230726 28 -0.0611721 0.105201 0.0244341
106 1 0.0589833 0.174072 0 0.000178587 0.000131814 0 0.0119943 0.116596 0.0234015 35 -0.0543228 0.104351 0.0260694
107 1 0.0967736 0.173093 0 0.000158097 0.000124387 0 0.0195088 0.120282 0.0230617 42 -0.0502985 0.102755 0.0265304
108 1 0.134729 0.172393 0 0.000139062 0.000118445 0 0.0245982 0.121897 0.0224409 47 -0.0469556 0.100569 0.0266703
83 1 0.169975 0.128352 0 9.50621e-05 8.19354e-05 0 0.0369188 0.119192 0.0247105 47 -0.0359864 0.090108 0.0313063
109 1 0.172838 0.171917 0 0.000121363 0.00011473 0 0.0293119 0.123234 0.0213153 48 -0.0437096 0.0982441 0.0260595
6 1 0.2 0 0 0 0 0 0.0727742 0.119766 0.0264234 28 -0.00725151 0.0678158 0.0364604
7 1 0.24 0 0 0 0 0 0.0725404 0.118757 0.0223163 28 -0.00648864 0.0657799 0.0308481
8 1 0.28 0 0 0 0 0 0.0724476 0.118296 0.0185242 28 -0.00600978 0.0644607 0.0256339
9 1 0.32 0 0 0 0 0 0.0724469 0.118144 0.0149422 28 -0.00569705 0.0635924 0.0206914
32 1 0.203003 0.0424214 0 2.88117e-05 2.36586e-05 0 0.0630974 0.118343 0.0254053 35 -0.0143802 0.072307 0.0344682
33 1 0.242533 0.0423912 0 2.42849e-05 2.31637e-05 0 0.0638275 0.11759 0.0216084 35 -0.0129924 0.0700079 0.029432
34 1 0.282101 0.0423753 0 2.01869e-05 2.30701e-05 0 0.0643455 0.117237 0.0180093 35 -0.0120873 0.0684671 0.0245909
35 1 0.321694 0.0423677 0 1.61958e-05 2.2977e-05 0 0.0647442 0.11713 0.014562 35 -0.0114818 0.067429 0.0199164
58 1 0.205822 0.0850295 0 5.57705e-05 4.84822e-05 0 0.0507563 0.116965 0.024125 42 -0.0235727 0.0785529 0.0319476
59 1 0.244915 0.0849431 0 4.70539e-05 4.74669e-05 0 0.0527094 0.116873 0.0207666 42 -0.0215985 0.0762332 0.0276895
60 1 0.284078 0.0848923 0 3.89461e-05 4.69923e-05 0 0.0540969 0.116939 0.0174437 42 -0.0202412 0.0746093 0.0233644
61 1 0.323287 0.0848631 0 3.14376e-05 4.6413e-05 0 0.0551098 0.117103 0.014178 42 -0.0193011 0.0734819 0.0190487
84 1 0.208554 0.128113 0 8.15861e-05 7.95819e-05 0 0.0405822 0.119613 0.0221987 47 -0.0329478 0.0872538 0.0285544
85 1 0.247249 0.127962 0 6.92622e-05 7.78286e-05 0 0.0433056 0.120014 0.0194078 47 -0.0306986 0.0850777 0.025221
86 1 0.286027 0.127869 0 5.75615e-05 7.70935e-05 0 0.0453335 0.120417 0.0164819 47 -0.0290581 0.0834691 0.0215688
87 1 0.324865 0.127811 0 4.65499e-05 7.64645e-05 0 0.0468456 0.12081 0.0134994 47 -0.0278731 0.0823069 0.0177516
110 1 0.211081 0.171599 0 0.000104966 0.000111728 0 0.0330996 0.124219 0.0195751 48 -0.041002 0.0961211 0.0244095
111 1 0.249431 0.171389 0 8.93167e-05 0.000110045 0 0.0360888 0.125013 0.0174084 48 -0.0388441 0.0943457 0.0220075
112 1 0.287864 0.171251 0 7.46579e-05 0.000108135 0 0.0384162 0.125687 0.0149749 48 -0.0371764 0.0929415 0.0191139
113 1 0.326361 0.171164 0 6.026e-05 0.000107334 0 0.040204 0.126266 0.0123816 48 -0.0359176 0.0918746 0.0159114
10 1 0.36 0 0 0 0 0 0.072495 0.118153 0.011502 28 -0.00548979 0.0630218 0.0159346
11 1 0.4 0 0 0 0 0 0.0725583 0.118227 0.00815651 28 -0.00535484 0.0626564 0.0113031
12 1 0.44 0 0 0 0 0 0.0726128 0.118307 0.00487152 28 -0.00527334 0.0624398 0.00675201
13 1 0.48 0 0 0 0 0 0.0726437 0.118355 0.00162023 28 -0.00523491 0.062339 0.00224585
36 1 0.361304 0.0423646 0 1.24604e-05 2.28503e-05 0 0.0650562 0.117153 0.0112258 35 -0.0110744 0.0667345 0.0153704
37 1 0.400924 0.0423638 0 8.91657e-06 2.29585e-05 0 0.0652904 0.11723 0.00796781 35 -0.0108064 0.0662833 0.0109173
38 1 0.440552 0.042364 0 5.27099e-06 2.29325e-05 0 0.0654477 0.117307 0.00476125 35 -0.0106435 0.0660126 0.0065266
39 1 0.480184 0.0423643 0 1.69867e-06 2.28737e-05 0 0.0655269 0.117354 0.00158393 35 -0.0105664 0.0658858 0.00217166
62 1 0.362529 0.0848469 0 2.4159e-05 4.62334e-05 0 0.0558501 0.117305 0.0109676 42 -0.0186534 0.0727111 0.0147661
63 1 0.401793 0.0848385 0 1.70587e-05 4.59122e-05 0 0.0563729 0.117496 0.00780198 42 -0.0182206 0.0722023 0.0105187
64 1 0.441071 0.0848345 0 1.02243e-05 4.57236e-05 0 0.0567083 0.117642 0.00466846 42 -0.0179548 0.0718937 0.00629938
65 1 0.480356 0.084833 0 3.40359e-06 4.58554e-05 0 0.0568725 0.11772 0.00155404 42 -0.0178282 0.071748 0.00209779
88 1 0.363746 0.127777 0 3.57942e-05 7.60253e-05 0 0.0479577 0.121167 0.0104981 47 -0.0270321 0.0814886 0.0138512
89 1 0.402656 0.127757 0 2.54158e-05 7.60307e-05 0 0.0487422 0.12146 0.0074945 47 -0.0264583 0.0809365 0.00991051
90 1 0.441586 0.127747 0 1.51836e-05 7.59545e-05 0 0.0492439 0.121667 0.00449422 47 -0.026101 0.0805965 0.00595127
91 1 0.480528 0.127742 0 5.06695e-06 7.57634e-05 0 0.0494888 0.121775 0.00149759 47 -0.0259295 0.0804346 0.00198443
114 1 0.364904 0.171109 0 4.65607e-05 0.000106018 0 0.041544 0.126748 0.00969432 48 -0.0349945 0.0910945 0.0125174
115 1 0.403481 0.171075 0 3.30765e-05 0.000106035 0 0.0425002 0.127122 0.00695295 48 -0.0343497 0.0905534 0.00900675
116 1 0.44208 0.171057 0 1.96683e-05 0.000105042 0 0.0431159 0.127379 0.00418161 48 -0.0339417 0.0902137 0.00542766
117 1 0.480692 0.171049 0 6.61042e-06 0.000105275 0 0.0434174 0.127509 0.00139537 48 -0.033744 0.0900501 0.0018129
14 1 0.52 0 0 0 0 0 0.0726437 0.118355 -0.00162023 28 -0.00523491 0.062339 -0.00224585
15 1 0.56 0 0 0 0 0 0.0726128 0.118307 -0.00487152 28 -0.00527334 0.0624398 -0.00675201
16 1 0.6 0 0 0 0 0 0.0725583 0.118227 -0.00815651 28 -0.00535484 0.0626564 -0.0113031
17 1 0.64 0 0 0 0 0 0.072495 0.118153 -0.011502 28 -0.00548979 0.0630218 -0.0159346
40 1 0.519816 0.0423643 0 -1.69867e-06 2.28737e-05 0 0.0655269 0.117354 -0.00158393 35 -0.0105664 0.0658858 -0.00217166
41 1 0.559448 0.042364 0 -5.27099e-06 2.29325e-05 0 0.0654477 0.117307 -0.00476125 35 -0.0106435 0.0660126 -0.0065266
42 1 0.599076 0.0423638 0 -8.91657e-06 2.29585e-05 0 0.0652904 0.11723 -0.00796781 35 -0.0108064 0.0662833 -0.0109173
43 1 0.638696 0.0423646 0 -1.24604e-05 2.28503e-05 0 0.0650562 0.117153 -0.0112258 35 -0.0110744 0.0667345 -0.0153704
66 1 0.519644 0.084833 0 -3.40359e-06 4.58554e-05 0 0.0568725 0.11772 -0.00155404 42 -0.0178282 0.071748 -0.00209779
67 1 0.558929 0.0848345 0 -1.02243e-05 4.57236e-05 0 0.0567083 0.117642 -0.00466846 42 -0.0179548 0.0718937 -0.00629938
68 1 0.598207 0.0848385 0 -1.70587e-05 4.59122e-05 0 0.0563729 0.117496 -0.00780198 42 -0.0182206 0.0722023 -0.0105187
69 1 0.637471 0.0848469 0 -2.4159e-05 4.62334e-05 0 0.0558501 0.117305 -0.0109676 42 -0.0186534 0.0727111 -0.0147661
92 1 0.519472 0.127742 0 -5.06695e-06 7.57634e-05 0 0.0494888 0.121775 -0.00149759 47 -0.0259295 0.0804346 -0.00198443
93 1 0.558414 0.127747 0 -1.51836e-05 7.59545e-05 0 0.0492439 0.121667 -0.00449422 47 -0.026101 0.0805965 -0.00595127
94 1 0.597344 0.127757 0 -2.54158e-05 7.60307e-05 0 0.0487422 0.12146 -0.0074945 47 -0.0264583 0.0809365 -0.00991051
95 1 0.636254 0.127777 0 -3.57942e-05 7.60253e-05 0 0.0479577 0.121167 -0.0104981 47 -0.0270321 0.0814886 -0.0138512
118 1 0.519308 0.171049 0 -6.61042e-06 0.000105275 0 0.0434174 0.127509 -0.00139537 48 -0.033744 0.0900501 -0.0018129
119 1 0.55792 0.171057 0 -1.96683e-05 0.000105042 0 0.0431159 0.127379 -0.00418161 48 -0.0339417 0.0902137 -0.00542766
120 1 0.596519 0.171075 0 -3.30765e-05 0.000106035 0 0.0425002 0.127122 -0.00695295 48 -0.0343497 0.0905534 -0.00900675
121 1 0.635096 0.171109 0 -4.65607e-05 0.000106018 0 0.041544 0.126748 -0.00969432 48 -0.0349945 0.0910945 -0.0125174
18 1 0.68 0 0 0 0 0 0.0724469 0.118144 -0.0149422 28 -0.00569705 0.0635924 -0.0206914
19 1 0.72 0 0 0 0 0 0.0724476 0.118296 -0.0185242 28 -0.00600978 0.0644607 -0.0256339
20 1 0.76 0 0 0 0 0 0.0725404 0.118757 -0.0223163 28 -0.00648864 0.0657799 -0.0308481
21 1 0.8 0 0 0 0 0 0.0727742 0.119766 -0.0264234 28 -0.00725151 0.0678158 -0.0364604
44 1 0.678306 0.0423677 0 -1.61958e-05 2.2977e-05 0 0.0647442 0.11713 -0.014562 35 -0.0114818 0.067429 -0.0199164
45 1 0.717899 0.0423753 0 -2.01869e-05 2.30701e-05 0 0.0643455 0.117237 -0.0180093 35 -0.0120873 0.0684671 -0.0245909
46 1 0.757467 0.0423912 0 -2.42849e-05 2.31637e-05 0 0.0638275 0.11759 -0.0216084 35 -0.0129924 0.0700079 -0.029432
47 1 0.796997 0.0424214 0 -2.88117e-05 2.36586e-05 0 0.0630974 0.118343 -0.0254053 35 -0.0143802 0.072307 -0.0344682
70 1 0.676713 0.0848631 0 -3.14376e-05 4.6413e-05 0 0.0551098 0.117103 -0.014178 42 -0.0193011 0.0734819 -0.0190487
71 1 0.715922 0.0848923 0 -3.89461e-05 4.69923e-05 0 0.0540969 0.116939 -0.0174437 42 -0.0202412 0.0746093 -0.0233644
72 1 0.755085 0.0849431 0 -4.70539e-05 4.74669e-05 0 0.0527094 0.116873 -0.0207666 42 -0.0215985 0.0762332 -0.0276895
73 1 0.794178 0.0850295 0 -5.57705e-05 4.84822e-05 0 0.0507563 0.116965 -0.024125 42 -0.0235727 0.0785529 -0.0319476
96 1 0.675135 0.127811 0 -4.65499e-05 7.64645e-05 0 0.0468456 0.12081 -0.0134994 47 -0.0278731 0.0823069 -0.0177516
97 1 0.713973 0.127869 0 -5.75615e-05 7.70935e-05 0 0.0453335 0.120417 -0.0164819 47 -0.0290581 0.0834691 -0.0215688
98 1 0.752751 0.127962 0 -6.92622e-05 7.78286e-05 0 0.0433056 0.120014 -0.0194078 47 -0.0306986 0.0850777 -0.025221
99 1 0.791446 0.128113 0 -8.15861e-05 7.95819e-05 0 0.0405822 0.119613 -0.0221987 47 -0.0329478 0.0872538 -0.0285544
122 1 0.673639 0.171164 0 -6.026e-05 0.000107334 0 0.040204 0.126266 -0.0123816 48 -0.0359176 0.0918746 -0.0159114
123 1 0.712136 0.171251 0 -7.46579e-05 0.000108135 0 0.0384162 0.125687 -0.0149749 48 -0.0371764 0.0929415 -0.0191139
124 1 0.750569 0.171389 0 -8.93167e-05 0.000110045 0 0.0360888 0.125013 -0.0174084 48 -0.0388441 0.0943457 -0.0220075
125 1 0.788919 0.171599 0 -0.000104966 0.000111728 0 0.0330996 0.124219 -0.0195751 48 -0.041002 0.0961211 -0.0244095
100 1 0.830025 0.128352 0 -9.50621e-05 8.19354e-05 0 0.0369188 0.119192 -0.0247105 47 -0.0359864 0.090108 -0.0313063
126 1 0.827162 0.171917 0 -0.000121363 0.00011473 0 0.0293119 0.123234 -0.0213153 48 -0.0437096 0.0982441 -0.0260595
22 1 0.84 0 0 0 0 0 0.0732174 0.12174 -0.0310193 28 -0.00851977 0.0710485 -0.0426715
23 1 0.88 0 0 0 0 0 0.0740183 0.125401 -0.0364104 27 -0.0106583 0.0763222 -0.049827
24 1 0.92 0 0 0 0 0 0.0765149 0.13227 -0.0429436 24 -0.0135102 0.0846211 -0.0583661
25 1 0.96 0 0 0 0 0 0.0843525 0.144346 -0.0504581 20 -0.0151705 0.0957295 -0.0683408
26 1 1 0 0 0 0 0 0.104459 0.164596 -0.0575803 16 -0.0111864 0.107311 -0.078806
48 1 0.836463 0.042477 0 -3.40606e-05 2.41329e-05 0 0.0619496 0.119711 -0.0294451 35 -0.0165682 0.0757696 -0.0396948
49 1 0.875817 0.0425837 0 -4.0264e-05 2.50532e-05 0 0.0600026 0.121934 -0.0337633 34 -0.0200412 0.0809691 -0.0450414
50 1 0.914958 0.0427944 0 -4.82821e-05 2.64145e-05 0 0.0578936 0.125668 -0.0383306 30 -0.0246148 0.0881726 -0.0504384
51 1 0.953719 0.0431648 0 -5.96745e-05 2.8366e-05 0 0.0524431 0.127845 -0.0427807 25 -0.0310064 0.0962136 -0.0553463
52 1 0.991834 0.043803 0 -7.6024e-05 3.12827e-05 0 0.0198123 0.110597 -0.0466322 20 -0.0482653 0.102718 -0.0576964
74 1 0.833168 0.0851751 0 -6.53489e-05 4.96098e-05 0 0.0479177 0.11726 -0.0274477 42 -0.0264611 0.0818324 -0.0359634
75 1 0.871999 0.0854237 0 -7.63663e-05 5.1583e-05 0 0.0437531 0.117779 -0.0305958 41 -0.0306307 0.0863668 -0.0394337
76 1 0.910599 0.0858495 0 -8.95155e-05 5.5005e-05 0 0.0393983 0.11933 -0.0335634 36 -0.0355421 0.0921674 -0.0424084
77 1 0.948884 0.0865422 0 -0.000105135 5.95666e-05 0 0.0320993 0.11917 -0.0361643 30 -0.0417361 0.098125 -0.0447172
78 1 0.986794 0.0875628 0 -0.000124138 6.6352e-05 0 0.0115842 0.109291 -0.0376403 24 -0.0528568 0.102739 -0.0447556
101 1 0.868447 0.128731 0 -0.000109874 8.50064e-05 0 0.0320526 0.118676 -0.0267332 46 -0.039962 0.0936764 -0.0331172
102 1 0.906669 0.129326 0 -0.000126314 8.95623e-05 0 0.0269255 0.118529 -0.0283062 41 -0.0443085 0.0977323 -0.034156
103 1 0.944658 0.130214 0 -0.000144886 9.55126e-05 0 0.019684 0.116824 -0.0295515 34 -0.0493508 0.101502 -0.034739
104 1 0.982389 0.131421 0 -0.000165475 0.000103603 0 0.00314352 0.108193 -0.0298514 27 -0.0577373 0.104195 -0.0336249
127 1 0.865271 0.172393 0 -0.000139062 0.000118445 0 0.0245982 0.121897 -0.0224409 47 -0.0469556 0.100569 -0.0266703
128 1 0.903226 0.173093 0 -0.000158097 0.000124387 0 0.0195088 0.120282 -0.0230617 42 -0.0502985 0.102755 -0.0265304
129 1 0.941017 0.174072 0 -0.000178587 0.000131814 0 0.0119943 0.116596 -0.0234015 35 -0.0543228 0.104351 -0.0260694
130 1 0.978631 0.17533 0 -0.000200702 0.000141382 0 -0.00328317 0.107219 -0.0230726 28 -0.0611721 0.105201 -0.0244341
131 1 0.0244665 0.219233 0 0.000229828 0.000180892 0 -0.00706295 0.106442 0.0176661 28 -0.0628873 0.105374 0.0176033
132 1 0.0620211 0.218023 0 0.000207224 0.000172117 0 0.00670145 0.116049 0.0181967 35 -0.0573912 0.105856 0.019197
133 1 0.0996848 0.217037 0 0.000185379 0.000165161 0 0.0139681 0.121081 0.0182867 42 -0.0543579 0.105958 0.020031
134 1 0.137454 0.216295 0 0.000164749 0.000159091 0 0.0187084 0.123884 0.0182041 47 -0.0520289 0.105419 0.0207276
157 1 0.0269722 0.263123 0 0.000253874 0.000220067 0 -0.00894609 0.106013 0.0132506 28 -0.0635349 0.105131 0.0123967
158 1 0.0645006 0.26202 0 0.000230505 0.000210961 0 0.00297736 0.115273 0.0138074 35 -0.0592832 0.10652 0.0137547
159 1 0.102085 0.261089 0 0.000207956 0.000203347 0 0.00970634 0.121098 0.0140971 42 -0.0571205 0.107872 0.014665
160 1 0.139728 0.260359 0 0.00018571 0.000197081 0 0.01398 0.124791 0.0143012 47 -0.0556793 0.108669 0.0155693
183 1 0.0289662 0.307002 0 0.00027336 0.000260714 0 -0.00970762 0.105906 0.0097552 28 -0.0636724 0.104842 0.00854125
184 1 0.0664838 0.306042 0 0.000249899 0.000253375 0 0.000484175 0.1146 0.0102452 35 -0.0604404 0.10682 0.0096047
185 1 0.10402 0.305208 0 0.00022652 0.000246792 0 0.00656594 0.120827 0.0105907 42 -0.0589938 0.109049 0.0104334
186 1 0.141575 0.304534 0 0.000203705 0.000240822 0 0.0103345 0.125128 0.0109129 47 -0.0582836 0.110867 0.0113368
209 1 0.0305209 0.350876 0 0.000289197 0.000301008 0 -0.00986609 0.106025 0.00702842 28 -0.0636029 0.104641 0.00574462
210 1 0.0680341 0.350078 0 0.000265403 0.000293755 0 -0.00113024 0.114124 0.00741666 35 -0.0611562 0.106986 0.0065269
211 1 0.105539 0.34937 0 0.000241777 0.000287823 0 0.00432582 0.120508 0.00773845 42 -0.0602659 0.109807 0.00720551
212 1 0.143035 0.348783 0 0.000217876 0.000282794 0 0.00762072 0.125202 0.0080748 47 -0.0601265 0.112374 0.00799591
135 1 0.175331 0.215764 0 0.000144945 0.000154658 0 0.022968 0.125968 0.0176881 48 -0.0496529 0.104375 0.0208415
161 1 0.177435 0.259815 0 0.000164325 0.00019261 0 0.0176817 0.127506 0.0141694 48 -0.0541409 0.108785 0.0160669
187 1 0.179159 0.304014 0 0.000180912 0.000236149 0 0.0134695 0.128338 0.010995 48 -0.057477 0.111957 0.0119829
213 1 0.180533 0.348319 0 0.000194437 0.000278686 0 0.0102409 0.128777 0.00825124 48 -0.0599178 0.114234 0.00864044
136 1 0.21331 0.215392 0 0.000125932 0.000150973 0 0.0265285 0.127487 0.0165692 48 -0.0475106 0.103149 0.0200063
137 1 0.251377 0.215137 0 0.000107906 0.000148516 0 0.0294612 0.128664 0.0149781 48 -0.0456834 0.101969 0.018401
138 1 0.289517 0.214964 0 9.02952e-05 0.00014682 0 0.0318308 0.129609 0.0130522 48 -0.0441904 0.100946 0.0162342
139 1 0.327714 0.214849 0 7.32461e-05 0.000145924 0 0.0337041 0.130376 0.0108997 48 -0.0430129 0.100116 0.0136772
162 1 0.215211 0.25942 0 0.000143491 0.00018885 0 0.0208557 0.129517 0.0135105 48 -0.0526293 0.10847 0.0157786
163 1 0.253051 0.25914 0 0.00012327 0.000186399 0 0.0235546 0.131065 0.0123995 48 -0.051243 0.107966 0.014791
164 1 0.290949 0.258944 0 0.000103416 0.000183928 0 0.0258027 0.132283 0.01094 48 -0.050042 0.107425 0.0132507
165 1 0.328895 0.25881 0 8.42263e-05 0.000182404 0 0.0276255 0.133246 0.00922555 48 -0.0490498 0.106927 0.011298
188 1 0.216783 0.303626 0 0.000158735 0.000232586 0 0.0162072 0.130774 0.0106493 48 -0.0565667 0.112474 0.0120208
189 1 0.254447 0.303343 0 0.000136723 0.000229558 0 0.0185954 0.132667 0.00990865 48 -0.0556425 0.112637 0.0114721
190 1 0.292152 0.30314 0 0.000115206 0.000227865 0 0.0206365 0.134152 0.00884296 48 -0.054779 0.112606 0.0104284
191 1 0.329891 0.302999 0 9.39054e-05 0.000226803 0 0.0223291 0.135314 0.00752588 48 -0.054024 0.112484 0.00899449
214 1 0.218043 0.347965 0 0.000170852 0.000275335 0 0.0125583 0.131559 0.00810117 48 -0.0595306 0.115457 0.0088398
215 1 0.255574 0.3477 0 0.000147611 0.000272813 0 0.0146236 0.133751 0.00762937 48 -0.0590337 0.11622 0.0085774
216 1 0.293127 0.347508 0 0.000124621 0.000270588 0 0.016429 0.135481 0.00687865 48 -0.0585018 0.116672 0.00790317
217 1 0.330704 0.347371 0 0.000101515 0.000268759 0 0.0179566 0.136832 0.00590271 48 -0.0579934 0.116922 0.00688977
140 1 0.365957 0.214774 0 5.67165e-05 0.000145211 0 0.0351376 0.130985 0.00859716 48 -0.0421197 0.0994795 0.0108557
141 1 0.404232 0.214728 0 4.01619e-05 0.000144853 0 0.0361757 0.131443 0.00619808 48 -0.0414799 0.0990221 0.00785989
142 1 0.442531 0.214701 0 2.41318e-05 0.000144634 0 0.0368504 0.131749 0.0037399 48 -0.041068 0.0987281 0.00475533
143 1 0.480842 0.214689 0 8.07275e-06 0.000144696 0 0.0371826 0.131903 0.00124997 48 -0.0408665 0.0985845 0.00159139
166 1 0.366879 0.258721 0 6.5049e-05 0.00018078 0 0.0290484 0.133991 0.0073308 48 -0.0482696 0.106514 0.00904845
167 1 0.404893 0.258664 0 4.6365e-05 0.000180394 0 0.030094 0.13454 0.00531319 48 -0.0476955 0.1062 0.00659364
168 1 0.442928 0.25863 0 2.77542e-05 0.000179448 0 0.0307804 0.134902 0.00321691 48 -0.0473189 0.10599 0.00400571
169 1 0.480975 0.258615 0 9.13002e-06 0.000179109 0 0.0311205 0.135081 0.00107696 48 -0.0471326 0.105886 0.00134323
192 1 0.367662 0.302902 0 7.27561e-05 0.000225943 0 0.0236747 0.136202 0.00602253 48 -0.0534045 0.112337 0.00726693
193 1 0.405455 0.30284 0 5.19303e-05 0.000225488 0 0.0246773 0.136848 0.00438732 48 -0.052934 0.112203 0.00532885
194 1 0.443266 0.302802 0 3.10404e-05 0.000225126 0 0.025342 0.137271 0.00266513 48 -0.0526187 0.112104 0.00325051
195 1 0.481088 0.302785 0 1.03754e-05 0.00022551 0 0.0256731 0.137479 0.000893687 48 -0.0524607 0.112052 0.00109216
218 1 0.368302 0.347276 0 7.89528e-05 0.000267216 0 0.0191916 0.13786 0.00475393 48 -0.0575499 0.117049 0.00561206
219 1 0.405917 0.347214 0 5.61764e-05 0.000266583 0 0.0201237 0.138604 0.00347933 48 -0.0571984 0.117106 0.0041396
220 1 0.443545 0.347176 0 3.36988e-05 0.000265723 0 0.0207474 0.139088 0.00211999 48 -0.0569561 0.117127 0.00253471
221 1 0.481181 0.347158 0 1.12634e-05 0.000265053 0 0.0210599 0.139326 0.00071195 48 -0.0568328 0.117132 0.000853246
144 1 0.519158 0.214689 0 -8.07275e-06 0.000144696 0 0.0371826 0.131903 -0.00124997 48 -0.0408665 0.0985845 -0.00159139
145 1 0.557469 0.214701 0 -2.41318e-05 0.000144634 0 0.0368504 0.131749 -0.0037399 48 -0.041068 0.0987281 -0.00475533
146 1 0.595768 0.214728 0 -4.01619e-05 0.000144853 0 0.0361757 0.131443 -0.00619808 48 -0.0414799 0.0990221 -0.00785989
147 1 0.634043 0.214774 0 -5.67165e-05 0.000145211 0 0.0351376 0.130985 -0.00859716 48 -0.0421197 0.0994795 -0.0108557
170 1 0.519025 0.258615 0 -9.13002e-06 0.000179109 0 0.0311205 0.135081 -0.00107696 48 -0.0471326 0.105886 -0.00134323
171 1 0.557072 0.25863 0 -2.77542e-05 0.000179448 0 0.0307804 0.134902 -0.00321691 48 -0.0473189 0.10599 -0.00400571
172 1 0.595107 0.258664 0 -4.6365e-05 0.000180394 0 0.030094 0.13454 -0.00531319 48 -0.0476955 0.1062 -0.00659364
173 1 0.633121 0.258721 0 -6.5049e-05 0.00018078 0 0.0290484 0.133991 -0.0073308 48 -0.0482696 0.106514 -0.00904845
196 1 0.518912 0.302785 0 -1.03754e-05 0.00022551 0 0.0256731 0.137479 -0.000893687 48 -0.0524607 0.112052 -0.00109216
197 1 0.556734 0.302802 0 -3.10404e-05 0.000225126 0 0.025342 0.137271 -0.00266513 48 -0.0526187 0.112104 -0.00325051
198 1 0.594545 0.30284 0 -5.19303e-05 0.000225488 0 0.0246773 0.136848 -0.00438732 48 -0.052934 0.112203 -0.00532885
199 1 0.632338 0.302902 0 -7.27561e-05 0.000225943 0 0.0236747 0.136202 -0.00602253 48 -0.0534045 0.112337 -0.00726693
222 1 0.518819 0.347158 0 -1.12634e-05 0.000265053 0 0.0210599 0.139326 -0.00071195 48 -0.0568328 0.117132 -0.000853246
223 1 0.556455 0.347176 0 -3.36988e-05 0.000265723 0 0.0207474 0.139088 -0.00211999 48 -0.0569561 0.117127 -0.00253471
224 1 0.594083 0.347214 0 -5.61764e-05 0.000266583 0 0.0201237 0.138604 -0.00347933 48 -0.0571984 0.117106 -0.0041396
225 1 0.631698 0.347276 0 -7.89528e-05 0.000267216 0 0.0191916 0.13786 -0.00475393 48 -0.0575499 0.117049 -0.00561206
148 1 0.672286 0.214849 0 -7.32461e-05 0.000145924 0 0.0337041 0.130376 -0.0108997 48 -0.0430129 0.100116 -0.0136772
149 1 0.710483 0.214964 0 -9.02952e-05 0.00014682 0 0.0318308 0.129609 -0.0130522 48 -0.0441904 0.100946 -0.0162342
150 1 0.748623 0.215137 0 -0.000107906 0.000148516 0 0.0294612 0.128664 -0.0149781 48 -0.0456834 0.101969 -0.018401
151 1 0.78669 0.215392 0 -0.000125932 0.000150973 0 0.0265285 0.127487 -0.0165692 48 -0.0475106 0.103149 -0.0200063
174 1 0.671105 0.25881 0 -8.42263e-05 0.000182404 0 0.0276255 0.133246 -0.00922555 48 -0.0490498 0.106927 -0.011298
175 1 0.709051 0.258944 0 -0.000103416 0.000183928 0 0.0258027 0.132283 -0.01094 48 -0.050042 0.107425 -0.0132507
176 1 0.746949 0.25914 0 -0.00012327 0.000186399 0 0.0235546 0.131065 -0.0123995 48 -0.051243 0.107966 -0.014791
177 1 0.784789 0.25942 0 -0.000143491 0.00018885 0 0.0208557 0.129517 -0.0135105 48 -0.0526293 0.10847 -0.0157786
200 1 0.670109 0.302999 0 -9.39054e-05 0.000226803 0 0.0223291 0.135314 -0.00752588 48 -0.054024 0.112484 -0.00899449
201 1 0.707848 0.30314 0 -0.000115206 0.000227865 0 0.0206365 0.134152 -0.00884296 48 -0.054779 0.112606 -0.0104284
202 1 0.745553 0.303343 0 -0.000136723 0.000229558 0 0.0185954 0.132667 -0.00990865 48 -0.0556425 0.112637 -0.0114721
203 1 0.783217 0.303626 0 -0.000158735 0.000232586 0 0.0162072 0.130774 -0.0106493 48 -0.0565667 0.112474 -0.0120208
226 1 0.669296 0.347371 0 -0.000101515 0.000268759 0 0.0179566 0.136832 -0.00590271 48 -0.0579934 0.116922 -0.00688977
227 1 0.706873 0.347508 0 -0.000124621 0.000270588 0 0.016429 0.135481 -0.00687865 48 -0.0585018 0.116672 -0.00790317
228 1 0.744426 0.3477 0 -0.000147611 0.000272813 0 0.0146236 0.133751 -0.00762937 48 -0.0590337 0.11622 -0.0085774
229 1 0.781957 0.347965 0 -0.000170852 0.000275335 0 0.0125583 0.131559 -0.00810117 48 -0.0595306 0.115457 -0.0088398
152 1 0.824669 0.215764 0 -0.000144945 0.000154658 0 0.022968 0.125968 -0.0176881 48 -0.0496529 0.104375 -0.0208415
178 1 0.822565 0.259815 0 -0.000164325 0.00019261 0 0.0176817 0.127506 -0.0141694 48 -0.0541409 0.108785 -0.0160669
204 1 0.820841 0.304014 0 -0.000180912 0.000236149 0 0.0134695 0.128338 -0.010995 48 -0.057477 0.111957 -0.0119829
230 1 0.819467 0.348319 0 -0.000194437 0.000278686 0 0.0102409 0.128777 -0.00825124 48 -0.0599178 0.114234 -0.00864044
153 1 0.862546 0.216295 0 -0.000164749 0.000159091 0 0.0187084 0.123884 -0.0182041 47 -0.0520289 0.105419 -0.0207276
154 1 0.900315 0.217037 0 -0.000185379 0.000165161 0 0.0139681 0.121081 -0.0182867 42 -0.0543579 0.105958 -0.020031
155 1 0.937979 0.218023 0 -0.000207224 0.000172117 0 0.00670145 0.116049 -0.0181967 35 -0.0573912 0.105856 -0.019197
156 1 0.975533 0.219233 0 -0.000229828 0.000180892 0 -0.00706295 0.106442 -0.0176661 28 -0.0628873 0.105374 -0.0176033
179 1 0.860272 0.260359 0 -0.00018571 0.000197081 0 0.01398 0.124791 -0.0143012 47 -0.0556793 0.108669 -0.0155693
180 1 0.897915 0.261089 0 -0.000207956 0.000203347 0 0.00970634 0.121098 -0.0140971 42 -0.0571205 0.107872 -0.014665
181 1 0.935499 0.26202 0 -0.000230505 0.000210961 0 0.00297736 0.115273 -0.0138074 35 -0.0592832 0.10652 -0.0137547
182 1 0.973028 0.263123 0 -0.000253874 0.000220067 0 -0.00894609 0.106013 -0.0132506 28 -0.0635349 0.105131 -0.0123967
205 1 0.858425 0.304534 0 -0.000203705 0.000240822 0 0.0103345 0.125128 -0.0109129 47 -0.0582836 0.110867 -0.0113368
206 1 0.89598 0.305208 0 -0.00022652 0.000246792 0 0.00656594 0.120827 -0.0105907 42 -0.0589938 0.109049 -0.0104334
207 1 0.933516 0.306042 0 -0.000249899 0.000253375 0 0.000484175 0.1146 -0.0102452 35 -0.0604404 0.10682 -0.0096047
208 1 0.971034 0.307002 0 -0.00027336 0.000260714 0 -0.00970762 0.105906 -0.0097552 28 -0.0636724 0.104842 -0.00854125
231 1 0.856965 0.348783 0 -0.000217876 0.000282794 0 0.00762072 0.125202 -0.0080748 47 -0.0601265 0.112374 -0.00799591
232 1 0.894461 0.34937 0 -0.000241777 0.000287823 0 0.00432582 0.120508 -0.00773845 42 -0.0602659 0.109807 -0.00720551
233 1 0.931966 0.350078 0 -0.000265403 0.000293755 0 -0.00113024 0.114124 -0.00741666 35 -0.0611562 0.106986 -0.0065269
234 1 0.969479 0.350876 0 -0.000289197 0.000301008 0 -0.00986609 0.106025 -0.00702842 28 -0.0636029 0.104641 -0.00574462
235 1 0.0316958 0.394749 0 0.000301845 0.000342498 0 -0.00974448 0.106259 0.00489827 28 -0.0634743 0.104539 0.00373901
236 1 0.0692071 0.394124 0 0.000277829 0.000337266 0 -0.00214968 0.113827 0.00518164 35 -0.0616057 0.107105 0.00428182
237 1 0.106692 0.39356 0 0.000253688 0.000331971 0 0.00277302 0.120235 0.00544274 42 -0.0611267 0.110313 0.00479306
238 1 0.144149 0.393083 0 0.000229427 0.000327114 0 0.00566811 0.125169 0.00573533 47 -0.0614113 0.113407 0.00541985
261 1 0.0325375 0.438625 0 0.000311625 0.000383804 0 -0.00953329 0.106516 0.00320513 28 -0.0633528 0.10451 0.0022986
262 1 0.0700479 0.438176 0 0.000287551 0.000379106 0 -0.00277101 0.113662 0.00339386 35 -0.0618873 0.107202 0.0026477
263 1 0.10752 0.437768 0 0.000263032 0.000375375 0 0.00174127 0.120037 0.00358111 42 -0.0616949 0.110651 0.002998
264 1 0.144951 0.437418 0 0.000238545 0.000372437 0 0.00433006 0.125107 0.00380108 47 -0.0622759 0.114097 0.00344461
287 1 0.03308 0.482503 0 0.000318901 0.000425821 0 -0.00934312 0.106727 0.00180783 28 -0.0632649 0.104515 0.00123469
288 1 0.0705898 0.482234 0 0.00029455 0.00042284 0 -0.00312246 0.113583 0.00191472 35 -0.0620536 0.107275 0.00142798
289 1 0.108055 0.481987 0 0.00026986 0.00041988 0 0.0011137 0.119911 0.00202612 42 -0.0620414 0.110863 0.00163075
290 1 0.14547 0.481774 0 0.000244885 0.00041688 0 0.00349697 0.125053 0.00216101 47 -0.0628091 0.114521 0.00189634
313 1 0.0333453 0.526385 0 0.000323638 0.000467925 0 -0.00923378 0.106844 0.000581372 28 -0.0632193 0.104526 0.000386053
314 1 0.0708549 0.526295 0 0.000299222 0.000465979 0 -0.00328001 0.113552 0.000615904 35 -0.0621308 0.107314 0.000447732
315 1 0.108316 0.526213 0 0.00027445 0.000464705 0 0.000817573 0.119851 0.000652855 42 -0.0622055 0.110964 0.000514054
316 1 0.145724 0.526141 0 0.000249153 0.00046397 0 0.003098 0.125022 0.000698263 47 -0.0630631 0.114723 0.000602091
239 1 0.181586 0.3927 0 0.000205101 0.000323314 0 0.00785923 0.129 0.00592856 48 -0.0616634 0.115847 0.00597446
265 1 0.182347 0.437132 0 0.000213628 0.000369803 0 0.00619428 0.129107 0.00396407 48 -0.0628596 0.116946 0.00386177
291 1 0.18284 0.481597 0 0.000219421 0.000414298 0 0.00514244 0.129153 0.00226742 48 -0.063606 0.11763 0.002153
317 1 0.183083 0.526082 0 0.000223748 0.000463593 0 0.00463415 0.12917 0.000735168 48 -0.063964 0.117957 0.000688618
240 1 0.219015 0.392401 0 0.000180776 0.000320343 0 0.00981256 0.132048 0.00588713 48 -0.0616986 0.11763 0.00622103
241 1 0.256447 0.392175 0 0.000156574 0.000317787 0 0.0115846 0.134483 0.00560121 48 -0.0615625 0.118892 0.00612639
242 1 0.293887 0.392007 0 0.000132199 0.000316554 0 0.013165 0.136419 0.00509414 48 -0.0613222 0.119761 0.0057131
243 1 0.331339 0.391887 0 0.000108154 0.000315234 0 0.0145268 0.137935 0.00440244 48 -0.0610389 0.120343 0.00502803
266 1 0.219721 0.436906 0 0.000188554 0.000367795 0 0.00786237 0.132344 0.00397146 48 -0.0632095 0.119143 0.00408118
267 1 0.257083 0.436733 0 0.000163512 0.000365879 0 0.00939762 0.134961 0.00380918 48 -0.0633512 0.120785 0.00406897
268 1 0.294443 0.436604 0 0.000138331 0.000364594 0 0.0107903 0.137057 0.00348833 48 -0.0633418 0.121981 0.00383245
269 1 0.331805 0.43651 0 0.000113157 0.000363169 0 0.0120094 0.138706 0.0030317 48 -0.0632416 0.122831 0.00339938
292 1 0.220179 0.481458 0 0.000194078 0.000412641 0 0.00661605 0.132512 0.00228571 48 -0.0641634 0.120097 0.00230035
293 1 0.257498 0.481349 0 0.000168236 0.000411161 0 0.00798655 0.135249 0.00220471 48 -0.0644922 0.121994 0.00231425
294 1 0.294806 0.481268 0 0.000142469 0.000410406 0 0.00924607 0.137454 0.00202877 48 -0.0646416 0.123415 0.00219552
295 1 0.33211 0.481209 0 0.00011669 0.000409817 0 0.0103619 0.139193 0.00177018 48 -0.0646692 0.124449 0.00195845
318 1 0.220405 0.526035 0 0.000197703 0.000463191 0 0.00600951 0.132586 0.000743652 48 -0.0646241 0.120557 0.000740346
319 1 0.257702 0.525998 0 0.000171782 0.00046262 0 0.00729579 0.135384 0.000719531 48 -0.0650467 0.122582 0.000748592
320 1 0.294985 0.525971 0 0.000145492 0.000462512 0 0.00848645 0.137643 0.000663868 48 -0.0652767 0.124116 0.000713038
321 1 0.332261 0.525951 0 0.000119115 0.000461943 0 0.00954836 0.139428 0.000580496 48 -0.0653698 0.125245 0.000638022
244 1 0.368803 0.391803 0 8.40436e-05 0.000315175 0 0.0156445 0.13909 0.00356522 48 -0.0607615 0.120722 0.00412532
245 1 0.406279 0.391746 0 5.99663e-05 0.00031437 0 0.0164981 0.139923 0.00261986 48 -0.0605255 0.120957 0.00305886
246 1 0.443764 0.391712 0 3.60113e-05 0.000314572 0 0.017074 0.140464 0.00160051 48 -0.0603556 0.121092 0.0018793
247 1 0.481254 0.391696 0 1.19339e-05 0.000314777 0 0.017364 0.14073 0.000538189 48 -0.060267 0.121153 0.000633665
270 1 0.369173 0.436444 0 8.79643e-05 0.000362097 0 0.0130231 0.139962 0.00246596 48 -0.0631021 0.123415 0.0028057
271 1 0.406546 0.4364 0 6.28124e-05 0.000361291 0 0.0138053 0.140869 0.00181791 48 -0.0629637 0.123799 0.00208929
272 1 0.443925 0.436373 0 3.76848e-05 0.000360658 0 0.0143368 0.141457 0.00111292 48 -0.0628559 0.12403 0.00128717
273 1 0.481308 0.43636 0 1.26359e-05 0.000360152 0 0.0146055 0.141746 0.00037462 48 -0.0627974 0.124139 0.000434599
296 1 0.369415 0.481166 0 9.07038e-05 0.000409806 0 0.0112991 0.14052 0.0014443 48 -0.0646275 0.125179 0.00162334
297 1 0.406722 0.481138 0 6.48794e-05 0.000410052 0 0.0120278 0.141479 0.00106715 48 -0.0645592 0.125669 0.00121255
298 1 0.444032 0.481121 0 3.88687e-05 0.000410011 0 0.0125258 0.142101 0.000654269 48 -0.0644963 0.125969 0.000748512
299 1 0.481344 0.481112 0 1.29056e-05 0.000410247 0 0.0127783 0.142407 0.000220396 48 -0.0644596 0.126111 0.000252974
322 1 0.369535 0.525936 0 9.27862e-05 0.00046157 0 0.0104452 0.140792 0.00047442 48 -0.0653786 0.12605 0.000530086
323 1 0.406809 0.525926 0 6.62102e-05 0.000460839 0 0.0111454 0.141777 0.000350961 48 -0.0653467 0.126595 0.000396607
324 1 0.444084 0.525921 0 3.98076e-05 0.000460618 0 0.0116254 0.142417 0.000215345 48 -0.0653072 0.126931 0.000245088
325 1 0.481361 0.525918 0 1.32773e-05 0.000460609 0 0.0118692 0.142731 7.25685e-05 48 -0.0652821 0.12709 8.28745e-05
248 1 0.518746 0.391696 0 -1.19339e-05 0.000314777 0 0.017364 0.14073 -0.000538189 48 -0.060267 0.121153 -0.000633665
249 1 0.556236 0.391712 0 -3.60113e-05 0.000314572 0 0.017074 0.140464 -0.00160051 48 -0.0603556 0.121092 -0.0018793
250 1 0.593721 0.391746 0 -5.99663e-05 0.00031437 0 0.0164981 0.139923 -0.00261986 48 -0.0605255 0.120957 -0.00305886
251 1 0.631197 0.391803 0 -8.40436e-05 0.000315175 0 0.0156445 0.13909 -0.00356522 48 -0.0607615 0.120722 -0.00412532
274 1 0.518692 0.43636 0 -1.26359e-05 0.000360152 0 0.0146055 0.141746 -0.00037462 48 -0.0627974 0.124139 -0.000434599
275 1 0.556075 0.436373 0 -3.76848e-05 0.000360658 0 0.0143368 0.141457 -0.00111292 48 -0.0628559 0.12403 -0.00128717
276 1 0.593454 0.4364 0 -6.28124e-05 0.000361291 0 0.0138053 0.140869 -0.00181791 48 -0.0629637 0.123799 -0.00208929
277 1 0.630827 0.436444 0 -8.79643e-05 0.000362097 0 0.0130231 0.139962 -0.00246596 48 -0.0631021 0.123415 -0.0028057
300 1 0.518656 0.481112 0 -1.29056e-05 0.000410247 0 0.0127783 0.142407 -0.000220396 48 -0.0644596 0.126111 -0.000252974
301 1 0.555968 0.481121 0 -3.88687e-05 0.000410011 0 0.0125258 0.142101 -0.000654269 48 -0.0644963 0.125969 -0.000748512
302 1 0.593278 0.481138 0 -6.48794e-05 0.000410052 0 0.0120278 0.141479 -0.00106715 48 -0.0645592 0.125669 -0.00121255
303 1 0.630585 0.481166 0 -9.07038e-05 0.000409806 0 0.0112991 0.14052 -0.0014443 48 -0.0646275 0.125179 -0.00162334
326 1 0.518639 0.525918 0 -1.32773e-05 0.000460609 0 0.0118692 0.142731 -7.25685e-05 48 -0.0652821 0.12709 -8.28745e-05
327 1 0.555916 0.525921 0 -3.98076e-05 0.000460618 0 0.0116254 0.142417 -0.000215345 48 -0.0653072 0.126931 -0.000245088
328 1 0.593191 0.525926 0 -6.62102e-05 0.000460839 0 0.0111454 0.141777 -0.000350961 48 -0.0653467 0.126595 -0.000396607
329 1 0.630465 0.525936 0 -9.27862e-05 0.00046157 0 0.0104452 0.140792 -0.00047442 48 -0.0653786 0.12605 -0.000530086
252 1 0.668661 0.391887 0 -0.000108154 0.000315234 0 0.0145268 0.137935 -0.00440244 48 -0.0610389 0.120343 -0.00502803
253 1 0.706113 0.392007 0 -0.000132199 0.000316554 0 0.013165 0.136419 -0.00509414 48 -0.0613222 0.119761 -0.0057131
254 1 0.743553 0.392175 0 -0.000156574 0.000317787 0 0.0115846 0.134483 -0.00560121 48 -0.0615625 0.118892 -0.00612639
255 1 0.780985 0.392401 0 -0.000180776 0.000320343 0 0.00981256 0.132048 -0.00588713 48 -0.0616986 0.11763 -0.00622103
278 1 0.668195 0.43651 0 -0.000113157 0.000363169 0 0.0120094 0.138706 -0.0030317 48 -0.0632416 0.122831 -0.00339938
279 1 0.705557 0.436604 0 -0.000138331 0.000364594 0 0.0107903 0.137057 -0.00348833 48 -0.0633418 0.121981 -0.00383245
280 1 0.742917 0.436733 0 -0.000163512 0.000365879 0 0.00939762 0.134961 -0.00380918 48 -0.0633512 0.120785 -0.00406897
281 1 0.780279 0.436906 0 -0.000188554 0.000367795 0 0.00786237 0.132344 -0.00397146 48 -0.0632095 0.119143 -0.00408118
304 1 0.66789 0.481209 0 -0.00011669 0.000409817 0 0.0103619 0.139193 -0.00177018 48 -0.0646692 0.124449 -0.00195845
305 1 0.705194 0.481268 0 -0.000142469 0.000410406 0 0.00924607 0.137454 -0.00202877 48 -0.0646416 0.123415 -0.00219552
306 1 0.742502 0.481349 0 -0.000168236 0.000411161 0 0.00798655 0.135249 -0.00220471 48 -0.0644922 0.121994 -0.00231425
307 1 0.779821 0.481458 0 -0.000194078 0.000412641 0 0.00661605 0.132512 -0.00228571 48 -0.0641634 0.120097 -0.00230035
330 1 0.667739 0.525951 0 -0.000119115 0.000461943 0 0.00954836 0.139428 -0.000580496 48 -0.0653698 0.125245 -0.000638022
331 1 0.705015 0.525971 0 -0.000145492 0.000462512 0 0.00848645 0.137643 -0.000663868 48 -0.0652767 0.124116 -0.000713038
332 1 0.742298 0.525998 0 -0.000171782 0.00046262 0 0.00729579 0.135384 -0.000719531 48 -0.0650467 0.122582 -0.000748592
333 1 0.779595 0.526035 0 -0.000197703 0.000463191 0 0.00600951 0.132586 -0.000743652 48 -0.0646241 0.120557 -0.000740346
256 1 0.818414 0.3927 0 -0.000205101 0.000323314 0 0.00785923 0.129 -0.00592856 48 -0.0616634 0.115847 -0.00597446
282 1 0.817653 0.437132 0 -0.000213628 0.000369803 0 0.00619428 0.129107 -0.00396407 48 -0.0628596 0.116946 -0.00386177
308 1 0.81716 0.481597 0 -0.000219421 0.000414298 0 0.00514244 0.129153 -0.00226742 48 -0.063606 0.11763 -0.002153
334 1 0.816917 0.526082 0 -0.000223748 0.000463593 0 0.00463415 0.12917 -0.000735168 48 -0.063964 0.117957 -0.000688618
257 1 0.855851 0.393083 0 -0.000229427 0.000327114 0 0.00566811 0.125169 -0.00573533 47 -0.0614113 0.113407 -0.00541985
258 1 0.893308 0.39356 0 -0.000253688 0.000331971 0 0.00277302 0.120235 -0.00544274 42 -0.0611267 0.110313 -0.00479306
259 1 0.930793 0.394124 0 -0.000277829 0.000337266 0 -0.00214968 0.113827 -0.00518164 35 -0.0616057 0.107105 -0.00428182
260 1 0.968304 0.394749 0 -0.000301845 0.000342498 0 -0.00974448 0.106259 -0.00489827 28 -0.0634743 0.104539 -0.00373901
283 1 0.855049 0.437418 0 -0.000238545 0.000372437 0 0.00433006 0.125107 -0.00380108 47 -0.0622759 0.114097 -0.00344461
284 1 0.89248 0.437768 0 -0.000263032 0.000375375 0 0.00174127 0.120037 -0.00358111 42 -0.0616949 0.110651 -0.002998
285 1 0.929952 0.438176 0 -0.000287551 0.000379106 0 -0.00277101 0.113662 -0.00339386 35 -0.0618873 0.107202 -0.0026477
286 1 0.967463 0.438625 0 -0.000311625 0.000383804 0 -0.00953329 0.106516 -0.00320513 28 -0.0633528 0.10451 -0.0022986
309 1 0.85453 0.481774 0 -0.000244885 0.00041688 0 0.00349697 0.125053 -0.00216101 47 -0.0628091 0.114521 -0.00189634
310 1 0.891945 0.481987 0 -0.00026986 0.00041988 0 0.0011137 0.119911 -0.00202612 42 -0.0620414 0.110863 -0.00163075
311 1 0.92941 0.482234 0 -0.00029455 0.00042284 0 -0.00312246 0.113583 -0.00191472 35 -0.0620536 0.107275 -0.00142798
312 1 0.96692 0.482503 0 -0.000318901 0.000425821 0 -0.00934312 0.106727 -0.00180783 28 -0.0632649 0.104515 -0.00123469
335 1 0.854276 0.526141 0 -0.000249153 0.00046397 0 0.003098 0.125022 -0.000698263 47 -0.0630631 0.114723 -0.000602091
336 1 0.891684 0.526213 0 -0.00027445 0.000464705 0 0.000817573 0.119851 -0.000652855 42 -0.0622055 0.110964 -0.000514054
337 1 0.929145 0.526295 0 -0.000299222 0.000465979 0 -0.00328001 0.113552 -0.000615904 35 -0.0621308 0.107314 -0.000447732
338 1 0.966655 0.526385 0 -0.000323638 0.000467925 0 -0.00923378 0.106844 -0.000581372 28 -0.0632193 0.104526 -0.000386053
339 2 0.0333445 0.570267 0 0.000326044 0.000510381 0 -0.00923208 0.106844 -0.000589131 28 -0.0632181 0.104525 -0.000392479
340 2 0.0708541 0.570358 0 0.000301388 0.000510104 0 -0.00327905 0.113551 -0.000623503 35 -0.0621297 0.107312 -0.000454078
341 2 0.108316 0.570441 0 0.000276377 0.000509728 0 0.000818094 0.119849 -0.000660108 42 -0.0622045 0.110962 -0.000520043
342 2 0.145723 0.570513 0 0.000251044 0.00050906 0 0.00309841 0.12502 -0.000705152 47 -0.063062 0.114721 -0.000607762
365 2 0.0330776 0.614148 0 0.00032576 0.000552655 0 -0.00933772 0.106727 -0.00181505 28 -0.0632612 0.104512 -0.00124065
366 2 0.0705875 0.614418 0 0.000301014 0.000553623 0 -0.00311964 0.11358 -0.00192173 35 -0.0620505 0.107271 -0.00143378
367 2 0.108053 0.614666 0 0.000276185 0.000554984 0 0.00111519 0.119907 -0.00203278 42 -0.0620384 0.110857 -0.00163618
368 2 0.145468 0.614881 0 0.000250447 0.000556558 0 0.00349816 0.125048 -0.0021673 47 -0.0628057 0.114515 -0.00190144
391 2 0.0325336 0.658027 0 0.000322735 0.000595463 0 -0.00952477 0.106517 -0.00321119 28 -0.0633469 0.104505 -0.00230349
392 2 0.0700442 0.658476 0 0.000298076 0.000598138 0 -0.0027666 0.113658 -0.00339972 35 -0.0618824 0.107196 -0.00265241
393 2 0.107517 0.658886 0 0.000272721 0.000600399 0 0.00174355 0.12003 -0.00358662 42 -0.06169 0.110643 -0.00300232
394 2 0.144948 0.659236 0 0.000247624 0.00060247 0 0.00433182 0.125098 -0.00380622 47 -0.0622704 0.114087 -0.0034486
417 2 0.0316907 0.701902 0 0.00031663 0.000637674 0 -0.00973318 0.106259 -0.00490273 28 -0.0634663 0.104532 -0.00374247
418 2 0.0692023 0.702529 0 0.000291768 0.000641753 0 -0.00214414 0.113821 -0.00518582 35 -0.0615991 0.107096 -0.00428492
419 2 0.106688 0.703093 0 0.000266862 0.000645584 0 0.00277577 0.120226 -0.00544655 42 -0.0611202 0.110302 -0.00479574
420 2 0.144145 0.70357 0 0.000241412 0.000649173 0 0.00567015 0.125157 -0.0057388 47 -0.061404 0.113393 -0.00542218
343 2 0.183082 0.570573 0 0.000225114 0.000508355 0 0.0046346 0.129167 -0.000741596 48 -0.0639626 0.117955 -0.000693909
369 2 0.182839 0.615058 0 0.000224911 0.000558108 0 0.00514365 0.129147 -0.00227327 48 -0.0636021 0.117623 -0.00215773
395 2 0.182344 0.659523 0 0.000221494 0.000603758 0 0.00619609 0.129096 -0.00396881 48 -0.0628534 0.116934 -0.00386541
421 2 0.181582 0.703954 0 0.000216174 0.000652521 0 0.00786129 0.128986 -0.00593169 48 -0.0616552 0.115831 -0.00597649
344 2 0.220404 0.570621 0 0.000199157 0.00050817 0 0.00600999 0.132584 -0.000749488 48 -0.0646226 0.120554 -0.000745117
345 2 0.257702 0.570658 0 0.000172721 0.000507995 0 0.00729632 0.135381 -0.000724689 48 -0.0650451 0.122579 -0.00075277
346 2 0.294985 0.570686 0 0.000146406 0.000508123 0 0.00848701 0.13764 -0.000668283 48 -0.065275 0.124113 -0.000716573
347 2 0.332261 0.570707 0 0.000119779 0.000508371 0 0.00954893 0.139425 -0.000584137 48 -0.065368 0.125242 -0.000640907
370 2 0.220178 0.615198 0 0.000198713 0.00055962 0 0.00661732 0.132505 -0.00229101 48 -0.0641591 0.120089 -0.00230459
371 2 0.257497 0.615307 0 0.000172468 0.000560523 0 0.00798788 0.135242 -0.00220938 48 -0.0644875 0.121986 -0.00231794
372 2 0.294805 0.615389 0 0.000146057 0.000561468 0 0.00924746 0.137446 -0.00203276 48 -0.0646367 0.123405 -0.00219864
373 2 0.332109 0.615448 0 0.000119636 0.000561754 0 0.0103634 0.139185 -0.00177346 48 -0.0646641 0.12444 -0.00196099
396 2 0.219718 0.659749 0 0.000195778 0.000605281 0 0.0078643 0.132333 -0.00397572 48 -0.0632027 0.11913 -0.0040844
397 2 0.257081 0.659922 0 0.000169607 0.000606137 0 0.00939966 0.134949 -0.00381292 48 -0.0633438 0.120771 -0.00407175
398 2 0.294441 0.660052 0 0.000143536 0.000607614 0 0.0107925 0.137045 -0.0034915 48 -0.063334 0.121966 -0.00383477
399 2 0.331803 0.660146 0 0.000117336 0.000608497 0 0.0120116 0.138692 -0.00303431 48 -0.0632334 0.122815 -0.00340125
422 2 0.219011 0.704254 0 0.000190367 0.000655348 0 0.00981476 0.132032 -0.00588989 48 -0.0616896 0.117613 -0.00622274
423 2 0.256444 0.70448 0 0.000165081 0.000657625 0 0.011587 0.134466 -0.00560359 48 -0.0615528 0.118873 -0.00612781
424 2 0.293884 0.704648 0 0.000139281 0.000659085 0 0.0131674 0.136402 -0.00509615 48 -0.0613119 0.119741 -0.00571425
425 2 0.331337 0.704769 0 0.000114112 0.000660286 0 0.0145293 0.137917 -0.00440407 48 -0.0610281 0.120322 -0.00502892
348 2 0.369534 0.570721 0 9.31943e-05 0.000508909 0 0.0104458 0.140789 -0.000477266 48 -0.0653767 0.126047 -0.00053232
349 2 0.406808 0.570731 0 6.65902e-05 0.000509542 0 0.0111461 0.141775 -0.000352999 48 -0.0653449 0.126592 -0.000398194
350 2 0.444084 0.570738 0 3.99345e-05 0.000509661 0 0.0116261 0.142414 -0.000216571 48 -0.0653054 0.126927 -0.000246037
351 2 0.481361 0.570741 0 1.33e-05 0.00050957 0 0.0118699 0.142728 -7.29772e-05 48 -0.0652802 0.127087 -8.31903e-05
374 2 0.369414 0.615491 0 9.3012e-05 0.000561957 0 0.0113006 0.140512 -0.00144686 48 -0.0646222 0.125169 -0.0016253
375 2 0.406721 0.61552 0 6.66257e-05 0.000561988 0 0.0120293 0.14147 -0.00106897 48 -0.0645537 0.125659 -0.00121393
376 2 0.444031 0.615537 0 3.97968e-05 0.000562337 0 0.0125272 0.142092 -0.000655367 48 -0.0644907 0.125959 -0.000749338
377 2 0.481343 0.615546 0 1.34254e-05 0.000562748 0 0.0127798 0.142398 -0.00022076 48 -0.064454 0.1261 -0.000253246
400 2 0.369171 0.660213 0 9.13537e-05 0.000609607 0 0.0130254 0.139948 -0.002468 48 -0.0630935 0.123399 -0.00280714
401 2 0.406545 0.660257 0 6.48994e-05 0.000610197 0 0.0138076 0.140854 -0.00181937 48 -0.062955 0.123783 -0.00209031
402 2 0.443925 0.660285 0 3.93618e-05 0.000610161 0 0.0143392 0.141442 -0.0011138 48 -0.062847 0.124013 -0.00128778
403 2 0.481308 0.660298 0 1.26771e-05 0.00061004 0 0.0146079 0.141731 -0.000374912 48 -0.0627884 0.124121 -0.000434801
426 2 0.368802 0.704854 0 8.83596e-05 0.000660913 0 0.0156471 0.139071 -0.00356648 48 -0.0607503 0.1207 -0.00412599
427 2 0.406278 0.70491 0 6.35292e-05 0.000661858 0 0.0165008 0.139904 -0.00262075 48 -0.060514 0.120935 -0.00305931
428 2 0.443763 0.704945 0 3.74933e-05 0.000662688 0 0.0170767 0.140444 -0.00160104 48 -0.0603439 0.12107 -0.00187957
429 2 0.481254 0.704961 0 1.31042e-05 0.000663295 0 0.0173667 0.14071 -0.000538368 48 -0.0602552 0.121131 -0.000633756
352 2 0.518639 0.570741 0 -1.33e-05 0.00050957 0 0.0118699 0.142728 7.29772e-05 48 -0.0652802 0.127087 8.31903e-05
353 2 0.555916 0.570738 0 -3.99345e-05 0.000509661 0 0.0116261 0.142414 0.000216571 48 -0.0653054 0.126927 0.000246037
354 2 0.593192 0.570731 0 -6.65902e-05 0.000509542 0 0.0111461 0.141775 0.000352999 48 -0.0653449 0.126592 0.000398194
355 2 0.630466 0.570721 0 -9.31943e-05 0.000508909 0 0.0104458 0.140789 0.000477266 48 -0.0653767 0.126047 0.00053232
378 2 0.518657 0.615546 0 -1.34254e-05 0.000562748 0 0.0127798 0.142398 0.00022076 48 -0.064454 0.1261 0.000253246
379 2 0.555969 0.615537 0 -3.97968e-05 0.000562337 0 0.0125272 0.142092 0.000655367 48 -0.0644907 0.125959 0.000749338
380 2 0.593279 0.61552 0 -6.66257e-05 0.000561988 0 0.0120293 0.14147 0.00106897 48 -0.0645537 0.125659 0.00121393
381 2 0.630586 0.615491 0 -9.3012e-05 0.000561957 0 0.0113006 0.140512 0.00144686 48 -0.0646222 0.125169 0.0016253
404 2 0.518692 0.660298 0 -1.26771e-05 0.00061004 0 0.0146079 0.141731 0.000374912 48 -0.0627884 0.124121 0.000434801
405 2 0.556075 0.660285 0 -3.93618e-05 0.000610161 0 0.0143392 0.141442 0.0011138 48 -0.062847 0.124013 0.00128778
406 2 0.593455 0.660257 0 -6.48994e-05 0.000610197 0 0.0138076 0.140854 0.00181937 48 -0.062955 0.123783 0.00209031
407 2 0.630829 0.660213 0 -9.13537e-05 0.000609607 0 0.0130254 0.139948 0.002468 48 -0.0630935 0.123399 0.00280714
430 2 0.518746 0.704961 0 -1.31042e-05 0.000663295 0 0.0173667 0.14071 0.000538368 48 -0.0602552 0.121131 0.000633756
431 2 0.556237 0.704945 0 -3.74933e-05 0.000662688 0 0.0170767 0.140444 0.00160104 48 -0.0603439 0.12107 0.00187957
432 2 0.593722 0.70491 0 -6.35292e-05 0.000661858 0 0.0165008 0.139904 0.00262075 48 -0.060514 0.120935 0.00305931
433 2 0.631198 0.704854 0 -8.83596e-05 0.000660913 0 0.0156471 0.139071 0.00356648 48 -0.0607503 0.1207 0.00412599
356 2 0.667739 0.570707 0 -0.000119779 0.000508371 0 0.00954893 0.139425 0.000584137 48 -0.065368 0.125242 0.000640907
357 2 0.705015 0.570686 0 -0.000146406 0.000508123 0 0.00848701 0.13764 0.000668283 48 -0.065275 0.124113 0.000716573
358 2 0.742298 0.570658 0 -0.000172721 0.000507995 0 0.00729632 0.135381 0.000724689 48 -0.0650451 0.122579 0.00075277
359 2 0.779596 0.570621 0 -0.000199157 0.00050817 0 0.00600999 0.132584 0.000749488 48 -0.0646226 0.120554 0.000745117
382 2 0.667891 0.615448 0 -0.000119636 0.000561754 0 0.0103634 0.139185 0.00177346 48 -0.0646641 0.12444 0.00196099
383 2 0.705195 0.615389 0 -0.000146057 0.000561468 0 0.00924746 0.137446 0.00203276 48 -0.0646367 0.123405 0.00219864
384 2 0.742503 0.615307 0 -0.000172468 0.000560523 0 0.00798788 0.135242 0.00220938 48 -0.0644875 0.121986 0.00231794
385 2 0.779822 0.615198 0 -0.000198713 0.00055962 0 0.00661732 0.132505 0.00229101 48 -0.0641591 0.120089 0.00230459
408 2 0.668197 0.660146 0 -0.000117336 0.000608497 0 0.0120116 0.138692 0.00303431 48 -0.0632334 0.122815 0.00340125
409 2 0.705559 0.660052 0 -0.000143536 0.000607614 0 0.0107925 0.137045 0.0034915 48 -0.063334 0.121966 0.00383477
410 2 0.742919 0.659922 0 -0.000169607 0.000606137 0 0.00939966 0.134949 0.00381292 48 -0.0633438 0.120771 0.00407175
411 2 0.780282 0.659749 0 -0.000195778 0.000605281 0 0.0078643 0.132333 0.00397572 48 -0.0632027 0.11913 0.0040844
434 2 0.668663 0.704769 0 -0.000114112 0.000660286 0 0.0145293 0.137917 0.00440407 48 -0.0610281 0.120322 0.00502892
435 2 0.706116 0.704648 0 -0.000139281 0.000659085 0 0.0131674 0.136402 0.00509615 48 -0.0613119 0.119741 0.00571425
436 2 0.743556 0.70448 0 -0.000165081 0.000657625 0 0.011587 0.134466 0.00560359 48 -0.0615528 0.118873 0.00612781
437 2 0.780989 0.704254 0 -0.000190367 0.000655348 0 0.00981476 0.132032 0.00588989 48 -0.0616896 0.117613 0.00622274
360 2 0.816918 0.570573 0 -0.000225114 0.000508355 0 0.0046346 0.129167 0.000741596 48 -0.0639626 0.117955 0.000693909
386 2 0.817161 0.615058 0 -0.000224911 0.000558108 0 0.00514365 0.129147 0.00227327 48 -0.0636021 0.117623 0.00215773
412 2 0.817656 0.659523 0 -0.000221494 0.000603758 0 0.00619609 0.129096 0.00396881 48 -0.0628534 0.116934 0.00386541
438 2 0.818418 0.703954 0 -0.000216174 0.000652521 0 0.00786129 0.128986 0.00593169 48 -0.0616552 0.115831 0.00597649
361 2 0.854277 0.570513 0 -0.000251044 0.00050906 0 0.00309841 0.12502 0.000705152 47 -0.063062 0.114721 0.000607762
362 2 0.891684 0.570441 0 -0.000276377 0.000509728 0 0.000818094 0.119849 0.000660108 42 -0.0622045 0.110962 0.000520043
363 2 0.929146 0.570358 0 -0.000301388 0.000510104 0 -0.00327905 0.113551 0.000623503 35 -0.0621297 0.107312 0.000454078
364 2 0.966655 0.570267 0 -0.000326044 0.000510381 0 -0.00923208 0.106844 0.000589131 28 -0.0632181 0.104525 0.000392479
387 2 0.854532 0.614881 0 -0.000250447 0.000556558 0 0.00349816 0.125048 0.0021673 47 -0.0628057 0.114515 0.00190144
388 2 0.891947 0.614666 0 -0.000276185 0.000554984 0 0.00111519 0.119907 0.00203278 42 -0.0620384 0.110857 0.00163618
389 2 0.929412 0.614418 0 -0.000301014 0.000553623 0 -0.00311964 0.11358 0.00192173 35 -0.0620505 0.107271 0.00143378
390 2 0.966922 0.614148 0 -0.00032576 0.000552655 0 -0.00933772 0.106727 0.00181505 28 -0.0632612 0.104512 0.00124065
413 2 0.855052 0.659236 0 -0.000247624 0.00060247 0 0.00433182 0.125098 0.00380622 47 -0.0622704 0.114087 0.0034486
414 2 0.892483 0.658886 0 -0.000272721 0.000600399 0 0.00174355 0.12003 0.00358662 42 -0.06169 0.110643 0.00300232
415 2 0.929956 0.658476 0 -0.000298076 0.000598138 0 -0.0027666 0.113658 0.00339972 35 -0.0618824 0.107196 0.00265241
416 2 0.967466 0.658027 0 -0.000322735 0.000595463 0 -0.00952477 0.106517 0.00321119 28 -0.0633469 0.104505 0.00230349
439 2 0.855855 0.70357 0 -0.000241412 0.000649173 0 0.00567015 0.125157 0.0057388 47 -0.061404 0.113393 0.00542218
440 2 0.893312 0.703093 0 -0.000266862 0.000645584 0 0.00277577 0.120226 0.00544655 42 -0.0611202 0.110302 0.00479574
441 2 0.930798 0.702529 0 -0.000291768 0.000641753 0 -0.00214414 0.113821 0.00518582 35 -0.0615991 0.107096 0.00428492
442 2 0.968309 0.701902 0 -0.00031663 0.000637674 0 -0.00973318 0.106259 0.00490273 28 -0.0634663 0.104532 0.00374247
443 2 0.0305149 0.745775 0 0.00030695 0.000680288 0 -0.00985294 0.106024 -0.00703067 28 -0.0635932 0.104632 -0.00574598
444 2 0.0680283 0.746574 0 0.00028219 0.00068588 0 -0.00112403 0.114117 -0.00741863 35 -0.0611483 0.106975 -0.00652784
445 2 0.105533 0.747282 0 0.000257147 0.000690872 0 0.00432866 0.120496 -0.00774011 42 -0.0602582 0.109793 -0.00720606
446 2 0.14303 0.74787 0 0.000232321 0.00069534 0 0.00762271 0.125187 -0.00807619 47 -0.0601179 0.112358 -0.00799616
469 2 0.0289597 0.789649 0 0.000293173 0.000722457 0 -0.00969364 0.105905 -0.00975491 28 -0.0636615 0.104831 -0.00854013
470 2 0.0664775 0.79061 0 0.000268389 0.000729471 0 0.000490433 0.114591 -0.0102446 35 -0.0604317 0.106807 -0.00960308
471 2 0.104014 0.791444 0 0.000243894 0.000735507 0 0.00656845 0.120813 -0.0105899 42 -0.0589854 0.109033 -0.0104314
472 2 0.141569 0.792118 0 0.000219238 0.000740686 0 0.0103361 0.125112 -0.0109119 47 -0.0582743 0.110849 -0.0113345
495 2 0.0269654 0.833528 0 0.000274651 0.000764593 0 -0.00893234 0.106012 -0.0132473 28 -0.0635236 0.105119 -0.0123926
496 2 0.0644942 0.834631 0 0.000249983 0.000772807 0 0.00298309 0.115264 -0.013804 35 -0.0592743 0.106507 -0.0137501
497 2 0.102079 0.835562 0 0.000225805 0.00077958 0 0.00970849 0.121085 -0.0140937 42 -0.0571119 0.107856 -0.0146603
498 2 0.139722 0.836292 0 0.000202207 0.0007855 0 0.0139814 0.124774 -0.0142977 47 -0.0556698 0.10865 -0.0155644
521 2 0.0244601 0.877417 0 0.000250457 0.000806262 0 -0.00705062 0.10644 -0.0176599 28 -0.0628768 0.105362 -0.0175959
522 2 0.062015 0.878628 0 0.000226201 0.000815371 0 0.00670696 0.116042 -0.0181906 35 -0.0573828 0.105843 -0.0191894
523 2 0.099679 0.879614 0 0.000202792 0.000822957 0 0.0139707 0.12107 -0.0182807 42 -0.0543497 0.105943 -0.0200235
524 2 0.137449 0.880356 0 0.000180393 0.000828593 0 0.0187105 0.12387 -0.0181983 47 -0.0520198 0.105402 -0.0207201
447 2 0.180528 0.748334 0 0.000207068 0.000698383 0 0.0102429 0.12876 -0.00825238 48 -0.0599082 0.114216 -0.00864045
473 2 0.179154 0.792638 0 0.000195164 0.000745197 0 0.0134712 0.128319 -0.0109939 48 -0.0574665 0.111936 -0.0119805
499 2 0.177429 0.836837 0 0.000179012 0.000789576 0 0.0176831 0.127487 -0.014166 48 -0.0541303 0.108764 -0.0160621
525 2 0.175326 0.880887 0 0.0001589 0.000833244 0 0.0229702 0.125952 -0.0176824 48 -0.0496427 0.104356 -0.0208342
448 2 0.218039 0.748689 0 0.000182453 0.000701202 0 0.0125604 0.131541 -0.0081021 48 -0.05952 0.115437 -0.00883965
449 2 0.25557 0.748954 0 0.000157344 0.000703282 0 0.0146258 0.133732 -0.00763012 48 -0.0590223 0.116198 -0.00857716
450 2 0.293124 0.749147 0 0.000133068 0.000705212 0 0.0164313 0.13546 -0.00687924 48 -0.0584896 0.116648 -0.00790287
451 2 0.330701 0.749284 0 0.000108288 0.000706693 0 0.0179591 0.13681 -0.00590316 48 -0.0579806 0.116897 -0.00688946
474 2 0.216778 0.793027 0 0.000171019 0.000748649 0 0.0162089 0.130754 -0.0106482 48 -0.0565552 0.112451 -0.0120184
475 2 0.254443 0.793311 0 0.000147632 0.000751395 0 0.0185973 0.132645 -0.00990755 48 -0.05563 0.112613 -0.0114699
476 2 0.292148 0.793514 0 0.000124169 0.000753385 0 0.0206385 0.134129 -0.00884195 48 -0.0547658 0.11258 -0.0104264
477 2 0.329889 0.793656 0 0.000101354 0.000754809 0 0.0223312 0.135289 -0.00752501 48 -0.0540101 0.112457 -0.00899279
500 2 0.215206 0.837232 0 0.000156578 0.000792961 0 0.0208572 0.129496 -0.0135072 48 -0.0526175 0.108447 -0.015774
501 2 0.253047 0.837513 0 0.000134464 0.000795622 0 0.0235563 0.131042 -0.0123965 48 -0.0512303 0.107942 -0.0147868
502 2 0.290946 0.837709 0 0.000113007 0.000797355 0 0.0258044 0.132259 -0.0109374 48 -0.0500285 0.107398 -0.013247
503 2 0.328892 0.837843 0 9.18179e-05 0.000798815 0 0.0276273 0.13322 -0.00922332 48 -0.0490355 0.1069 -0.0112948
526 2 0.213306 0.881259 0 0.000138197 0.000836297 0 0.0265309 0.127469 -0.0165639 48 -0.0474994 0.103128 -0.0199994
527 2 0.251373 0.881515 0 0.000118472 0.000838894 0 0.0294636 0.128645 -0.0149733 48 -0.0456712 0.101947 -0.0183947
528 2 0.289513 0.881688 0 9.90983e-05 0.000840595 0 0.0318334 0.129588 -0.0130481 48 -0.0441774 0.100922 -0.0162287
529 2 0.327711 0.881803 0 8.06324e-05 0.000842153 0 0.0337067 0.130353 -0.0108962 48 -0.0429992 0.100091 -0.0136725
452 2 0.3683 0.749379 0 8.43823e-05 0.000707908 0 0.0191941 0.137838 -0.00475427 48 -0.0575366 0.117023 -0.00561178
453 2 0.405915 0.749442 0 5.97244e-05 0.00070821 0 0.0201263 0.138581 -0.00347957 48 -0.0571848 0.117079 -0.00413939
454 2 0.443544 0.74948 0 3.63801e-05 0.000708195 0 0.0207501 0.139064 -0.00212013 48 -0.0569423 0.1171 -0.00253458
455 2 0.48118 0.749497 0 1.15546e-05 0.000708107 0 0.0210625 0.139302 -0.000711995 48 -0.0568188 0.117105 -0.000853199
478 2 0.367659 0.793752 0 7.83623e-05 0.000756014 0 0.0236769 0.136177 -0.00602182 48 -0.05339 0.112309 -0.00726555
479 2 0.405454 0.793815 0 5.61382e-05 0.000757207 0 0.0246796 0.136822 -0.00438679 48 -0.0529191 0.112174 -0.00532783
480 2 0.443265 0.793852 0 3.31744e-05 0.000758249 0 0.0253444 0.137244 -0.00266481 48 -0.0526035 0.112075 -0.00324989
481 2 0.481087 0.79387 0 1.14683e-05 0.000758674 0 0.0256756 0.137453 -0.000893578 48 -0.0524454 0.112022 -0.00109195
504 2 0.366877 0.837933 0 7.11999e-05 0.000799767 0 0.0290503 0.133965 -0.00732902 48 -0.0482547 0.106485 -0.00904591
505 2 0.404892 0.83799 0 5.04713e-05 0.000799785 0 0.0300959 0.134513 -0.0053119 48 -0.0476801 0.10617 -0.00659179
506 2 0.442927 0.838023 0 3.05688e-05 0.00080003 0 0.0307824 0.134874 -0.00321613 48 -0.0473032 0.10596 -0.00400459
507 2 0.480974 0.838039 0 9.82842e-06 0.000800007 0 0.0311224 0.135054 -0.0010767 48 -0.0471168 0.105856 -0.00134286
530 2 0.365955 0.881878 0 6.20071e-05 0.000843178 0 0.0351403 0.130961 -0.00859436 48 -0.0421054 0.0994532 -0.0108519
531 2 0.404231 0.881925 0 4.4401e-05 0.000844136 0 0.0361784 0.131418 -0.00619605 48 -0.0414651 0.0989952 -0.0078572
532 2 0.44253 0.881952 0 2.61894e-05 0.000845009 0 0.0368531 0.131724 -0.00373868 48 -0.0410528 0.0987006 -0.0047537
533 2 0.480842 0.881964 0 9.04006e-06 0.000844993 0 0.0371854 0.131878 -0.00124956 48 -0.0408511 0.0985568 -0.00159084
456 2 0.51882 0.749497 0 -1.15546e-05 0.000708107 0 0.0210625 0.139302 0.000711995 48 -0.0568188 0.117105 0.000853199
457 2 0.556456 0.74948 0 -3.63801e-05 0.000708195 0 0.0207501 0.139064 0.00212013 48 -0.0569423 0.1171 0.00253458
458 2 0.594085 0.749442 0 -5.97244e-05 0.00070821 0 0.0201263 0.138581 0.00347957 48 -0.0571848 0.117079 0.00413939
459 2 0.6317 0.749379 0 -8.43823e-05 0.000707908 0 0.0191941 0.137838 0.00475427 48 -0.0575366 0.117023 0.00561178
482 2 0.518913 0.79387 0 -1.14683e-05 0.000758674 0 0.0256756 0.137453 0.000893578 48 -0.0524454 0.112022 0.00109195
483 2 0.556735 0.793852 0 -3.31744e-05 0.000758249 0 0.0253444 0.137244 0.00266481 48 -0.0526035 0.112075 0.00324989
484 2 0.594546 0.793815 0 -5.61382e-05 0.000757207 0 0.0246796 0.136822 0.00438679 48 -0.0529191 0.112174 0.00532783
485 2 0.632341 0.793752 0 -7.83623e-05 0.000756014 0 0.0236769 0.136177 0.00602182 48 -0.05339 0.112309 0.00726555
508 2 0.519026 0.838039 0 -9.82842e-06 0.000800007 0 0.0311224 0.135054 0.0010767 48 -0.0471168 0.105856 0.00134286
509 2 0.557073 0.838023 0 -3.05688e-05 0.00080003 0 0.0307824 0.134874 0.00321613 48 -0.0473032 0.10596 0.00400459
510 2 0.595108 0.83799 0 -5.04713e-05 0.000799785 0 0.0300959 0.134513 0.0053119 48 -0.0476801 0.10617 0.00659179
511 2 0.633123 0.837933 0 -7.11999e-05 0.000799767 0 0.0290503 0.133965 0.00732902 48 -0.0482547 0.106485 0.00904591
534 2 0.519158 0.881964 0 -9.04006e-06 0.000844993 0 0.0371854 0.131878 0.00124956 48 -0.0408511 0.0985568 0.00159084
535 2 0.55747 0.881952 0 -2.61894e-05 0.000845009 0 0.0368531 0.131724 0.00373868 48 -0.0410528 0.0987006 0.0047537
536 2 0.595769 0.881925 0 -4.4401e-05 0.000844136 0 0.0361784 0.131418 0.00619605 48 -0.0414651 0.0989952 0.0078572
537 2 0.634045 0.881878 0 -6.20071e-05 0.000843178 0 0.0351403 0.130961 0.00859436 48 -0.0421054 0.0994532 0.0108519
460 2 0.669299 0.749284 0 -0.000108288 0.000706693 0 0.0179591 0.13681 0.00590316 48 -0.0579806 0.116897 0.00688946
461 2 0.706876 0.749147 0 -0.000133068 0.000705212 0 0.0164313 0.13546 0.00687924 48 -0.0584896 0.116648 0.00790287
462 2 0.74443 0.748954 0 -0.000157344 0.000703282 0 0.0146258 0.133732 0.00763012 48 -0.0590223 0.116198 0.00857716
463 2 0.781961 0.748689 0 -0.000182453 0.000701202 0 0.0125604 0.131541 0.0081021 48 -0.05952 0.115437 0.00883965
486 2 0.670111 0.793656 0 -0.000101354 0.000754809 0 0.0223312 0.135289 0.00752501 48 -0.0540101 0.112457 0.00899279
487 2 0.707852 0.793514 0 -0.000124169 0.000753385 0 0.0206385 0.134129 0.00884195 48 -0.0547658 0.11258 0.0104264
488 2 0.745557 0.793311 0 -0.000147632 0.000751395 0 0.0185973 0.132645 0.00990755 48 -0.05563 0.112613 0.0114699
489 2 0.783222 0.793027 0 -0.000171019 0.000748649 0 0.0162089 0.130754 0.0106482 48 -0.0565552 0.112451 0.0120184
512 2 0.671108 0.837843 0 -9.18179e-05 0.000798815 0 0.0276273 0.13322 0.00922332 48 -0.0490355 0.1069 0.0112948
513 2 0.709054 0.837709 0 -0.000113007 0.000797355 0 0.0258044 0.132259 0.0109374 48 -0.0500285 0.107398 0.013247
514 2 0.746953 0.837513 0 -0.000134464 0.000795622 0 0.0235563 0.131042 0.0123965 48 -0.0512303 0.107942 0.0147868
515 2 0.784794 0.837232 0 -0.000156578 0.000792961 0 0.0208572 0.129496 0.0135072 48 -0.0526175 0.108447 0.015774
538 2 0.672289 0.881803 0 -8.06324e-05 0.000842153 0 0.0337067 0.130353 0.0108962 48 -0.0429992 0.100091 0.0136725
539 2 0.710487 0.881688 0 -9.90983e-05 0.000840595 0 0.0318334 0.129588 0.0130481 48 -0.0441774 0.100922 0.0162287
540 2 0.748627 0.881515 0 -0.000118472 0.000838894 0 0.0294636 0.128645 0.0149733 48 -0.0456712 0.101947 0.0183947
541 2 0.786694 0.881259 0 -0.000138197 0.000836297 0 0.0265309 0.127469 0.0165639 48 -0.0474994 0.103128 0.0199994
464 2 0.819472 0.748334 0 -0.000207068 0.000698383 0 0.0102429 0.12876 0.00825238 48 -0.0599082 0.114216 0.00864045
490 2 0.820846 0.792638 0 -0.000195164 0.000745197 0 0.0134712 0.128319 0.0109939 48 -0.0574665 0.111936 0.0119805
516 2 0.822571 0.836837 0 -0.000179012 0.000789576 0 0.0176831 0.127487 0.014166 48 -0.0541303 0.108764 0.0160621
542 2 0.824674 0.880887 0 -0.0001589 0.000833244 0 0.0229702 0.125952 0.0176824 48 -0.0496427 0.104356 0.0208342
465 2 0.85697 0.74787 0 -0.000232321 0.00069534 0 0.00762271 0.125187 0.00807619 47 -0.0601179 0.112358 0.00799616
466 2 0.894467 0.747282 0 -0.000257147 0.000690872 0 0.00432866 0.120496 0.00774011 42 -0.0602582 0.109793 0.00720606
467 2 0.931972 0.746574 0 -0.00028219 0.00068588 0 -0.00112403 0.114117 0.00741863 35 -0.0611483 0.106975 0.00652784
468 2 0.969485 0.745775 0 -0.00030695 0.000680288 0 -0.00985294 0.106024 0.00703067 28 -0.0635932 0.104632 0.00574598
491 2 0.858431 0.792118 0 -0.000219238 0.000740686 0 0.0103361 0.125112 0.0109119 47 -0.0582743 0.110849 0.0113345
492 2 0.895986 0.791444 0 -0.000243894 0.000735507 0 0.00656845 0.120813 0.0105899 42 -0.0589854 0.109033 0.0104314
493 2 0.933522 0.79061 0 -0.000268389 0.000729471 0 0.000490433 0.114591 0.0102446 35 -0.0604317 0.106807 0.00960308
494 2 0.97104 0.789649 0 -0.000293173 0.000722457 0 -0.00969364 0.105905 0.00975491 28 -0.0636615 0.104831 0.00854013
517 2 0.860278 0.836292 0 -0.000202207 0.0007855 0 0.0139814 0.124774 0.0142977 47 -0.0556698 0.10865 0.0155644
518 2 0.897921 0.835562 0 -0.000225805 0.00077958 0 0.00970849 0.121085 0.0140937 42 -0.0571119 0.107856 0.0146603
519 2 0.935506 0.834631 0 -0.000249983 0.000772807 0 0.00298309 0.115264 0.013804 35 -0.0592743 0.106507 0.0137501
520 2 0.973035 0.833528 0 -0.000274651 0.000764593 0 -0.00893234 0.106012 0.0132473 28 -0.0635236 0.105119 0.0123926
543 2 0.862551 0.880356 0 -0.000180393 0.000828593 0 0.0187105 0.12387 0.0181983 47 -0.0520198 0.105402 0.0207201
544 2 0.900321 0.879614 0 -0.000202792 0.000822957 0 0.0139707 0.12107 0.0182807 42 -0.0543497 0.105943 0.0200235
545 2 0.937985 0.878628 0 -0.000226201 0.000815371 0 0.00670696 0.116042 0.0181906 35 -0.0573828 0.105843 0.0191894
546 2 0.97554 0.877417 0 -0.000250457 0.000806262 0 -0.00705062 0.10644 0.0176599 28 -0.0628768 0.105362 0.0175959
547 2 0.0213637 0.92132 0 0.000219841 0.000847779 0 -0.00327135 0.107222 -0.0230637 28 -0.0611633 0.105192 -0.0244233
548 2 0.0589779 0.922578 0 0.000196157 0.000857161 0 0.012002 0.116595 -0.0233931 35 -0.0543153 0.104341 -0.0260589
549 2 0.0967684 0.923557 0 0.000174196 0.000864244 0 0.0195146 0.120278 -0.0230535 42 -0.0502912 0.102745 -0.0265202
550 2 0.134724 0.924257 0 0.000153489 0.000869873 0 0.0246038 0.121891 -0.022433 47 -0.0469475 0.100556 -0.0266603
573 2 0.0176065 0.965229 0 0.000181896 0.000888458 0 0.00315623 0.1082 -0.02984 27 -0.0577301 0.104194 -0.0336102
574 2 0.0553376 0.966436 0 0.00015955 0.000897345 0 0.0196948 0.11683 -0.0295408 34 -0.0493442 0.101501 -0.0347256
575 2 0.0933271 0.967324 0 0.000139464 0.000903977 0 0.0269351 0.118534 -0.028296 41 -0.044302 0.0977305 -0.0341432
576 2 0.131549 0.967919 0 0.000121637 0.000908515 0 0.032062 0.118678 -0.0267234 46 -0.0399551 0.0936736 -0.0331048
599 2 0.0132019 1.00909 0 0.000136662 0.000928073 0 0.0115964 0.109296 -0.0376274 24 -0.0528485 0.102749 -0.0447367
600 2 0.0511128 1.01011 0 0.000116224 0.00093512 0 0.0321062 0.119172 -0.0361517 30 -0.0417297 0.0981352 -0.0447007
601 2 0.0893975 1.0108 0 9.92108e-05 0.000939807 0 0.0394024 0.119329 -0.0335511 36 -0.0355365 0.0921775 -0.0423931
602 2 0.127998 1.01123 0 8.49543e-05 0.000943156 0 0.0437564 0.117776 -0.0305841 41 -0.0306252 0.0863765 -0.0394191
603 2 0.166829 1.01147 0 7.28621e-05 0.000945108 0 0.0479205 0.117256 -0.0274368 42 -0.0264554 0.0818415 -0.0359496
625 2 0.00816373 1.05285 0 8.35654e-05 0.000966201 0 0.0198121 0.110574 -0.0466223 20 -0.0482531 0.10274 -0.0576738
626 2 0.0462794 1.05349 0 6.5877e-05 0.000969461 0 0.05243 0.127818 -0.0427673 25 -0.0310004 0.0962353 -0.0553271
627 2 0.0850406 1.05386 0 5.36014e-05 0.00097168 0 0.0578766 0.125639 -0.0383161 30 -0.0246105 0.0881942 -0.0504207
628 2 0.124181 1.05407 0 4.48524e-05 0.000972954 0 0.0599838 0.121902 -0.0337497 34 -0.0200374 0.0809907 -0.0450249
629 2 0.163535 1.05417 0 3.80989e-05 0.000974023 0 0.06193 0.119677 -0.0294326 35 -0.0165645 0.0757908 -0.0396794
651 2 0 1.09665 0 0 0.001 0 0.104379 0.164483 -0.0575558 16 -0.0111848 0.107345 -0.0787821
652 2 0.04 1.09665 0 0 0.001 0 0.0842732 0.144229 -0.0504364 20 -0.0151677 0.0957639 -0.0683184
653 2 0.08 1.09665 0 0 0.001 0 0.0764349 0.132151 -0.0429245 24 -0.0135076 0.0846558 -0.0583455
654 2 0.12 1.09665 0 0 0.001 0 0.0739374 0.12528 -0.0363934 27 -0.0106561 0.0763572 -0.0498081
655 2 0.16 1.09665 0 0 0.001 0 0.0731358 0.121618 -0.031004 28 -0.00851783 0.0710837 -0.0426543
551 2 0.172834 0.924733 0 0.000134271 0.000873839 0 0.0293176 0.123226 -0.0213077 48 -0.0437005 0.0982301 -0.0260498
577 2 0.169972 0.968298 0 0.000105406 0.000911745 0 0.0369282 0.119193 -0.0247012 47 -0.0359788 0.090104 -0.0312945
552 2 0.211077 0.925052 0 0.000116248 0.000876479 0 0.0331054 0.124209 -0.019568 48 -0.0409919 0.0961056 -0.0244005
553 2 0.249427 0.925262 0 9.8942e-05 0.00087886 0 0.0360946 0.125001 -0.0174021 48 -0.0388332 0.0943287 -0.0219993
554 2 0.287861 0.925399 0 8.28736e-05 0.000879891 0 0.038422 0.125674 -0.0149694 48 -0.0371647 0.0929233 -0.0191067
555 2 0.326358 0.925487 0 6.67516e-05 0.000880743 0 0.0402099 0.126252 -0.0123769 48 -0.0359052 0.0918553 -0.0159053
578 2 0.208551 0.968537 0 9.06167e-05 0.000913724 0 0.0405916 0.119613 -0.0221902 47 -0.0329394 0.0872486 -0.0285433
579 2 0.247246 0.968688 0 7.71249e-05 0.00091524 0 0.0433149 0.120012 -0.0194001 47 -0.0306895 0.0850714 -0.025211
580 2 0.286024 0.968782 0 6.38946e-05 0.000916293 0 0.0453427 0.120413 -0.0164751 47 -0.0290484 0.0834618 -0.0215601
581 2 0.324863 0.968839 0 5.1896e-05 0.000917249 0 0.0468547 0.120805 -0.0134938 47 -0.0278628 0.0822987 -0.0177443
604 2 0.205819 1.01162 0 6.22653e-05 0.000946477 0 0.0507588 0.116959 -0.024115 42 -0.0235665 0.0785611 -0.0319348
605 2 0.244913 1.01171 0 5.25234e-05 0.00094751 0 0.0527116 0.116866 -0.0207577 42 -0.0215918 0.0762407 -0.027678
606 2 0.284076 1.01176 0 4.37105e-05 0.000947919 0 0.0540989 0.11693 -0.0174359 42 -0.0202341 0.074616 -0.0233544
607 2 0.323286 1.01179 0 3.51301e-05 0.000948022 0 0.0551115 0.117092 -0.0141715 42 -0.0192935 0.0734879 -0.0190403
630 2 0.203002 1.05423 0 3.23024e-05 0.000974263 0 0.0630773 0.118308 -0.0253939 35 -0.0143763 0.0723278 -0.0344541
631 2 0.242531 1.05426 0 2.72855e-05 0.000974755 0 0.0638069 0.117553 -0.0215983 35 -0.0129883 0.0700281 -0.0294194
632 2 0.2821 1.05428 0 2.26237e-05 0.000974898 0 0.0643245 0.117199 -0.0180006 35 -0.0120829 0.0684867 -0.02458
633 2 0.321693 1.05428 0 1.81504e-05 0.00097506 0 0.0647228 0.11709 -0.0145547 35 -0.0114771 0.0674481 -0.0199073
656 2 0.2 1.09665 0 0 0.001 0 0.0726921 0.119642 -0.0264098 28 -0.00724954 0.0678507 -0.0364447
657 2 0.24 1.09665 0 0 0.001 0 0.0724577 0.118631 -0.0223042 28 -0.00648654 0.0658145 -0.0308341
658 2 0.28 1.09665 0 0 0.001 0 0.0723643 0.118168 -0.0185138 28 -0.00600752 0.0644949 -0.0256218
659 2 0.32 1.09665 0 0 0.001 0 0.072363 0.118015 -0.0149336 28 -0.00569465 0.063626 -0.0206812
556 2 0.364902 0.925543 0 5.18719e-05 0.000881421 0 0.0415499 0.126732 -0.00969064 48 -0.0349816 0.0910743 -0.0125126
557 2 0.403479 0.925576 0 3.64531e-05 0.000881228 0 0.0425061 0.127106 -0.00695029 48 -0.0343363 0.0905325 -0.00900327
558 2 0.442079 0.925594 0 2.21581e-05 0.000881608 0 0.0431217 0.127362 -0.00417999 48 -0.0339279 0.0901924 -0.00542555
559 2 0.480692 0.925603 0 7.03226e-06 0.000881666 0 0.0434233 0.127492 -0.00139483 48 -0.0337302 0.0900286 -0.0018122
582 2 0.363744 0.968874 0 3.96841e-05 0.000917912 0 0.0479667 0.12116 -0.0104937 47 -0.0270213 0.0814796 -0.0138454
583 2 0.402655 0.968893 0 2.83955e-05 0.000918184 0 0.0487512 0.121452 -0.00749128 47 -0.0264471 0.0809269 -0.00990631
584 2 0.441586 0.968904 0 1.66653e-05 0.000918805 0 0.0492529 0.121659 -0.00449227 47 -0.0260896 0.0805865 -0.00594873
585 2 0.480527 0.968908 0 5.869e-06 0.000918522 0 0.0494978 0.121766 -0.00149694 47 -0.025918 0.0804245 -0.00198358
608 2 0.362528 1.0118 0 2.71514e-05 0.000948489 0 0.0558517 0.117293 -0.0109625 42 -0.0186455 0.0727165 -0.0147595
609 2 0.401792 1.01181 0 1.90809e-05 0.000948191 0 0.0563743 0.117483 -0.00779828 42 -0.0182124 0.0722073 -0.0105139
610 2 0.44107 1.01182 0 1.16039e-05 0.000948496 0 0.0567096 0.117628 -0.00466622 42 -0.0179464 0.0718983 -0.00629649
611 2 0.480356 1.01182 0 3.61241e-06 0.000948476 0 0.0568738 0.117706 -0.0015533 42 -0.0178197 0.0717525 -0.00209682
634 2 0.361303 1.05429 0 1.39843e-05 0.000975256 0 0.0650345 0.117112 -0.0112201 35 -0.0110694 0.0667531 -0.0153632
635 2 0.400924 1.05429 0 9.97747e-06 0.000975148 0 0.0652683 0.117188 -0.00796368 35 -0.0108012 0.0663014 -0.0109121
636 2 0.440552 1.05429 0 5.8095e-06 0.000975429 0 0.0654255 0.117265 -0.00475875 35 -0.0106382 0.0660305 -0.00652344
637 2 0.480184 1.05429 0 2.08501e-06 0.000975246 0 0.0655045 0.11731 -0.00158309 35 -0.010561 0.0659035 -0.0021706
660 2 0.36 1.09665 0 0 0.001 0 0.0724106 0.118022 -0.0114952 28 -0.00548727 0.063055 -0.0159266
661 2 0.4 1.09665 0 0 0.001 0 0.0724734 0.118096 -0.0081516 28 -0.00535222 0.0626894 -0.0112973
662 2 0.44 1.09665 0 0 0.001 0 0.0725277 0.118174 -0.00486856 28 -0.00527065 0.0624724 -0.0067485
663 2 0.48 1.09665 0 0 0.001 0 0.0725584 0.118222 -0.00161924 28 -0.00523218 0.0623715 -0.00224467
560 2 0.519308 0.925603 0 -7.03226e-06 0.000881666 0 0.0434233 0.127492 0.00139483 48 -0.0337302 0.0900286 0.0018122
561 2 0.557921 0.925594 0 -2.21581e-05 0.000881608 0 0.0431217 0.127362 0.00417999 48 -0.0339279 0.0901924 0.00542555
562 2 0.596521 0.925576 0 -3.64531e-05 0.000881228 0 0.0425061 0.127106 0.00695029 48 -0.0343363 0.0905325 0.00900327
563 2 0.635098 0.925543 0 -5.18719e-05 0.000881421 0 0.0415499 0.126732 0.00969064 48 -0.0349816 0.0910743 0.0125126
586 2 0.519473 0.968908 0 -5.869e-06 0.000918522 0 0.0494978 0.121766 0.00149694 47 -0.025918 0.0804245 0.00198358
587 2 0.558414 0.968904 0 -1.66653e-05 0.000918805 0 0.0492529 0.121659 0.00449227 47 -0.0260896 0.0805865 0.00594873
588 2 0.597345 0.968893 0 -2.83955e-05 0.000918184 0 0.0487512 0.121452 0.00749128 47 -0.0264471 0.0809269 0.00990631
589 2 0.636256 0.968874 0 -3.96841e-05 0.000917912 0 0.0479667 0.12116 0.0104937 47 -0.0270213 0.0814796 0.0138454
612 2 0.519644 1.01182 0 -3.61241e-06 0.000948476 0 0.0568738 0.117706 0.0015533 42 -0.0178197 0.0717525 0.00209682
613 2 0.55893 1.01182 0 -1.16039e-05 0.000948496 0 0.0567096 0.117628 0.00466622 42 -0.0179464 0.0718983 0.00629649
614 2 0.598208 1.01181 0 -1.90809e-05 0.000948191 0 0.0563743 0.117483 0.00779828 42 -0.0182124 0.0722073 0.0105139
615 2 0.637472 1.0118 0 -2.71514e-05 0.000948489 0 0.0558517 0.117293 0.0109625 42 -0.0186455 0.0727165 0.0147595
638 2 0.519816 1.05429 0 -2.08501e-06 0.000975246 0 0.0655045 0.11731 0.00158309 35 -0.010561 0.0659035 0.0021706
639 2 0.559448 1.05429 0 -5.8095e-06 0.000975429 0 0.0654255 0.117265 0.00475875 35 -0.0106382 0.0660305 0.00652344
640 2 0.599076 1.05429 0 -9.97747e-06 0.000975148 0 0.0652683 0.117188 0.00796368 35 -0.0108012 0.0663014 0.0109121
641 2 0.638697 1.05429 0 -1.39843e-05 0.000975256 0 0.0650345 0.117112 0.0112201 35 -0.0110694 0.0667531 0.0153632
664 2 0.52 1.09665 0 0 0.001 0 0.0725584 0.118222 0.00161924 28 -0.00523218 0.0623715 0.00224467
665 2 0.56 1.09665 0 0 0.001 0 0.0725277 0.118174 0.00486856 28 -0.00527065 0.0624724 0.0067485
666 2 0.6 1.09665 0 0 0.001 0 0.0724734 0.118096 0.0081516 28 -0.00535222 0.0626894 0.0112973
667 2 0.64 1.09665 0 0 0.001 0 0.0724106 0.118022 0.0114952 28 -0.00548727 0.063055 0.0159266
564 2 0.673642 0.925487 0 -6.67516e-05 0.000880743 0 0.0402099 0.126252 0.0123769 48 -0.0359052 0.0918553 0.0159053
565 2 0.712139 0.925399 0 -8.28736e-05 0.000879891 0 0.038422 0.125674 0.0149694 48 -0.0371647 0.0929233 0.0191067
566 2 0.750573 0.925262 0 -9.8942e-05 0.00087886 0 0.0360946 0.125001 0.0174021 48 -0.0388332 0.0943287 0.0219993
567 2 0.788923 0.925052 0 -0.000116248 0.000876479 0 0.0331054 0.124209 0.019568 48 -0.0409919 0.0961056 0.0244005
590 2 0.675137 0.968839 0 -5.1896e-05 0.000917249 0 0.0468547 0.120805 0.0134938 47 -0.0278628 0.0822987 0.0177443
591 2 0.713976 0.968782 0 -6.38946e-05 0.000916293 0 0.0453427 0.120413 0.0164751 47 -0.0290484 0.0834618 0.0215601
592 2 0.752754 0.968688 0 -7.71249e-05 0.00091524 0 0.0433149 0.120012 0.0194001 47 -0.0306895 0.0850714 0.025211
593 2 0.791449 0.968537 0 -9.06167e-05 0.000913724 0 0.0405916 0.119613 0.0221902 47 -0.0329394 0.0872486 0.0285433
616 2 0.676714 1.01179 0 -3.51301e-05 0.000948022 0 0.0551115 0.117092 0.0141715 42 -0.0192935 0.0734879 0.0190403
617 2 0.715924 1.01176 0 -4.37105e-05 0.000947919 0 0.0540989 0.11693 0.0174359 42 -0.0202341 0.074616 0.0233544
618 2 0.755087 1.01171 0 -5.25234e-05 0.00094751 0 0.0527116 0.116866 0.0207577 42 -0.0215918 0.0762407 0.027678
619 2 0.794181 1.01162 0 -6.22653e-05 0.000946477 0 0.0507588 0.116959 0.024115 42 -0.0235665 0.0785611 0.0319348
642 2 0.678307 1.05428 0 -1.81504e-05 0.00097506 0 0.0647228 0.11709 0.0145547 35 -0.0114771 0.0674481 0.0199073
643 2 0.7179 1.05428 0 -2.26237e-05 0.000974898 0 0.0643245 0.117199 0.0180006 35 -0.0120829 0.0684867 0.02458
644 2 0.757469 1.05426 0 -2.72855e-05 0.000974755 0 0.0638069 0.117553 0.0215983 35 -0.0129883 0.0700281 0.0294194
645 2 0.796998 1.05423 0 -3.23024e-05 0.000974263 0 0.0630773 0.118308 0.0253939 35 -0.0143763 0.0723278 0.0344541
668 2 0.68 1.09665 0 0 0.001 0 0.072363 0.118015 0.0149336 28 -0.00569465 0.063626 0.0206812
669 2 0.72 1.09665 0 0 0.001 0 0.0723643 0.118168 0.0185138 28 -0.00600752 0.0644949 0.0256218
670 2 0.76 1.09665 0 0 0.001 0 0.0724577 0.118631 0.0223042 28 -0.00648654 0.0658145 0.0308341
671 2 0.8 1.09665 0 0 0.001 0 0.0726921 0.119642 0.0264098 28 -0.00724954 0.0678507 0.0364447
568 2 0.827166 0.924733 0 -0.000134271 0.000873839 0 0.0293176 0.123226 0.0213077 48 -0.0437005 0.0982301 0.0260498
594 2 0.830028 0.968298 0 -0.000105406 0.000911745 0 0.0369282 0.119193 0.0247012 47 -0.0359788 0.090104 0.0312945
569 2 0.865276 0.924257 0 -0.000153489 0.000869873 0 0.0246038 0.121891 0.022433 47 -0.0469475 0.100556 0.0266603
570 2 0.903232 0.923557 0 -0.000174196 0.000864244 0 0.0195146 0.120278 0.0230535 42 -0.0502912 0.102745 0.0265202
571 2 0.941022 0.922578 0 -0.000196157 0.000857161 0 0.012002 0.116595 0.0233931 35 -0.0543153 0.104341 0.0260589
572 2 0.978636 0.92132 0 -0.000219841 0.000847779 0 -0.00327135 0.107222 0.0230637 28 -0.0611633 0.105192 0.0244233
595 2 0.868451 0.967919 0 -0.000121637 0.000908515 0 0.032062 0.118678 0.0267234 46 -0.0399551 0.0936736 0.0331048
596 2 0.906673 0.967324 0 -0.000139464 0.000903977 0 0.0269351 0.118534 0.028296 41 -0.044302 0.0977305 0.0341432
597 2 0.944662 0.966436 0 -0.00015955 0.000897345 0 0.0196948 0.11683 0.0295408 34 -0.0493442 0.101501 0.0347256
598 2 0.982394 0.965229 0 -0.000181896 0.000888458 0 0.00315623 0.1082 0.02984 27 -0.0577301 0.104194 0.0336102
620 2 0.833171 1.01147 0 -7.28621e-05 0.000945108 0 0.0479205 0.117256 0.0274368 42 -0.0264554 0.0818415 0.0359496
621 2 0.872002 1.01123 0 -8.49543e-05 0.000943156 0 0.0437564 0.117776 0.0305841 41 -0.0306252 0.0863765 0.0394191
622 2 0.910602 1.0108 0 -9.92108e-05 0.000939807 0 0.0394024 0.119329 0.0335511 36 -0.0355365 0.0921775 0.0423931
623 2 0.948887 1.01011 0 -0.000116224 0.00093512 0 0.0321062 0.119172 0.0361517 30 -0.0417297 0.0981352 0.0447007
624 2 0.986798 1.00909 0 -0.000136662 0.000928073 0 0.0115964 0.109296 0.0376274 24 -0.0528485 0.102749 0.0447367
646 2 0.836465 1.05417 0 -3.80989e-05 0.000974023 0 0.06193 0.119677 0.0294326 35 -0.0165645 0.0757908 0.0396794
647 2 0.875819 1.05407 0 -4.48524e-05 0.000972954 0 0.0599838 0.121902 0.0337497 34 -0.0200374 0.0809907 0.0450249
648 2 0.914959 1.05386 0 -5.36014e-05 0.00097168 0 0.0578766 0.125639 0.0383161 30 -0.0246105 0.0881942 0.0504207
649 2 0.953721 1.05349 0 -6.5877e-05 0.000969461 0 0.05243 0.127818 0.0427673 25 -0.0310004 0.0962353 0.0553271
650 2 0.991836 1.05285 0 -8.35654e-05 0.000966201 0 0.0198121 0.110574 0.0466223 20 -0.0482531 0.10274 0.0576738
672 2 0.84 1.09665 0 0 0.001 0 0.0731358 0.121618 0.031004 28 -0.00851783 0.0710837 0.0426543
673 2 0.88 1.09665 0 0 0.001 0 0.0739374 0.12528 0.0363934 27 -0.0106561 0.0763572 0.0498081
674 2 0.92 1.09665 0 0 0.001 0 0.0764349 0.132151 0.0429245 24 -0.0135076 0.0846558 0.0583455
675 2 0.96 1.09665 0 0 0.001 0 0.0842732 0.144229 0.0504364 20 -0.0151677 0.0957639 0.0683184
676 2 1 1.09665 0 0 0.001 0 0.104379 0.164483 0.0575558 16 -0.0111848 0.107345 0.0787821
