1 1 0 0 0 0 0 0 0.0130743 0.021905 0.00661405 16 -0.00138097 0.0114627 0.00921551
2 1 0.04 0 0 0 0 0 0.0102499 0.0185324 0.00571227 20 -0.0018405 0.0101195 0.00795004
3 1 0.08 0 0 0 0 0 0.00899515 0.0162768 0.00485646 24 -0.00160963 0.00884775 0.00676431
4 1 0.12 0 0 0 0 0 0.00852101 0.0149407 0.00413995 27 -0.00124415 0.00793528 0.00577303
5 1 0.16 0 0 0 0 0 0.00836331 0.0142477 0.00355018 28 -0.000978092 0.0074053 0.00495478
27 1 0.000958923 0.0405023 0 0.00018089 9.34953e-05 0 0.00253209 0.0143514 0.00487238 20 -0.00594615 0.0109105 0.00669383
28 1 0.0407259 0.0403874 0 0.000133233 8.1742e-05 0 0.00628434 0.0160281 0.00468221 25 -0.00374314 0.0101832 0.00647722
29 1 0.0805783 0.0403247 0 0.00010261 7.56698e-05 0 0.00675342 0.0153127 0.00426537 30 -0.00294049 0.00927499 0.00591643
30 1 0.120479 0.0402923 0 7.98344e-05 6.57915e-05 0 0.00690644 0.0145159 0.0038118 34 -0.00235586 0.00847923 0.0052988
31 1 0.160406 0.0402775 0 6.41638e-05 6.45676e-05 0 0.00709806 0.0140391 0.00336478 35 -0.00191979 0.00794066 0.00468489
53 1 0.00154255 0.0809444 0 0.000281395 0.000186856 0 0.00158275 0.0137552 0.00383533 24 -0.00638721 0.0108907 0.00524133
54 1 0.0412923 0.0807827 0 0.000223417 0.000160894 0 0.00377526 0.0146297 0.00384656 30 -0.00504525 0.0103804 0.00528871
55 1 0.0810885 0.0806752 0 0.000180292 0.000142966 0 0.00452431 0.0143744 0.00365951 36 -0.00427171 0.00971942 0.00504905
56 1 0.120925 0.0806128 0 0.000146662 0.000135255 0 0.00501187 0.0139812 0.00341615 41 -0.00363696 0.00908794 0.00472833
57 1 0.16079 0.0805793 0 0.000116949 0.00012279 0 0.00550349 0.01378 0.00312539 42 -0.00310627 0.00861955 0.00433677
79 1 0.00206744 0.121393 0 0.000354321 0.000275342 0 0.000454155 0.0132091 0.00295584 27 -0.00700664 0.0110303 0.00400785
80 1 0.0417971 0.121208 0 0.000299911 0.000254572 0 0.00225541 0.0140788 0.00307204 34 -0.00599161 0.0107453 0.00419463
81 1 0.0815586 0.121074 0 0.000251202 0.000233568 0 0.00306015 0.0141519 0.00303857 41 -0.00535863 0.0103414 0.00416698
82 1 0.121349 0.120988 0 0.000208961 0.00021572 0 0.00367926 0.0140713 0.00296422 46 -0.0047924 0.00990983 0.00408242
83 1 0.161165 0.120937 0 0.000173608 0.000208169 0 0.00427079 0.0140486 0.00281335 47 -0.00428061 0.00954221 0.00388802
105 1 0.00252384 0.161839 0 0.000408666 0.000358005 0 -0.000418474 0.0127451 0.00222295 28 -0.00745957 0.0111032 0.00298683
106 1 0.0422405 0.161649 0 0.000354553 0.000339522 0 0.00130827 0.0138173 0.00238886 35 -0.00662119 0.0110371 0.00323793
107 1 0.0819784 0.161504 0 0.000301924 0.000317549 0 0.00219891 0.0142414 0.00244961 42 -0.00611462 0.0108895 0.0033385
108 1 0.121736 0.161404 0 0.000254995 0.000301149 0 0.00283525 0.0144171 0.00247969 47 -0.00567951 0.0106723 0.00339759
109 1 0.161514 0.161339 0 0.000213084 0.000286534 0 0.00341572 0.0145392 0.00243291 48 -0.00526014 0.0104392 0.0033481
6 1 0.2 0 0 0 0 0 0.00830484 0.0139032 0.00304049 28 -0.00082705 0.00712428 0.00424547
7 1 0.24 0 0 0 0 0 0.00829299 0.0137408 0.00257918 28 -0.000740799 0.0069771 0.00360232
8 1 0.28 0 0 0 0 0 0.00830442 0.0136736 0.0021488 28 -0.000689562 0.00690118 0.00300168
9 1 0.32 0 0 0 0 0 0.00832574 0.0136546 0.00173864 28 -0.000657944 0.00686345 0.00242895
32 1 0.200346 0.0402709 0 5.32452e-05 6.47787e-05 0 0.00722152 0.0137636 0.00292534 35 -0.00165563 0.00761764 0.0040769
33 1 0.240293 0.0402677 0 4.40639e-05 6.17331e-05 0 0.00731259 0.013623 0.00250082 35 -0.00149569 0.00743157 0.00348717
34 1 0.280244 0.0402665 0 3.66832e-05 6.44633e-05 0 0.00738385 0.0135592 0.00209203 35 -0.00139646 0.00732537 0.00291811
35 1 0.320197 0.040266 0 3.08347e-05 6.77279e-05 0 0.00744315 0.0135408 0.00169629 35 -0.00133351 0.00726707 0.00236665
58 1 0.200674 0.0805614 0 9.63033e-05 0.000117767 0 0.00583901 0.0136558 0.00278026 42 -0.00275038 0.00830772 0.00386382
59 1 0.24057 0.0805519 0 7.83701e-05 0.00011622 0 0.00607222 0.0135948 0.00241093 42 -0.00251659 0.00811022 0.0033537
60 1 0.280474 0.0805472 0 6.15066e-05 0.000115834 0 0.00623922 0.0135763 0.00203487 42 -0.00236296 0.00798894 0.00283225
61 1 0.320384 0.080545 0 4.98252e-05 0.000112135 0 0.00636198 0.0135837 0.00165942 42 -0.00226156 0.00791692 0.00231059
84 1 0.201 0.120907 0 0.000138982 0.000199961 0 0.00470977 0.0140311 0.00256945 47 -0.00389949 0.00926572 0.00355879
85 1 0.240848 0.12089 0 0.000112599 0.000195218 0 0.00503265 0.0140326 0.00226913 47 -0.00362673 0.00907249 0.00314722
86 1 0.280706 0.120881 0 9.24842e-05 0.000195957 0 0.00527091 0.0140523 0.00193912 47 -0.00343546 0.00894431 0.00269195
87 1 0.320571 0.120876 0 7.17146e-05 0.000199434 0 0.00544713 0.0140831 0.00159485 47 -0.0033029 0.00886258 0.00221535
110 1 0.201307 0.161299 0 0.000177096 0.000273728 0 0.00387171 0.0146126 0.00228111 48 -0.00491725 0.0102339 0.00314824
111 1 0.241113 0.161275 0 0.000143836 0.000265351 0 0.00422558 0.0146703 0.00205492 48 -0.00465121 0.0100735 0.00284142
112 1 0.28093 0.161261 0 0.000116421 0.000262055 0 0.00449797 0.0147256 0.0017819 48 -0.00445222 0.00995796 0.002467
113 1 0.320753 0.161253 0 9.19037e-05 0.000261575 0 0.00470472 0.0147789 0.00148094 48 -0.00430733 0.00987918 0.00205208
10 1 0.36 0 0 0 0 0 0.00834948 0.0136591 0.00134173 28 -0.000638091 0.00684647 0.00187456
11 1 0.4 0 0 0 0 0 0.0083718 0.0136734 0.000953245 28 -0.00062564 0.00684058 0.00133186
12 1 0.44 0 0 0 0 0 0.00838813 0.0136867 0.00056996 28 -0.000618308 0.00683915 0.00079639
13 1 0.48 0 0 0 0 0 0.00839606 0.0136937 0.000189662 28 -0.000614983 0.00683898 0.000265026
36 1 0.360152 0.040266 0 2.41224e-05 6.8995e-05 0 0.00749156 0.0135455 0.00131062 35 -0.00129322 0.00723654 0.00182881
37 1 0.400108 0.0402664 0 1.52258e-05 6.90611e-05 0 0.00752738 0.0135563 0.000931897 35 -0.00126763 0.00722032 0.0013004
38 1 0.440065 0.0402666 0 9.62446e-06 7.4064e-05 0 0.00755263 0.0135689 0.000557357 35 -0.00125249 0.00721339 0.000777833
39 1 0.480022 0.0402667 0 3.58461e-06 6.44397e-05 0 0.00756596 0.0135775 0.000185428 35 -0.00124558 0.00721113 0.00025882
62 1 0.360296 0.0805442 0 3.75631e-05 0.000107805 0 0.00645252 0.0136036 0.00128684 42 -0.00219472 0.00787569 0.00179221
63 1 0.40021 0.0805441 0 2.39189e-05 0.000112719 0 0.00651689 0.0136255 0.000917004 42 -0.00215153 0.00785284 0.00127729
64 1 0.440126 0.0805441 0 1.5946e-05 0.000114881 0 0.00655847 0.0136435 0.000549251 42 -0.00212582 0.00784136 0.000765118
65 1 0.480042 0.0805443 0 8.45039e-06 0.000120045 0 0.00657873 0.0136535 0.000182928 42 -0.00211388 0.00783667 0.000254835
88 1 0.360441 0.120873 0 5.4648e-05 0.000203606 0 0.0055761 0.0141178 0.00124379 47 -0.00321255 0.00881262 0.00172839
89 1 0.400313 0.120872 0 4.05469e-05 0.000210293 0 0.00566672 0.0141494 0.00088957 47 -0.00315304 0.00878346 0.00123647
90 1 0.440187 0.120872 0 2.44028e-05 0.000201558 0 0.00572456 0.014173 0.000534029 47 -0.00311694 0.00876766 0.000742392
91 1 0.480062 0.120872 0 6.38358e-06 0.000210228 0 0.00575265 0.0141855 0.000178046 47 -0.00309996 0.00876082 0.000247524
114 1 0.360581 0.161248 0 6.77838e-05 0.000259646 0 0.00485803 0.0148275 0.0011635 48 -0.00420485 0.00982808 0.00161314
115 1 0.400413 0.161246 0 4.95975e-05 0.000258452 0 0.00496676 0.0148682 0.000836264 48 -0.0041356 0.00979687 0.00115985
116 1 0.440247 0.161245 0 2.66336e-05 0.000266515 0 0.00503639 0.0148971 0.000503546 48 -0.00409284 0.00977919 0.000698533
117 1 0.480082 0.161245 0 6.44338e-06 0.000262703 0 0.00507053 0.0149123 0.000168128 48 -0.00407245 0.00977134 0.00023326
14 1 0.52 0 0 0 0 0 0.00839606 0.0136937 -0.000189662 28 -0.000614983 0.00683898 -0.000265026
15 1 0.56 0 0 0 0 0 0.00838813 0.0136867 -0.00056996 28 -0.000618308 0.00683915 -0.00079639
16 1 0.6 0 0 0 0 0 0.0083718 0.0136734 -0.000953245 28 -0.00062564 0.00684058 -0.00133186
17 1 0.64 0 0 0 0 0 0.00834948 0.0136591 -0.00134173 28 -0.000638091 0.00684647 -0.00187456
40 1 0.519978 0.0402667 0 -3.58461e-06 6.44397e-05 0 0.00756596 0.0135775 -0.000185428 35 -0.00124558 0.00721113 -0.00025882
41 1 0.559935 0.0402666 0 -9.62446e-06 7.4064e-05 0 0.00755263 0.0135689 -0.000557357 35 -0.00125249 0.00721339 -0.000777833
42 1 0.599892 0.0402664 0 -1.52258e-05 6.90611e-05 0 0.00752738 0.0135563 -0.000931897 35 -0.00126763 0.00722032 -0.0013004
43 1 0.639848 0.040266 0 -2.41224e-05 6.8995e-05 0 0.00749156 0.0135455 -0.00131062 35 -0.00129322 0.00723654 -0.00182881
66 1 0.519958 0.0805443 0 -8.45039e-06 0.000120045 0 0.00657873 0.0136535 -0.000182928 42 -0.00211388 0.00783667 -0.000254835
67 1 0.559874 0.0805441 0 -1.5946e-05 0.000114881 0 0.00655847 0.0136435 -0.000549251 42 -0.00212582 0.00784136 -0.000765118
68 1 0.59979 0.0805441 0 -2.39189e-05 0.000112719 0 0.00651689 0.0136255 -0.000917004 42 -0.00215153 0.00785284 -0.00127729
69 1 0.639704 0.0805442 0 -3.75631e-05 0.000107805 0 0.00645252 0.0136036 -0.00128684 42 -0.00219472 0.00787569 -0.00179221
92 1 0.519938 0.120872 0 -6.38358e-06 0.000210228 0 0.00575265 0.0141855 -0.000178046 47 -0.00309996 0.00876082 -0.000247524
93 1 0.559813 0.120872 0 -2.44028e-05 0.000201558 0 0.00572456 0.014173 -0.000534029 47 -0.00311694 0.00876766 -0.000742392
94 1 0.599687 0.120872 0 -4.05469e-05 0.000210293 0 0.00566672 0.0141494 -0.00088957 47 -0.00315304 0.00878346 -0.00123647
95 1 0.639559 0.120873 0 -5.4648e-05 0.000203606 0 0.0055761 0.0141178 -0.00124379 47 -0.00321255 0.00881262 -0.00172839
118 1 0.519918 0.161245 0 -6.44338e-06 0.000262703 0 0.00507053 0.0149123 -0.000168128 48 -0.00407245 0.00977134 -0.00023326
119 1 0.559753 0.161245 0 -2.66336e-05 0.000266515 0 0.00503639 0.0148971 -0.000503546 48 -0.00409284 0.00977919 -0.000698533
120 1 0.599587 0.161246 0 -4.95975e-05 0.000258452 0 0.00496676 0.0148682 -0.000836264 48 -0.0041356 0.00979687 -0.00115985
121 1 0.639419 0.161248 0 -6.77838e-05 0.000259646 0 0.00485803 0.0148275 -0.0011635 48 -0.00420485 0.00982808 -0.00161314
18 1 0.68 0 0 0 0 0 0.00832574 0.0136546 -0.00173864 28 -0.000657944 0.00686345 -0.00242895
19 1 0.72 0 0 0 0 0 0.00830442 0.0136736 -0.0021488 28 -0.000689562 0.00690118 -0.00300168
20 1 0.76 0 0 0 0 0 0.00829299 0.0137408 -0.00257918 28 -0.000740799 0.0069771 -0.00360232
21 1 0.8 0 0 0 0 0 0.00830484 0.0139032 -0.00304049 28 -0.00082705 0.00712428 -0.00424547
44 1 0.679803 0.040266 0 -3.08347e-05 6.77279e-05 0 0.00744315 0.0135408 -0.00169629 35 -0.00133351 0.00726707 -0.00236665
45 1 0.719756 0.0402665 0 -3.66832e-05 6.44633e-05 0 0.00738385 0.0135592 -0.00209203 35 -0.00139646 0.00732537 -0.00291811
46 1 0.759707 0.0402677 0 -4.40639e-05 6.17331e-05 0 0.00731259 0.013623 -0.00250082 35 -0.00149569 0.00743157 -0.00348717
47 1 0.799654 0.0402709 0 -5.32452e-05 6.47787e-05 0 0.00722152 0.0137636 -0.00292534 35 -0.00165563 0.00761764 -0.0040769
70 1 0.679616 0.080545 0 -4.98252e-05 0.000112135 0 0.00636198 0.0135837 -0.00165942 42 -0.00226156 0.00791692 -0.00231059
71 1 0.719526 0.0805472 0 -6.15066e-05 0.000115834 0 0.00623922 0.0135763 -0.00203487 42 -0.00236296 0.00798894 -0.00283225
72 1 0.75943 0.0805519 0 -7.83701e-05 0.00011622 0 0.00607222 0.0135948 -0.00241093 42 -0.00251659 0.00811022 -0.0033537
73 1 0.799326 0.0805614 0 -9.63033e-05 0.000117767 0 0.00583901 0.0136558 -0.00278026 42 -0.00275038 0.00830772 -0.00386382
96 1 0.679429 0.120876 0 -7.17146e-05 0.000199434 0 0.00544713 0.0140831 -0.00159485 47 -0.0033029 0.00886258 -0.00221535
97 1 0.719294 0.120881 0 -9.24842e-05 0.000195957 0 0.00527091 0.0140523 -0.00193912 47 -0.00343546 0.00894431 -0.00269195
98 1 0.759152 0.12089 0 -0.000112599 0.000195218 0 0.00503265 0.0140326 -0.00226913 47 -0.00362673 0.00907249 -0.00314722
99 1 0.799 0.120907 0 -0.000138982 0.000199961 0 0.00470977 0.0140311 -0.00256945 47 -0.00389949 0.00926572 -0.00355879
122 1 0.679247 0.161253 0 -9.19037e-05 0.000261575 0 0.00470472 0.0147789 -0.00148094 48 -0.00430733 0.00987918 -0.00205208
123 1 0.71907 0.161261 0 -0.000116421 0.000262055 0 0.00449797 0.0147256 -0.0017819 48 -0.00445222 0.00995796 -0.002467
124 1 0.758887 0.161275 0 -0.000143836 0.000265351 0 0.00422558 0.0146703 -0.00205492 48 -0.00465121 0.0100735 -0.00284142
125 1 0.798693 0.161299 0 -0.000177096 0.000273728 0 0.00387171 0.0146126 -0.00228111 48 -0.00491725 0.0102339 -0.00314824
22 1 0.84 0 0 0 0 0 0.00836331 0.0142477 -0.00355018 28 -0.000978092 0.0074053 -0.00495478
23 1 0.88 0 0 0 0 0 0.00852101 0.0149407 -0.00413995 27 -0.00124415 0.00793528 -0.00577303
24 1 0.92 0 0 0 0 0 0.00899515 0.0162768 -0.00485646 24 -0.00160963 0.00884775 -0.00676431
25 1 0.96 0 0 0 0 0 0.0102499 0.0185324 -0.00571227 20 -0.0018405 0.0101195 -0.00795004
26 1 1 0 0 0 0 0 0.0130743 0.021905 -0.00661405 16 -0.00138097 0.0114627 -0.00921551
48 1 0.839594 0.0402775 0 -6.41638e-05 6.45676e-05 0 0.00709806 0.0140391 -0.00336478 35 -0.00191979 0.00794066 -0.00468489
49 1 0.879521 0.0402923 0 -7.98344e-05 6.57915e-05 0 0.00690644 0.0145159 -0.0038118 34 -0.00235586 0.00847923 -0.0052988
50 1 0.919422 0.0403247 0 -0.00010261 7.56698e-05 0 0.00675342 0.0153127 -0.00426537 30 -0.00294049 0.00927499 -0.00591643
51 1 0.959274 0.0403874 0 -0.000133233 8.1742e-05 0 0.00628434 0.0160281 -0.00468221 25 -0.00374314 0.0101832 -0.00647722
52 1 0.999041 0.0405023 0 -0.00018089 9.34953e-05 0 0.00253209 0.0143514 -0.00487238 20 -0.00594615 0.0109105 -0.00669383
74 1 0.83921 0.0805793 0 -0.000116949 0.00012279 0 0.00550349 0.01378 -0.00312539 42 -0.00310627 0.00861955 -0.00433677
75 1 0.879075 0.0806128 0 -0.000146662 0.000135255 0 0.00501187 0.0139812 -0.00341615 41 -0.00363696 0.00908794 -0.00472833
76 1 0.918912 0.0806752 0 -0.000180292 0.000142966 0 0.00452431 0.0143744 -0.00365951 36 -0.00427171 0.00971942 -0.00504905
77 1 0.958708 0.0807827 0 -0.000223417 0.000160894 0 0.00377526 0.0146297 -0.00384656 30 -0.00504525 0.0103804 -0.00528871
78 1 0.998457 0.0809444 0 -0.000281395 0.000186856 0 0.00158275 0.0137552 -0.00383533 24 -0.00638721 0.0108907 -0.00524133
100 1 0.838835 0.120937 0 -0.000173608 0.000208169 0 0.00427079 0.0140486 -0.00281335 47 -0.00428061 0.00954221 -0.00388802
101 1 0.878651 0.120988 0 -0.000208961 0.00021572 0 0.00367926 0.0140713 -0.00296422 46 -0.0047924 0.00990983 -0.00408242
102 1 0.918441 0.121074 0 -0.000251202 0.000233568 0 0.00306015 0.0141519 -0.00303857 41 -0.00535863 0.0103414 -0.00416698
103 1 0.958203 0.121208 0 -0.000299911 0.000254572 0 0.00225541 0.0140788 -0.00307204 34 -0.00599161 0.0107453 -0.00419463
104 1 0.997933 0.121393 0 -0.000354321 0.000275342 0 0.000454155 0.0132091 -0.00295584 27 -0.00700664 0.0110303 -0.00400785
126 1 0.838486 0.161339 0 -0.000213084 0.000286534 0 0.00341572 0.0145392 -0.00243291 48 -0.00526014 0.0104392 -0.0033481
127 1 0.878264 0.161404 0 -0.000254995 0.000301149 0 0.00283525 0.0144171 -0.00247969 47 -0.00567951 0.0106723 -0.00339759
128 1 0.918022 0.161504 0 -0.000301924 0.000317549 0 0.00219891 0.0142414 -0.00244961 42 -0.00611462 0.0108895 -0.0033385
129 1 0.95776 0.161649 0 -0.000354553 0.000339522 0 0.00130827 0.0138173 -0.00238886 35 -0.00662119 0.0110371 -0.00323793
130 1 0.997476 0.161839 0 -0.000408666 0.000358005 0 -0.000418474 0.0127451 -0.00222295 28 -0.00745957 0.0111032 -0.00298683
131 1 0.00290702 0.202276 0 0.000442385 0.000447021 0 -0.000959824 0.0123724 0.00166376 28 -0.0076909 0.011074 0.00221635
132 1 0.042617 0.202095 0 0.00038766 0.000428546 0 0.000640399 0.0135441 0.00182932 35 -0.00701395 0.0111661 0.00246163
133 1 0.0823398 0.20195 0 0.000335239 0.000408829 0 0.0015354 0.0142025 0.00192493 42 -0.00663516 0.011219 0.00260714
134 1 0.122075 0.201845 0 0.0002841 0.000392773 0 0.0021439 0.0145798 0.00200611 47 -0.00633698 0.0111932 0.00273448
135 1 0.161823 0.201773 0 0.000238068 0.000373434 0 0.00267473 0.0148328 0.00202466 48 -0.00603352 0.0111035 0.0027744
157 1 0.00322286 0.242706 0 0.000453754 0.000521542 0 -0.00126942 0.0120876 0.00122332 28 -0.00778213 0.0109942 0.00161538
158 1 0.0429301 0.242541 0 0.000403059 0.000506838 0 0.000152556 0.0132689 0.00136987 35 -0.0072584 0.0111962 0.00182967
159 1 0.0826434 0.242405 0 0.000354107 0.00049588 0 0.00100927 0.0140757 0.00147319 42 -0.00699423 0.0113989 0.00198266
160 1 0.122363 0.242301 0 0.000305102 0.000472929 0 0.00157131 0.0146042 0.00157426 47 -0.00681944 0.0115307 0.0021346
161 1 0.162089 0.242228 0 0.000259661 0.00045545 0 0.00203828 0.0149674 0.00162885 48 -0.00663137 0.0115738 0.00222243
183 1 0.00347895 0.283129 0 0.000450758 0.000589794 0 -0.00143091 0.0118966 0.000887499 28 -0.00780537 0.0109148 0.00116148
184 1 0.0431852 0.282986 0 0.000405141 0.000584447 0 -0.000185529 0.0130456 0.00100637 35 -0.00740965 0.0111895 0.00133406
185 1 0.0828924 0.282864 0 0.000358746 0.000576973 0 0.000612759 0.0139377 0.00110169 42 -0.00724135 0.011499 0.00147321
186 1 0.122601 0.282769 0 0.000315522 0.000560482 0 0.00112073 0.0145718 0.00120283 47 -0.00717036 0.011753 0.00162248
187 1 0.162311 0.282699 0 0.0002715 0.000544059 0 0.00152139 0.0150212 0.00127205 48 -0.00708572 0.0119091 0.00172835
209 1 0.00368246 0.323548 0 0.0004396 0.000653653 0 -0.0015109 0.0117795 0.000633771 28 -0.00780376 0.0108554 0.000822321
210 1 0.0433883 0.323429 0 0.000396786 0.000654089 0 -0.000413743 0.0128835 0.000724443 35 -0.00750566 0.0111759 0.00095333
211 1 0.0830914 0.323325 0 0.000356222 0.000643069 0 0.000323803 0.0138203 0.000804283 42 -0.00741238 0.0115585 0.00106884
212 1 0.122792 0.323243 0 0.00031674 0.000629395 0 0.000778955 0.0145244 0.000894096 47 -0.007424 0.011903 0.00120005
213 1 0.162491 0.323181 0 0.000275762 0.000615776 0 0.0011187 0.0150379 0.00096354 48 -0.00742563 0.0121495 0.00130407
136 1 0.201583 0.201726 0 0.000197736 0.000361511 0 0.00310622 0.0149969 0.00194432 48 -0.00576305 0.0109927 0.00267379
137 1 0.241354 0.201696 0 0.000162046 0.000353152 0 0.00345534 0.0151163 0.00178558 48 -0.00553642 0.01089 0.00246135
138 1 0.281134 0.201677 0 0.000129193 0.000343177 0 0.00373383 0.0152121 0.0015716 48 -0.00535579 0.0108074 0.0021699
139 1 0.32092 0.201666 0 0.000101722 0.000344281 0 0.00395135 0.0152921 0.00132077 48 -0.00521751 0.0107467 0.00182564
162 1 0.201823 0.242178 0 0.000217128 0.000445032 0 0.00242599 0.0152158 0.00159861 48 -0.00644522 0.0115624 0.00219043
163 1 0.241565 0.242145 0 0.000176808 0.000432329 0 0.00274957 0.0153969 0.00149482 48 -0.00627509 0.0115292 0.00205413
164 1 0.281314 0.242124 0 0.000140477 0.000428381 0 0.00301558 0.0155357 0.00133479 48 -0.00612953 0.0114924 0.00183787
165 1 0.321068 0.242111 0 0.000109692 0.000427903 0 0.00322926 0.0156453 0.00113441 48 -0.00601161 0.0114608 0.00156414
188 1 0.202025 0.28265 0 0.000228722 0.000523578 0 0.00185818 0.0153418 0.00127303 48 -0.00698259 0.0119902 0.0017383
189 1 0.241744 0.282617 0 0.00019172 0.000514569 0 0.0021463 0.0155792 0.0012102 48 -0.00687382 0.0120271 0.00165813
190 1 0.281468 0.282595 0 0.000155642 0.000505246 0 0.00238993 0.0157604 0.00109532 48 -0.00677094 0.0120408 0.00150431
191 1 0.321195 0.282581 0 0.000122381 0.000490097 0 0.00259068 0.0159008 0.00094094 48 -0.00668128 0.0120442 0.00129445
214 1 0.20219 0.323136 0 0.000235339 0.000604044 0 0.00140648 0.0154177 0.000980886 48 -0.00739628 0.0123103 0.00133517
215 1 0.241891 0.323106 0 0.00019564 0.00059091 0 0.00165779 0.0157044 0.000946319 48 -0.00734572 0.0124115 0.00129321
216 1 0.281595 0.323085 0 0.000161217 0.00058459 0 0.00187571 0.0159244 0.00086708 48 -0.00728611 0.0124744 0.00118821
217 1 0.3213 0.323073 0 0.000125631 0.000578132 0 0.00205921 0.0160936 0.000752242 48 -0.00722699 0.0125131 0.00103286
140 1 0.360711 0.20166 0 7.71609e-05 0.000337631 0 0.00411601 0.0153581 0.00104614 48 -0.0051158 0.010705 0.00144715
141 1 0.400506 0.201657 0 5.12626e-05 0.000338556 0 0.00423422 0.0154095 0.00075616 48 -0.00504501 0.0106783 0.00104648
142 1 0.440302 0.201656 0 3.18428e-05 0.000349694 0 0.00431064 0.0154448 0.000456914 48 -0.00500045 0.0106628 0.000632508
143 1 0.480101 0.201655 0 1.24132e-05 0.000345125 0 0.00434828 0.015463 0.000152834 48 -0.00497889 0.0106558 0.0002116
166 1 0.360827 0.242104 0 8.18648e-05 0.000430772 0 0.00339466 0.0157317 0.000906088 48 -0.00592108 0.0114372 0.00125053
167 1 0.400588 0.2421 0 5.45972e-05 0.000428246 0 0.00351531 0.0157962 0.000658794 48 -0.00585594 0.0114211 0.000909807
168 1 0.440352 0.242098 0 3.41431e-05 0.000426685 0 0.00359418 0.0158394 0.000399597 48 -0.00581399 0.0114116 0.00055204
169 1 0.480117 0.242097 0 1.32446e-05 0.00043155 0 0.00363301 0.0158612 0.000133917 48 -0.00579351 0.0114071 0.000185026
192 1 0.360926 0.282574 0 9.21436e-05 0.000489392 0 0.00274933 0.0160082 0.000757689 48 -0.00660848 0.0120435 0.00104354
193 1 0.40066 0.282569 0 6.42262e-05 0.000490008 0 0.00286691 0.0160867 0.000554122 48 -0.00655397 0.012042 0.00076378
194 1 0.440395 0.282567 0 3.57747e-05 0.00048226 0 0.00294467 0.0161388 0.000337348 48 -0.00651799 0.012041 0.00046519
195 1 0.480132 0.282566 0 1.04198e-05 0.000491029 0 0.00298319 0.0161644 0.000113234 48 -0.00650014 0.0120404 0.000156162
218 1 0.361009 0.323065 0 9.41652e-05 0.000575021 0 0.00220725 0.0162214 0.000610323 48 -0.00717463 0.0125369 0.000839163
219 1 0.400719 0.323061 0 6.79418e-05 0.000573161 0 0.00231872 0.0163138 0.000448818 48 -0.00713312 0.0125515 0.000617669
220 1 0.440431 0.323059 0 3.80402e-05 0.000575145 0 0.00239311 0.0163741 0.000274195 48 -0.00710464 0.0125599 0.000377541
221 1 0.480143 0.323058 0 1.07361e-05 0.00057478 0 0.0024304 0.0164037 9.21693e-05 48 -0.00709011 0.0125637 0.000126938
144 1 0.519899 0.201655 0 -1.24132e-05 0.000345125 0 0.00434828 0.015463 -0.000152834 48 -0.00497889 0.0106558 -0.0002116
145 1 0.559698 0.201656 0 -3.18428e-05 0.000349694 0 0.00431064 0.0154448 -0.000456914 48 -0.00500045 0.0106628 -0.000632508
146 1 0.599494 0.201657 0 -5.12626e-05 0.000338556 0 0.00423422 0.0154095 -0.00075616 48 -0.00504501 0.0106783 -0.00104648
147 1 0.639289 0.20166 0 -7.71609e-05 0.000337631 0 0.00411601 0.0153581 -0.00104614 48 -0.0051158 0.010705 -0.00144715
170 1 0.519883 0.242097 0 -1.32446e-05 0.00043155 0 0.00363301 0.0158612 -0.000133917 48 -0.00579351 0.0114071 -0.000185026
171 1 0.559648 0.242098 0 -3.41431e-05 0.000426685 0 0.00359418 0.0158394 -0.000399597 48 -0.00581399 0.0114116 -0.00055204
172 1 0.599412 0.2421 0 -5.45972e-05 0.000428246 0 0.00351531 0.0157962 -0.000658794 48 -0.00585594 0.0114211 -0.000909807
173 1 0.639173 0.242104 0 -8.18648e-05 0.000430772 0 0.00339466 0.0157317 -0.000906088 48 -0.00592108 0.0114372 -0.00125053
196 1 0.519868 0.282566 0 -1.04198e-05 0.000491029 0 0.00298319 0.0161644 -0.000113234 48 -0.00650014 0.0120404 -0.000156162
197 1 0.559605 0.282567 0 -3.57747e-05 0.00048226 0 0.00294467 0.0161388 -0.000337348 48 -0.00651799 0.012041 -0.00046519
198 1 0.59934 0.282569 0 -6.42262e-05 0.000490008 0 0.00286691 0.0160867 -0.000554122 48 -0.00655397 0.012042 -0.00076378
199 1 0.639074 0.282574 0 -9.21436e-05 0.000489392 0 0.00274933 0.0160082 -0.000757689 48 -0.00660848 0.0120435 -0.00104354
222 1 0.519857 0.323058 0 -1.07361e-05 0.00057478 0 0.0024304 0.0164037 -9.21693e-05 48 -0.00709011 0.0125637 -0.000126938
223 1 0.559569 0.323059 0 -3.80402e-05 0.000575145 0 0.00239311 0.0163741 -0.000274195 48 -0.00710464 0.0125599 -0.000377541
224 1 0.599281 0.323061 0 -6.79418e-05 0.000573161 0 0.00231872 0.0163138 -0.000448818 48 -0.00713312 0.0125515 -0.000617669
225 1 0.638991 0.323065 0 -9.41652e-05 0.000575021 0 0.00220725 0.0162214 -0.000610323 48 -0.00717463 0.0125369 -0.000839163
148 1 0.67908 0.201666 0 -0.000101722 0.000344281 0 0.00395135 0.0152921 -0.00132077 48 -0.00521751 0.0107467 -0.00182564
149 1 0.718866 0.201677 0 -0.000129193 0.000343177 0 0.00373383 0.0152121 -0.0015716 48 -0.00535579 0.0108074 -0.0021699
150 1 0.758646 0.201696 0 -0.000162046 0.000353152 0 0.00345534 0.0151163 -0.00178558 48 -0.00553642 0.01089 -0.00246135
151 1 0.798417 0.201726 0 -0.000197736 0.000361511 0 0.00310622 0.0149969 -0.00194432 48 -0.00576305 0.0109927 -0.00267379
174 1 0.678932 0.242111 0 -0.000109692 0.000427903 0 0.00322926 0.0156453 -0.00113441 48 -0.00601161 0.0114608 -0.00156414
175 1 0.718686 0.242124 0 -0.000140477 0.000428381 0 0.00301558 0.0155357 -0.00133479 48 -0.00612953 0.0114924 -0.00183787
176 1 0.758435 0.242145 0 -0.000176808 0.000432329 0 0.00274957 0.0153969 -0.00149482 48 -0.00627509 0.0115292 -0.00205413
177 1 0.798177 0.242178 0 -0.000217128 0.000445032 0 0.00242599 0.0152158 -0.00159861 48 -0.00644522 0.0115624 -0.00219043
200 1 0.678805 0.282581 0 -0.000122381 0.000490097 0 0.00259068 0.0159008 -0.00094094 48 -0.00668128 0.0120442 -0.00129445
201 1 0.718532 0.282595 0 -0.000155642 0.000505246 0 0.00238993 0.0157604 -0.00109532 48 -0.00677094 0.0120408 -0.00150431
202 1 0.758256 0.282617 0 -0.00019172 0.000514569 0 0.0021463 0.0155792 -0.0012102 48 -0.00687382 0.0120271 -0.00165813
203 1 0.797975 0.28265 0 -0.000228722 0.000523578 0 0.00185818 0.0153418 -0.00127303 48 -0.00698259 0.0119902 -0.0017383
226 1 0.6787 0.323073 0 -0.000125631 0.000578132 0 0.00205921 0.0160936 -0.000752242 48 -0.00722699 0.0125131 -0.00103286
227 1 0.718405 0.323085 0 -0.000161217 0.00058459 0 0.00187571 0.0159244 -0.00086708 48 -0.00728611 0.0124744 -0.00118821
228 1 0.758109 0.323106 0 -0.00019564 0.00059091 0 0.00165779 0.0157044 -0.000946319 48 -0.00734572 0.0124115 -0.00129321
229 1 0.79781 0.323136 0 -0.000235339 0.000604044 0 0.00140648 0.0154177 -0.000980886 48 -0.00739628 0.0123103 -0.00133517
152 1 0.838177 0.201773 0 -0.000238068 0.000373434 0 0.00267473 0.0148328 -0.00202466 48 -0.00603352 0.0111035 -0.0027744
153 1 0.877925 0.201845 0 -0.0002841 0.000392773 0 0.0021439 0.0145798 -0.00200611 47 -0.00633698 0.0111932 -0.00273448
154 1 0.91766 0.20195 0 -0.000335239 0.000408829 0 0.0015354 0.0142025 -0.00192493 42 -0.00663516 0.011219 -0.00260714
155 1 0.957383 0.202095 0 -0.00038766 0.000428546 0 0.000640399 0.0135441 -0.00182932 35 -0.00701395 0.0111661 -0.00246163
156 1 0.997093 0.202276 0 -0.000442385 0.000447021 0 -0.000959824 0.0123724 -0.00166376 28 -0.0076909 0.011074 -0.00221635
178 1 0.837911 0.242228 0 -0.000259661 0.00045545 0 0.00203828 0.0149674 -0.00162885 48 -0.00663137 0.0115738 -0.00222243
179 1 0.877637 0.242301 0 -0.000305102 0.000472929 0 0.00157131 0.0146042 -0.00157426 47 -0.00681944 0.0115307 -0.0021346
180 1 0.917357 0.242405 0 -0.000354107 0.00049588 0 0.00100927 0.0140757 -0.00147319 42 -0.00699423 0.0113989 -0.00198266
181 1 0.95707 0.242541 0 -0.000403059 0.000506838 0 0.000152556 0.0132689 -0.00136987 35 -0.0072584 0.0111962 -0.00182967
182 1 0.996777 0.242706 0 -0.000453754 0.000521542 0 -0.00126942 0.0120876 -0.00122332 28 -0.00778213 0.0109942 -0.00161538
204 1 0.837689 0.282699 0 -0.0002715 0.000544059 0 0.00152139 0.0150212 -0.00127205 48 -0.00708572 0.0119091 -0.00172835
205 1 0.877399 0.282769 0 -0.000315522 0.000560482 0 0.00112073 0.0145718 -0.00120283 47 -0.00717036 0.011753 -0.00162248
206 1 0.917108 0.282864 0 -0.000358746 0.000576973 0 0.000612759 0.0139377 -0.00110169 42 -0.00724135 0.011499 -0.00147321
207 1 0.956815 0.282986 0 -0.000405141 0.000584447 0 -0.000185529 0.0130456 -0.00100637 35 -0.00740965 0.0111895 -0.00133406
208 1 0.996521 0.283129 0 -0.000450758 0.000589794 0 -0.00143091 0.0118966 -0.000887499 28 -0.00780537 0.0109148 -0.00116148
230 1 0.837509 0.323181 0 -0.000275762 0.000615776 0 0.0011187 0.0150379 -0.00096354 48 -0.00742563 0.0121495 -0.00130407
231 1 0.877208 0.323243 0 -0.00031674 0.000629395 0 0.000778955 0.0145244 -0.000894096 47 -0.007424 0.011903 -0.00120005
232 1 0.916909 0.323325 0 -0.000356222 0.000643069 0 0.000323803 0.0138203 -0.000804283 42 -0.00741238 0.0115585 -0.00106884
233 1 0.956612 0.323429 0 -0.000396786 0.000654089 0 -0.000413743 0.0128835 -0.000724443 35 -0.00750566 0.0111759 -0.00095333
234 1 0.996318 0.323548 0 -0.0004396 0.000653653 0 -0.0015109 0.0117795 -0.000633771 28 -0.00780376 0.0108554 -0.000822321
235 1 0.00383912 0.363964 0 0.000420708 0.000717473 0 -0.00154625 0.0117155 0.000440923 28 -0.00779601 0.0108183 0.00056804
236 1 0.0435445 0.36387 0 0.000385591 0.000710672 0 -0.000562984 0.0127766 0.000506814 35 -0.00756821 0.0111667 0.000662542
237 1 0.0832451 0.363788 0 0.00035225 0.000706796 0 0.000119906 0.0137335 0.000568572 42 -0.00753109 0.0115977 0.000751433
238 1 0.12294 0.363721 0 0.000314844 0.000698125 0 0.000529001 0.0144816 0.000641367 47 -0.00760517 0.0120063 0.00085713
239 1 0.16263 0.36367 0 0.000279102 0.000689063 0 0.000817524 0.0150405 0.00070223 48 -0.00767437 0.0123214 0.000947292
261 1 0.00395329 0.404379 0 0.00040154 0.000767033 0 -0.00155528 0.0116878 0.000291445 28 -0.00778737 0.010799 0.000373667
262 1 0.0436585 0.404312 0 0.000372888 0.000770558 0 -0.000658285 0.0127115 0.000336445 35 -0.00761003 0.0111643 0.000437916
263 1 0.0833571 0.404252 0 0.000340135 0.000769386 0 -1.77783e-05 0.0136763 0.000380222 42 -0.00761232 0.0116262 0.000500621
264 1 0.123048 0.404203 0 0.000308239 0.000764091 0 0.000356028 0.0144517 0.000433666 47 -0.00773062 0.0120784 0.000577899
265 1 0.162733 0.404166 0 0.000273264 0.000755003 0 0.000605526 0.0150413 0.00048085 48 -0.00784911 0.0124423 0.000647295
287 1 0.00402832 0.444793 0 0.00038054 0.000797898 0 -0.00155123 0.0116838 0.000173269 28 -0.00778164 0.0107933 0.000222078
288 1 0.0437333 0.444752 0 0.000355781 0.000810193 0 -0.000713768 0.0126793 0.000199263 35 -0.00763785 0.0111684 0.000259382
289 1 0.0834307 0.444717 0 0.00032901 0.000810606 0 -0.000101908 0.0136466 0.000225451 42 -0.00766514 0.0116486 0.000296859
290 1 0.123119 0.444688 0 0.000302354 0.000806644 0 0.000248491 0.014438 0.000258608 47 -0.00781157 0.0121279 0.000344725
291 1 0.1628 0.444665 0 0.000276262 0.000800472 0 0.000471754 0.0150465 0.000289037 48 -0.00796215 0.0125231 0.00038933
313 1 0.00406661 0.485207 0 0.000358124 0.000839048 0 -0.00154718 0.0116931 7.33718e-05 28 -0.00778346 0.0107992 9.64459e-05
314 1 0.0437713 0.485194 0 0.000336491 0.000846639 0 -0.000736636 0.0126758 8.14412e-05 35 -0.00765496 0.0111787 0.000107979
315 1 0.0834679 0.485182 0 0.000317447 0.000852307 0 -0.000140135 0.0136428 9.06227e-05 42 -0.00769474 0.0116675 0.000121143
316 1 0.123155 0.485173 0 0.000296888 0.000857096 0 0.000197903 0.0144409 0.000103278 47 -0.00785499 0.0121596 0.000139471
317 1 0.162834 0.485167 0 0.000271819 0.000857165 0 0.000408167 0.0150585 0.000115552 48 -0.00802127 0.0125701 0.000157498
240 1 0.202319 0.363634 0 0.000241612 0.00067381 0 0.00106286 0.0154657 0.000725389 48 -0.00770549 0.012546 0.000984855
241 1 0.242006 0.363608 0 0.000203388 0.000662229 0 0.0012809 0.0157929 0.000708795 48 -0.00770509 0.0127017 0.000966597
242 1 0.281694 0.363591 0 0.000167099 0.000652369 0 0.00147407 0.0160456 0.000656408 48 -0.00768428 0.0128076 0.000897965
243 1 0.321384 0.36358 0 0.000134706 0.000650141 0 0.00164018 0.0162394 0.000574449 48 -0.00765346 0.0128783 0.000787608
266 1 0.202413 0.404139 0 0.000240473 0.000744242 0 0.000817043 0.0154987 0.000502622 48 -0.00792604 0.0127142 0.000681347
267 1 0.242091 0.40412 0 0.000207179 0.000735714 0 0.00100757 0.0158552 0.00049628 48 -0.00796468 0.0129113 0.000676014
268 1 0.281768 0.404108 0 0.000171129 0.000726316 0 0.00117999 0.0161327 0.000463736 48 -0.00797484 0.0130508 0.000633875
269 1 0.321446 0.4041 0 0.000137167 0.000714868 0 0.00133161 0.0163466 0.000408883 48 -0.00796725 0.0131476 0.000560306
292 1 0.202476 0.444649 0 0.000246342 0.000798156 0 0.000660241 0.0155246 0.000304695 48 -0.0080695 0.0128261 0.000413419
293 1 0.242148 0.444639 0 0.00021484 0.000791284 0 0.000832219 0.0159008 0.000303381 48 -0.00813437 0.013051 0.000413716
294 1 0.281817 0.444633 0 0.000181504 0.000787511 0 0.000990309 0.0161951 0.000285792 48 -0.00816566 0.0132135 0.000391118
295 1 0.321486 0.444629 0 0.000146496 0.000782493 0 0.00113146 0.0164224 0.000253822 48 -0.00817412 0.0133279 0.000348303
318 1 0.202507 0.485164 0 0.000243985 0.000849623 0 0.000585879 0.0155471 0.00012262 48 -0.00814335 0.0128884 0.000168201
319 1 0.242175 0.485162 0 0.000214587 0.000845571 0 0.000749135 0.0159331 0.000123236 48 -0.0082209 0.0131269 0.000169787
320 1 0.281842 0.485163 0 0.000187488 0.000841294 0 0.000900562 0.0162358 0.000117437 48 -0.00826227 0.0133004 0.000162316
321 1 0.321507 0.485164 0 0.000155158 0.000840928 0 0.00103685 0.0164694 0.000105541 48 -0.00827811 0.0134231 0.000146271
244 1 0.361074 0.363574 0 9.93336e-05 0.000644772 0 0.00177647 0.0163852 0.000469344 48 -0.00762096 0.012925 0.00064454
245 1 0.400766 0.363571 0 6.76966e-05 0.000635555 0 0.00188071 0.01649 0.00034691 48 -0.00759247 0.0129549 0.000476898
246 1 0.440459 0.363569 0 4.09997e-05 0.000642501 0 0.00195108 0.0165576 0.000212607 48 -0.00757153 0.0129723 0.000292445
247 1 0.480153 0.363569 0 1.36428e-05 0.000633154 0 0.00198658 0.016591 7.15733e-05 48 -0.00756056 0.0129805 9.84904e-05
270 1 0.361123 0.404096 0 0.000107977 0.000710248 0 0.00145808 0.0165073 0.000336117 48 -0.00795115 0.0132129 0.000461418
271 1 0.400802 0.404095 0 7.29831e-05 0.000704302 0 0.00155588 0.016622 0.00024956 48 -0.00793352 0.0132554 0.000343002
272 1 0.440481 0.404094 0 4.41797e-05 0.000702951 0 0.00162245 0.0166959 0.000153418 48 -0.00791926 0.0132807 0.000210998
273 1 0.48016 0.404094 0 1.72434e-05 0.00070529 0 0.00165626 0.0167324 5.17474e-05 48 -0.00791141 0.0132926 7.11852e-05
296 1 0.361155 0.444628 0 0.000113067 0.000777937 0 0.00125091 0.0165928 0.0002099 48 -0.00816924 0.0134059 0.000288614
297 1 0.400825 0.444628 0 8.19835e-05 0.000775962 0 0.00134427 0.0167143 0.000156561 48 -0.00815901 0.0134569 0.000215581
298 1 0.440495 0.444629 0 4.72192e-05 0.000760505 0 0.00140811 0.0167926 9.65364e-05 48 -0.00814936 0.0134876 0.000133032
299 1 0.480165 0.444629 0 1.5266e-05 0.000766879 0 0.00144028 0.0168305 3.26139e-05 48 -0.0081437 0.0135018 4.49461e-05
322 1 0.361171 0.485166 0 0.000117832 0.00083238 0 0.00115295 0.0166442 8.82021e-05 48 -0.00827839 0.013507 0.000122507
323 1 0.400836 0.485168 0 8.74252e-05 0.000830059 0 0.00124413 0.0167686 6.64195e-05 48 -0.00827149 0.0135617 9.23697e-05
324 1 0.440502 0.48517 0 5.23116e-05 0.0008324 0 0.00130693 0.0168487 4.11451e-05 48 -0.00826365 0.0135946 5.72881e-05
325 1 0.480167 0.485171 0 1.3531e-05 0.000826687 0 0.00133862 0.0168874 1.38815e-05 48 -0.00825884 0.0136098 1.93502e-05
248 1 0.519847 0.363569 0 -1.36428e-05 0.000633154 0 0.00198658 0.016591 -7.15733e-05 48 -0.00756056 0.0129805 -9.84904e-05
249 1 0.559541 0.363569 0 -4.09997e-05 0.000642501 0 0.00195108 0.0165576 -0.000212607 48 -0.00757153 0.0129723 -0.000292445
250 1 0.599234 0.363571 0 -6.76966e-05 0.000635555 0 0.00188071 0.01649 -0.00034691 48 -0.00759247 0.0129549 -0.000476898
251 1 0.638926 0.363574 0 -9.93336e-05 0.000644772 0 0.00177647 0.0163852 -0.000469344 48 -0.00762096 0.012925 -0.00064454
274 1 0.51984 0.404094 0 -1.72434e-05 0.00070529 0 0.00165626 0.0167324 -5.17474e-05 48 -0.00791141 0.0132926 -7.11852e-05
275 1 0.559519 0.404094 0 -4.41797e-05 0.000702951 0 0.00162245 0.0166959 -0.000153418 48 -0.00791926 0.0132807 -0.000210998
276 1 0.599198 0.404095 0 -7.29831e-05 0.000704302 0 0.00155588 0.016622 -0.00024956 48 -0.00793352 0.0132554 -0.000343002
277 1 0.638877 0.404096 0 -0.000107977 0.000710248 0 0.00145808 0.0165073 -0.000336117 48 -0.00795115 0.0132129 -0.000461418
300 1 0.519835 0.444629 0 -1.5266e-05 0.000766879 0 0.00144028 0.0168305 -3.26139e-05 48 -0.0081437 0.0135018 -4.49461e-05
301 1 0.559505 0.444629 0 -4.72192e-05 0.000760505 0 0.00140811 0.0167926 -9.65364e-05 48 -0.00814936 0.0134876 -0.000133032
302 1 0.599175 0.444628 0 -8.19835e-05 0.000775962 0 0.00134427 0.0167143 -0.000156561 48 -0.00815901 0.0134569 -0.000215581
303 1 0.638845 0.444628 0 -0.000113067 0.000777937 0 0.00125091 0.0165928 -0.0002099 48 -0.00816924 0.0134059 -0.000288614
326 1 0.519833 0.485171 0 -1.3531e-05 0.000826687 0 0.00133862 0.0168874 -1.38815e-05 48 -0.00825884 0.0136098 -1.93502e-05
327 1 0.559498 0.48517 0 -5.23116e-05 0.0008324 0 0.00130693 0.0168487 -4.11451e-05 48 -0.00826365 0.0135946 -5.72881e-05
328 1 0.599164 0.485168 0 -8.74252e-05 0.000830059 0 0.00124413 0.0167686 -6.64195e-05 48 -0.00827149 0.0135617 -9.23697e-05
329 1 0.638829 0.485166 0 -0.000117832 0.00083238 0 0.00115295 0.0166442 -8.82021e-05 48 -0.00827839 0.013507 -0.000122507
252 1 0.678616 0.36358 0 -0.000134706 0.000650141 0 0.00164018 0.0162394 -0.000574449 48 -0.00765346 0.0128783 -0.000787608
253 1 0.718306 0.363591 0 -0.000167099 0.000652369 0 0.00147407 0.0160456 -0.000656408 48 -0.00768428 0.0128076 -0.000897965
254 1 0.757994 0.363608 0 -0.000203388 0.000662229 0 0.0012809 0.0157929 -0.000708795 48 -0.00770509 0.0127017 -0.000966597
255 1 0.797681 0.363634 0 -0.000241612 0.00067381 0 0.00106286 0.0154657 -0.000725389 48 -0.00770549 0.012546 -0.000984855
278 1 0.678554 0.4041 0 -0.000137167 0.000714868 0 0.00133161 0.0163466 -0.000408883 48 -0.00796725 0.0131476 -0.000560306
279 1 0.718232 0.404108 0 -0.000171129 0.000726316 0 0.00117999 0.0161327 -0.000463736 48 -0.00797484 0.0130508 -0.000633875
280 1 0.757909 0.40412 0 -0.000207179 0.000735714 0 0.00100757 0.0158552 -0.00049628 48 -0.00796468 0.0129113 -0.000676014
281 1 0.797587 0.404139 0 -0.000240473 0.000744242 0 0.000817043 0.0154987 -0.000502622 48 -0.00792604 0.0127142 -0.000681347
304 1 0.678514 0.444629 0 -0.000146496 0.000782493 0 0.00113146 0.0164224 -0.000253822 48 -0.00817412 0.0133279 -0.000348303
305 1 0.718183 0.444633 0 -0.000181504 0.000787511 0 0.000990309 0.0161951 -0.000285792 48 -0.00816566 0.0132135 -0.000391118
306 1 0.757852 0.444639 0 -0.00021484 0.000791284 0 0.000832219 0.0159008 -0.000303381 48 -0.00813437 0.013051 -0.000413716
307 1 0.797524 0.444649 0 -0.000246342 0.000798156 0 0.000660241 0.0155246 -0.000304695 48 -0.0080695 0.0128261 -0.000413419
330 1 0.678493 0.485164 0 -0.000155158 0.000840928 0 0.00103685 0.0164694 -0.000105541 48 -0.00827811 0.0134231 -0.000146271
331 1 0.718158 0.485163 0 -0.000187488 0.000841294 0 0.000900562 0.0162358 -0.000117437 48 -0.00826227 0.0133004 -0.000162316
332 1 0.757825 0.485162 0 -0.000214587 0.000845571 0 0.000749135 0.0159331 -0.000123236 48 -0.0082209 0.0131269 -0.000169787
333 1 0.797493 0.485164 0 -0.000243985 0.000849623 0 0.000585879 0.0155471 -0.00012262 48 -0.00814335 0.0128884 -0.000168201
256 1 0.83737 0.36367 0 -0.000279102 0.000689063 0 0.000817524 0.0150405 -0.00070223 48 -0.00767437 0.0123214 -0.000947292
257 1 0.87706 0.363721 0 -0.000314844 0.000698125 0 0.000529001 0.0144816 -0.000641367 47 -0.00760517 0.0120063 -0.00085713
258 1 0.916755 0.363788 0 -0.00035225 0.000706796 0 0.000119906 0.0137335 -0.000568572 42 -0.00753109 0.0115977 -0.000751433
259 1 0.956455 0.36387 0 -0.000385591 0.000710672 0 -0.000562984 0.0127766 -0.000506814 35 -0.00756821 0.0111667 -0.000662542
260 1 0.996161 0.363964 0 -0.000420708 0.000717473 0 -0.00154625 0.0117155 -0.000440923 28 -0.00779601 0.0108183 -0.00056804
282 1 0.837267 0.404166 0 -0.000273264 0.000755003 0 0.000605526 0.0150413 -0.00048085 48 -0.00784911 0.0124423 -0.000647295
283 1 0.876952 0.404203 0 -0.000308239 0.000764091 0 0.000356028 0.0144517 -0.000433666 47 -0.00773062 0.0120784 -0.000577899
284 1 0.916643 0.404252 0 -0.000340135 0.000769386 0 -1.77783e-05 0.0136763 -0.000380222 42 -0.00761232 0.0116262 -0.000500621
285 1 0.956342 0.404312 0 -0.000372888 0.000770558 0 -0.000658285 0.0127115 -0.000336445 35 -0.00761003 0.0111643 -0.000437916
286 1 0.996047 0.404379 0 -0.00040154 0.000767033 0 -0.00155528 0.0116878 -0.000291445 28 -0.00778737 0.010799 -0.000373667
308 1 0.8372 0.444665 0 -0.000276262 0.000800472 0 0.000471754 0.0150465 -0.000289037 48 -0.00796215 0.0125231 -0.00038933
309 1 0.876881 0.444688 0 -0.000302354 0.000806644 0 0.000248491 0.014438 -0.000258608 47 -0.00781157 0.0121279 -0.000344725
310 1 0.916569 0.444717 0 -0.00032901 0.000810606 0 -0.000101908 0.0136466 -0.000225451 42 -0.00766514 0.0116486 -0.000296859
311 1 0.956267 0.444752 0 -0.000355781 0.000810193 0 -0.000713768 0.0126793 -0.000199263 35 -0.00763785 0.0111684 -0.000259382
312 1 0.995972 0.444793 0 -0.00038054 0.000797898 0 -0.00155123 0.0116838 -0.000173269 28 -0.00778164 0.0107933 -0.000222078
334 1 0.837166 0.485167 0 -0.000271819 0.000857165 0 0.000408167 0.0150585 -0.000115552 48 -0.00802127 0.0125701 -0.000157498
335 1 0.876845 0.485173 0 -0.000296888 0.000857096 0 0.000197903 0.0144409 -0.000103278 47 -0.00785499 0.0121596 -0.000139471
336 1 0.916532 0.485182 0 -0.000317447 0.000852307 0 -0.000140135 0.0136428 -9.06227e-05 42 -0.00769474 0.0116675 -0.000121143
337 1 0.956229 0.485194 0 -0.000336491 0.000846639 0 -0.000736636 0.0126758 -8.14412e-05 35 -0.00765496 0.0111787 -0.000107979
338 1 0.995933 0.485207 0 -0.000358124 0.000839048 0 -0.00154718 0.0116931 -7.33718e-05 28 -0.00778346 0.0107992 -9.64459e-05
339 2 0.00406923 0.525622 0 0.000336563 0.000864554 0 -0.00154572 0.0117107 -2.16524e-05 28 -0.00779207 0.0108144 -2.25294e-05
340 2 0.0437735 0.525635 0 0.000315532 0.000880491 0 -0.000735231 0.0126931 -2.98923e-05 35 -0.00766377 0.0111937 -3.42295e-05
341 2 0.0834698 0.525648 0 0.000297384 0.000883384 0 -0.00013864 0.0136604 -3.73472e-05 42 -0.00770364 0.0116828 -4.48947e-05
342 2 0.123157 0.52566 0 0.000276127 0.000889428 0 0.000199981 0.0144594 -4.51784e-05 47 -0.0078639 0.0121754 -5.60973e-05
343 2 0.162835 0.52567 0 0.000252369 0.000892958 0 0.000411101 0.0150777 -5.14503e-05 48 -0.0080299 0.012586 -6.52825e-05
365 2 0.0040362 0.566037 0 0.000303292 0.000885352 0 -0.00154512 0.011737 -0.0001222 28 -0.00780745 0.010838 -0.000148916
366 2 0.0437401 0.566077 0 0.000295188 0.000897041 0 -0.0007089 0.0127324 -0.00014706 35 -0.0076645 0.0112139 -0.000184629
367 2 0.0834365 0.566114 0 0.000278724 0.000908981 0 -9.65336e-05 0.0137014 -0.000171743 42 -0.00769227 0.0116953 -0.000219892
368 2 0.123124 0.566147 0 0.000261985 0.000916884 0 0.00025557 0.014495 -0.000200366 47 -0.0078385 0.0121756 -0.000261088
369 2 0.162804 0.566173 0 0.00024725 0.000923838 0 0.000480947 0.015105 -0.0002252 48 -0.00798813 0.012571 -0.000297505
391 2 0.00396658 0.606453 0 0.000271924 0.000898636 0 -0.00154948 0.0117735 -0.000238642 28 -0.00783238 0.0108734 -0.000297611
392 2 0.04367 0.606521 0 0.000262648 0.000912982 0 -0.000653819 0.0127986 -0.000283658 35 -0.0076568 0.0112409 -0.000361994
393 2 0.0833668 0.606582 0 0.000251829 0.000929832 0 -9.81496e-06 0.0137681 -0.000326544 42 -0.00765876 0.011705 -0.000423365
394 2 0.123056 0.606633 0 0.000239763 0.000943619 0 0.000367752 0.0145475 -0.000376083 47 -0.00777606 0.0121586 -0.000494844
395 2 0.162739 0.606675 0 0.0002268 0.000950099 0 0.000621199 0.0151393 -0.000418279 48 -0.00789242 0.0125223 -0.000556913
417 2 0.00385805 0.646872 0 0.00024053 0.000907088 0 -0.00155129 0.0118292 -0.000387439 28 -0.00786604 0.0109244 -0.000490894
418 2 0.0435608 0.646966 0 0.000227514 0.000926496 0 -0.000560724 0.0128979 -0.000454497 35 -0.00763658 0.0112755 -0.000587072
419 2 0.0832586 0.647049 0 0.000221274 0.00094128 0 0.0001292 0.0138622 -0.000516175 42 -0.00759764 0.0117091 -0.000675684
420 2 0.122951 0.647119 0 0.000212176 0.000953495 0 0.000544171 0.0146153 -0.000585814 47 -0.00766953 0.012119 -0.000776638
421 2 0.162639 0.647174 0 0.000196815 0.000963929 0 0.000838458 0.0151764 -0.000642536 48 -0.00773504 0.0124328 -0.000860696
344 2 0.202508 0.525679 0 0.000229413 0.000894255 0 0.000589396 0.0155659 -5.39493e-05 48 -0.00815128 0.0129037 -6.93307e-05
345 2 0.242176 0.525687 0 0.000205958 0.000894243 0 0.00075318 0.0159511 -5.25071e-05 48 -0.00822781 0.0131411 -6.79681e-05
346 2 0.281842 0.525695 0 0.000177774 0.000893787 0 0.000905648 0.0162529 -4.76038e-05 48 -0.00826778 0.0133133 -6.18261e-05
347 2 0.321507 0.525701 0 0.000149261 0.000896689 0 0.00104332 0.0164856 -4.04346e-05 48 -0.00828195 0.0134345 -5.25105e-05
370 2 0.202478 0.566195 0 0.000228539 0.000929744 0 0.000672007 0.0155832 -0.000236702 48 -0.00809333 0.0128728 -0.00031554
371 2 0.242149 0.566212 0 0.000205812 0.000931294 0 0.00084713 0.0159585 -0.000233534 48 -0.00815492 0.013095 -0.000313188
372 2 0.281818 0.566225 0 0.000178442 0.000934387 0 0.00100876 0.0162508 -0.000217001 48 -0.00818199 0.0132536 -0.000292177
373 2 0.321487 0.566236 0 0.000150938 0.000936199 0 0.00115332 0.0164749 -0.000189777 48 -0.00818557 0.0133633 -0.000256151
396 2 0.202418 0.606708 0 0.000210799 0.000956291 0 0.000837135 0.015597 -0.000436441 48 -0.00796564 0.012792 -0.00058576
397 2 0.242094 0.606733 0 0.000189634 0.000961787 0 0.00103285 0.0159518 -0.000428738 48 -0.0079988 0.0129846 -0.000578548
398 2 0.28177 0.606753 0 0.000169337 0.000969305 0 0.00121113 0.0162259 -0.000397748 48 -0.00800187 0.0131176 -0.000538683
399 2 0.321446 0.606767 0 0.000143866 0.000972278 0 0.00136859 0.0164347 -0.000347818 48 -0.00798618 0.0132064 -0.000472196
422 2 0.202324 0.647217 0 0.0001822 0.000975596 0 0.00108966 0.0156007 -0.000662919 48 -0.00776055 0.0126533 -0.00089426
423 2 0.24201 0.647249 0 0.000168994 0.00098859 0 0.0013141 0.0159237 -0.000645495 48 -0.00775216 0.0128018 -0.000874932
424 2 0.281696 0.647273 0 0.000148705 0.000998802 0 0.00151473 0.0161703 -0.000594826 48 -0.00772133 0.0128979 -0.000808888
425 2 0.321384 0.64729 0 0.000126539 0.00100583 0 0.00168935 0.0163573 -0.00051769 48 -0.00767922 0.0129576 -0.000705554
348 2 0.361171 0.525706 0 0.000120949 0.000889775 0 0.00116078 0.0166598 -3.20507e-05 48 -0.00828062 0.0135168 -4.15393e-05
349 2 0.400836 0.52571 0 8.54552e-05 0.000881532 0 0.00125301 0.0167832 -2.29414e-05 48 -0.00827224 0.0135701 -2.96923e-05
350 2 0.440501 0.525713 0 5.17592e-05 0.000887527 0 0.00131651 0.0168622 -1.37658e-05 48 -0.00826318 0.0136016 -1.77722e-05
351 2 0.480167 0.525715 0 2.00644e-05 0.000877378 0 0.00134916 0.0169012 -4.63051e-06 48 -0.00825763 0.0136164 -5.95298e-06
374 2 0.361155 0.566245 0 0.000121122 0.000937249 0 0.0012762 0.0166422 -0.000154689 48 -0.00817584 0.0134365 -0.000209096
375 2 0.400825 0.566251 0 8.61507e-05 0.000940757 0 0.00137272 0.0167609 -0.000113974 48 -0.00816119 0.013483 -0.000154196
376 2 0.440494 0.566255 0 5.36496e-05 0.000935875 0 0.00143889 0.0168365 -6.96338e-05 48 -0.008148 0.01351 -9.42376e-05
377 2 0.480165 0.566257 0 1.89713e-05 0.000936132 0 0.00147252 0.0168736 -2.34001e-05 48 -0.00814049 0.0135224 -3.16671e-05
400 2 0.361123 0.606778 0 0.000113667 0.000975337 0 0.00150077 0.0165897 -0.000283574 48 -0.00796183 0.0132634 -0.0003856
401 2 0.400801 0.606786 0 8.46528e-05 0.000977162 0 0.00160374 0.0166995 -0.000209088 48 -0.00793679 0.0132983 -0.0002846
402 2 0.44048 0.606791 0 5.10542e-05 0.000976534 0 0.00167433 0.01677 -0.000127912 48 -0.00791698 0.0133181 -0.000174192
403 2 0.48016 0.606793 0 1.57899e-05 0.000979082 0 0.00171002 0.0168042 -4.3035e-05 48 -0.0079062 0.0133269 -5.86155e-05
426 2 0.361074 0.647303 0 0.000102709 0.00101162 0 0.00183406 0.0164957 -0.000420717 48 -0.00763514 0.0129927 -0.000574238
427 2 0.400766 0.647312 0 7.65825e-05 0.00101056 0 0.00194517 0.0165933 -0.000309497 48 -0.00759644 0.0130121 -0.000422833
428 2 0.440459 0.647317 0 4.65704e-05 0.00101325 0 0.00202062 0.0166559 -0.000189033 48 -0.0075681 0.013022 -0.000258385
429 2 0.480153 0.64732 0 1.58398e-05 0.00101194 0 0.00205902 0.0166866 -6.35545e-05 48 -0.0075531 0.0130261 -8.68797e-05
352 2 0.519833 0.525715 0 -2.00644e-05 0.000877378 0 0.00134916 0.0169012 4.63051e-06 48 -0.00825763 0.0136164 5.95298e-06
353 2 0.559499 0.525713 0 -5.17592e-05 0.000887527 0 0.00131651 0.0168622 1.37658e-05 48 -0.00826318 0.0136016 1.77722e-05
354 2 0.599164 0.52571 0 -8.54552e-05 0.000881532 0 0.00125301 0.0167832 2.29414e-05 48 -0.00827224 0.0135701 2.96923e-05
355 2 0.638829 0.525706 0 -0.000120949 0.000889775 0 0.00116078 0.0166598 3.20507e-05 48 -0.00828062 0.0135168 4.15393e-05
378 2 0.519835 0.566257 0 -1.89713e-05 0.000936132 0 0.00147252 0.0168736 2.34001e-05 48 -0.00814049 0.0135224 3.16671e-05
379 2 0.559506 0.566255 0 -5.36496e-05 0.000935875 0 0.00143889 0.0168365 6.96338e-05 48 -0.008148 0.01351 9.42376e-05
380 2 0.599175 0.566251 0 -8.61507e-05 0.000940757 0 0.00137272 0.0167609 0.000113974 48 -0.00816119 0.013483 0.000154196
381 2 0.638845 0.566245 0 -0.000121122 0.000937249 0 0.0012762 0.0166422 0.000154689 48 -0.00817584 0.0134365 0.000209096
404 2 0.51984 0.606793 0 -1.57899e-05 0.000979082 0 0.00171002 0.0168042 4.3035e-05 48 -0.0079062 0.0133269 5.86155e-05
405 2 0.55952 0.606791 0 -5.10542e-05 0.000976534 0 0.00167433 0.01677 0.000127912 48 -0.00791698 0.0133181 0.000174192
406 2 0.599199 0.606786 0 -8.46528e-05 0.000977162 0 0.00160374 0.0166995 0.000209088 48 -0.00793679 0.0132983 0.0002846
407 2 0.638877 0.606778 0 -0.000113667 0.000975337 0 0.00150077 0.0165897 0.000283574 48 -0.00796183 0.0132634 0.0003856
430 2 0.519847 0.64732 0 -1.58398e-05 0.00101194 0 0.00205902 0.0166866 6.35545e-05 48 -0.0075531 0.0130261 8.68797e-05
431 2 0.559541 0.647317 0 -4.65704e-05 0.00101325 0 0.00202062 0.0166559 0.000189033 48 -0.0075681 0.013022 0.000258385
432 2 0.599234 0.647312 0 -7.65825e-05 0.00101056 0 0.00194517 0.0165933 0.000309497 48 -0.00759644 0.0130121 0.000422833
433 2 0.638926 0.647303 0 -0.000102709 0.00101162 0 0.00183406 0.0164957 0.000420717 48 -0.00763514 0.0129927 0.000574238
356 2 0.678493 0.525701 0 -0.000149261 0.000896689 0 0.00104332 0.0164856 4.04346e-05 48 -0.00828195 0.0134345 5.25105e-05
357 2 0.718158 0.525695 0 -0.000177774 0.000893787 0 0.000905648 0.0162529 4.76038e-05 48 -0.00826778 0.0133133 6.18261e-05
358 2 0.757824 0.525687 0 -0.000205958 0.000894243 0 0.00075318 0.0159511 5.25071e-05 48 -0.00822781 0.0131411 6.79681e-05
359 2 0.797492 0.525679 0 -0.000229413 0.000894255 0 0.000589396 0.0155659 5.39493e-05 48 -0.00815128 0.0129037 6.93307e-05
382 2 0.678513 0.566236 0 -0.000150938 0.000936199 0 0.00115332 0.0164749 0.000189777 48 -0.00818557 0.0133633 0.000256151
383 2 0.718182 0.566225 0 -0.000178442 0.000934387 0 0.00100876 0.0162508 0.000217001 48 -0.00818199 0.0132536 0.000292177
384 2 0.757851 0.566212 0 -0.000205812 0.000931294 0 0.00084713 0.0159585 0.000233534 48 -0.00815492 0.013095 0.000313188
385 2 0.797522 0.566195 0 -0.000228539 0.000929744 0 0.000672007 0.0155832 0.000236702 48 -0.00809333 0.0128728 0.00031554
408 2 0.678554 0.606767 0 -0.000143866 0.000972278 0 0.00136859 0.0164347 0.000347818 48 -0.00798618 0.0132064 0.000472196
409 2 0.71823 0.606753 0 -0.000169337 0.000969305 0 0.00121113 0.0162259 0.000397748 48 -0.00800187 0.0131176 0.000538683
410 2 0.757906 0.606733 0 -0.000189634 0.000961787 0 0.00103285 0.0159518 0.000428738 48 -0.0079988 0.0129846 0.000578548
411 2 0.797582 0.606708 0 -0.000210799 0.000956291 0 0.000837135 0.015597 0.000436441 48 -0.00796564 0.012792 0.00058576
434 2 0.678616 0.64729 0 -0.000126539 0.00100583 0 0.00168935 0.0163573 0.00051769 48 -0.00767922 0.0129576 0.000705554
435 2 0.718304 0.647273 0 -0.000148705 0.000998802 0 0.00151473 0.0161703 0.000594826 48 -0.00772133 0.0128979 0.000808888
436 2 0.75799 0.647249 0 -0.000168994 0.00098859 0 0.0013141 0.0159237 0.000645495 48 -0.00775216 0.0128018 0.000874932
437 2 0.797676 0.647217 0 -0.0001822 0.000975596 0 0.00108966 0.0156007 0.000662919 48 -0.00776055 0.0126533 0.00089426
360 2 0.837165 0.52567 0 -0.000252369 0.000892958 0 0.000411101 0.0150777 5.14503e-05 48 -0.0080299 0.012586 6.52825e-05
361 2 0.876843 0.52566 0 -0.000276127 0.000889428 0 0.000199981 0.0144594 4.51784e-05 47 -0.0078639 0.0121754 5.60973e-05
362 2 0.91653 0.525648 0 -0.000297384 0.000883384 0 -0.00013864 0.0136604 3.73472e-05 42 -0.00770364 0.0116828 4.48947e-05
363 2 0.956226 0.525635 0 -0.000315532 0.000880491 0 -0.000735231 0.0126931 2.98923e-05 35 -0.00766377 0.0111937 3.42295e-05
364 2 0.995931 0.525622 0 -0.000336563 0.000864554 0 -0.00154572 0.0117107 2.16524e-05 28 -0.00779207 0.0108144 2.25294e-05
386 2 0.837196 0.566173 0 -0.00024725 0.000923838 0 0.000480947 0.015105 0.0002252 48 -0.00798813 0.012571 0.000297505
387 2 0.876876 0.566147 0 -0.000261985 0.000916884 0 0.00025557 0.014495 0.000200366 47 -0.0078385 0.0121756 0.000261088
388 2 0.916564 0.566114 0 -0.000278724 0.000908981 0 -9.65336e-05 0.0137014 0.000171743 42 -0.00769227 0.0116953 0.000219892
389 2 0.95626 0.566077 0 -0.000295188 0.000897041 0 -0.0007089 0.0127324 0.00014706 35 -0.0076645 0.0112139 0.000184629
390 2 0.995964 0.566037 0 -0.000303292 0.000885352 0 -0.00154512 0.011737 0.0001222 28 -0.00780745 0.010838 0.000148916
412 2 0.837261 0.606675 0 -0.0002268 0.000950099 0 0.000621199 0.0151393 0.000418279 48 -0.00789242 0.0125223 0.000556913
413 2 0.876944 0.606633 0 -0.000239763 0.000943619 0 0.000367752 0.0145475 0.000376083 47 -0.00777606 0.0121586 0.000494844
414 2 0.916633 0.606582 0 -0.000251829 0.000929832 0 -9.81496e-06 0.0137681 0.000326544 42 -0.00765876 0.011705 0.000423365
415 2 0.95633 0.606521 0 -0.000262648 0.000912982 0 -0.000653819 0.0127986 0.000283658 35 -0.0076568 0.0112409 0.000361994
416 2 0.996033 0.606453 0 -0.000271924 0.000898636 0 -0.00154948 0.0117735 0.000238642 28 -0.00783238 0.0108734 0.000297611
438 2 0.837361 0.647174 0 -0.000196815 0.000963929 0 0.000838458 0.0151764 0.000642536 48 -0.00773504 0.0124328 0.000860696
439 2 0.877049 0.647119 0 -0.000212176 0.000953495 0 0.000544171 0.0146153 0.000585814 47 -0.00766953 0.012119 0.000776638
440 2 0.916741 0.647049 0 -0.000221274 0.00094128 0 0.0001292 0.0138622 0.000516175 42 -0.00759764 0.0117091 0.000675684
441 2 0.956439 0.646966 0 -0.000227514 0.000926496 0 -0.000560724 0.0128979 0.000454497 35 -0.00763658 0.0112755 0.000587072
442 2 0.996142 0.646872 0 -0.00024053 0.000907088 0 -0.00155129 0.0118292 0.000387439 28 -0.00786604 0.0109244 0.000490894
443 2 0.0037068 0.687292 0 0.000203276 0.00092032 0 -0.00152844 0.0119217 -0.000583091 28 -0.00790125 0.0109943 -0.000748861
444 2 0.0434089 0.687412 0 0.00019976 0.000938352 0 -0.000413184 0.0130406 -0.000675496 35 -0.00759598 0.0113175 -0.000882191
445 2 0.0831085 0.687517 0 0.000192196 0.000952657 0 0.000334802 0.0139867 -0.000755707 42 -0.0074991 0.0117026 -0.000998145
446 2 0.122805 0.687603 0 0.00018436 0.000969646 0 0.000797702 0.0146961 -0.000843024 47 -0.00750712 0.0120475 -0.00112561
447 2 0.162501 0.687669 0 0.000175315 0.000986737 0 0.00114511 0.0152113 -0.000909024 48 -0.00750313 0.0122913 -0.00122462
469 2 0.00350792 0.727717 0 0.000171811 0.000926467 0 -0.00145863 0.012068 -0.000843385 28 -0.0079283 0.0110855 -0.00109695
470 2 0.0432096 0.727862 0 0.000167706 0.00094019 0 -0.000186872 0.0132375 -0.00096394 35 -0.00752159 0.0113631 -0.00127192
471 2 0.0829124 0.727985 0 0.0001587 0.000956899 0 0.00062642 0.0141417 -0.00105992 42 -0.00734732 0.011675 -0.00141188
472 2 0.122616 0.728084 0 0.000150754 0.000973962 0 0.0011445 0.0147812 -0.001159 47 -0.00727084 0.0119283 -0.00155809
473 2 0.162323 0.728158 0 0.000145658 0.000987351 0 0.00155502 0.0152311 -0.00122523 48 -0.00717802 0.0120794 -0.0016597
495 2 0.00325525 0.768148 0 0.000142763 0.000932114 0 -0.00130476 0.0122869 -0.00118958 28 -0.00792771 0.0111941 -0.001565
496 2 0.0429571 0.768314 0 0.000137674 0.00095004 0 0.000152026 0.0134949 -0.00133736 35 -0.00738918 0.0113996 -0.00178131
497 2 0.0826652 0.768452 0 0.000133941 0.000968524 0 0.00102768 0.0143156 -0.00144125 42 -0.0071167 0.011604 -0.0019351
498 2 0.122379 0.768559 0 0.000126599 0.000986395 0 0.00160197 0.0148487 -0.00154041 47 -0.0069341 0.0117333 -0.00208433
499 2 0.162101 0.768636 0 0.000114834 0.000997691 0 0.00208062 0.01521 -0.00159216 48 -0.00673498 0.0117683 -0.00216826
521 2 0.00294122 0.808585 0 0.000119965 0.000943256 0 -0.000998759 0.0125999 -0.00164158 28 -0.00785563 0.0113014 -0.0021821
522 2 0.0426452 0.808768 0 0.000111243 0.000957076 0 0.000645246 0.0138038 -0.00180974 35 -0.00715948 0.0113965 -0.00243145
523 2 0.0823622 0.808916 0 0.000104764 0.000972673 0 0.00156359 0.0144774 -0.00190573 42 -0.00676935 0.0114495 -0.00257766
524 2 0.122092 0.809024 0 9.73229e-05 0.000983975 0 0.00218645 0.0148577 -0.00198467 47 -0.00646057 0.0114183 -0.002702
525 2 0.161835 0.809099 0 9.10398e-05 0.00100243 0 0.00273097 0.0151067 -0.00199988 48 -0.00614303 0.0113173 -0.00273745
448 2 0.202197 0.687719 0 0.000162954 0.000998395 0 0.00144101 0.0155891 -0.000924208 48 -0.0074656 0.0124458 -0.00125266
449 2 0.241895 0.687756 0 0.000147277 0.00100577 0 0.00170139 0.0158706 -0.000889242 48 -0.00740422 0.0125374 -0.00121029
450 2 0.281597 0.687782 0 0.000130992 0.00101536 0 0.00192912 0.0160827 -0.000811704 48 -0.00733154 0.0125876 -0.00110795
451 2 0.321301 0.687801 0 0.000110508 0.0010256 0 0.00212288 0.0162421 -0.000701283 48 -0.00725802 0.0126119 -0.000959126
474 2 0.202033 0.728212 0 0.000134235 0.00100099 0 0.00190173 0.0155474 -0.00122426 48 -0.00706385 0.0121511 -0.00166703
475 2 0.241749 0.72825 0 0.000120145 0.0010117 0 0.00220074 0.0157773 -0.001161 48 -0.00694134 0.0121751 -0.00158656
476 2 0.28147 0.728278 0 0.00010791 0.00102877 0 0.00245645 0.0159485 -0.00104766 48 -0.00682239 0.0121732 -0.00143521
477 2 0.321196 0.728297 0 9.38926e-05 0.00104489 0 0.00266904 0.0160767 -0.000897153 48 -0.00671558 0.012159 -0.00123108
500 2 0.201831 0.76869 0 0.000108718 0.00101155 0 0.00247992 0.0154512 -0.00155982 48 -0.00653474 0.011744 -0.00213357
501 2 0.24157 0.768728 0 9.9678e-05 0.00102809 0 0.00281544 0.0156211 -0.00145513 48 -0.00634786 0.0116942 -0.00199634
502 2 0.281316 0.768754 0 8.37083e-05 0.00104043 0 0.00309396 0.0157463 -0.00129597 48 -0.00618378 0.0116384 -0.00178165
503 2 0.321068 0.768772 0 6.98673e-05 0.00105222 0 0.00332031 0.0158415 -0.00109855 48 -0.00604678 0.011587 -0.00151236
526 2 0.201591 0.80915 0 8.21493e-05 0.00101359 0 0.0031755 0.0152608 -0.00191665 48 -0.00585561 0.0111904 -0.00263307
527 2 0.241358 0.809185 0 7.43081e-05 0.00102706 0 0.00353761 0.0153663 -0.00175608 48 -0.00560992 0.0110682 -0.0024184
528 2 0.281135 0.809207 0 6.4223e-05 0.00103638 0 0.00382885 0.0154459 -0.00154186 48 -0.00540915 0.0109643 -0.00212693
529 2 0.320919 0.809222 0 5.12946e-05 0.00104517 0 0.00405889 0.0155094 -0.00129264 48 -0.00525081 0.0108823 -0.00178521
452 2 0.361008 0.687815 0 9.08151e-05 0.00103469 0 0.00228065 0.0163599 -0.000566805 48 -0.00719145 0.0126212 -0.000776229
453 2 0.400718 0.687824 0 6.59061e-05 0.00104312 0 0.00240076 0.0164435 -0.000415428 48 -0.0071374 0.0126229 -0.000569409
454 2 0.44043 0.687829 0 3.87282e-05 0.00105083 0 0.00248131 0.0164967 -0.000253159 48 -0.00709957 0.0126216 -0.000347136
455 2 0.480143 0.687832 0 1.21416e-05 0.00104761 0 0.00252166 0.0165225 -8.50012e-05 48 -0.00708021 0.0126203 -0.000116561
478 2 0.360926 0.72831 0 7.2967e-05 0.0010458 0 0.0028385 0.0161717 -0.000720172 48 -0.00662639 0.0121413 -0.00098936
479 2 0.400659 0.728319 0 5.27819e-05 0.00105556 0 0.00296546 0.0162393 -0.000525294 48 -0.00655762 0.0121249 -0.000722205
480 2 0.440394 0.728324 0 3.21702e-05 0.00106029 0 0.00304992 0.0162827 -0.000319232 48 -0.00651093 0.0121125 -0.000439048
481 2 0.480131 0.728327 0 1.16139e-05 0.00105565 0 0.00309201 0.0163039 -0.000107047 48 -0.00648745 0.012106 -0.000147229
504 2 0.360826 0.768784 0 5.59888e-05 0.00106395 0 0.00349769 0.0159139 -0.000875222 48 -0.00593817 0.0115445 -0.00120608
505 2 0.400587 0.768792 0 4.11837e-05 0.0010702 0 0.0036278 0.0159658 -0.00063509 48 -0.00585777 0.011512 -0.000875704
506 2 0.440351 0.768796 0 2.78271e-05 0.00107444 0 0.0037133 0.0159996 -0.000384642 48 -0.00580469 0.0114903 -0.000530529
507 2 0.480117 0.768798 0 9.16736e-06 0.00107477 0 0.00375595 0.0160163 -0.000128749 48 -0.00577817 0.0114794 -0.0001776
530 2 0.360709 0.809232 0 4.20954e-05 0.00105931 0 0.00423502 0.0155598 -0.00102158 48 -0.00513053 0.0108206 -0.00141198
531 2 0.400504 0.809238 0 2.86652e-05 0.00106952 0 0.00436267 0.0155979 -0.000737183 48 -0.00504418 0.010777 -0.00101939
532 2 0.440301 0.809241 0 1.52122e-05 0.00107017 0 0.0044458 0.0156236 -0.000444898 48 -0.00498851 0.0107494 -0.000615359
533 2 0.4801 0.809243 0 6.8955e-06 0.00107653 0 0.00448657 0.0156363 -0.000148675 48 -0.00496122 0.0107359 -0.000205665
456 2 0.519857 0.687832 0 -1.21416e-05 0.00104761 0 0.00252166 0.0165225 8.50012e-05 48 -0.00708021 0.0126203 0.000116561
457 2 0.55957 0.687829 0 -3.87282e-05 0.00105083 0 0.00248131 0.0164967 0.000253159 48 -0.00709957 0.0126216 0.000347136
458 2 0.599282 0.687824 0 -6.59061e-05 0.00104312 0 0.00240076 0.0164435 0.000415428 48 -0.0071374 0.0126229 0.000569409
459 2 0.638992 0.687815 0 -9.08151e-05 0.00103469 0 0.00228065 0.0163599 0.000566805 48 -0.00719145 0.0126212 0.000776229
482 2 0.519869 0.728327 0 -1.16139e-05 0.00105565 0 0.00309201 0.0163039 0.000107047 48 -0.00648745 0.012106 0.000147229
483 2 0.559606 0.728324 0 -3.21702e-05 0.00106029 0 0.00304992 0.0162827 0.000319232 48 -0.00651093 0.0121125 0.000439048
484 2 0.599341 0.728319 0 -5.27819e-05 0.00105556 0 0.00296546 0.0162393 0.000525294 48 -0.00655762 0.0121249 0.000722205
485 2 0.639074 0.72831 0 -7.2967e-05 0.0010458 0 0.0028385 0.0161717 0.000720172 48 -0.00662639 0.0121413 0.00098936
508 2 0.519883 0.768798 0 -9.16736e-06 0.00107477 0 0.00375595 0.0160163 0.000128749 48 -0.00577817 0.0114794 0.0001776
509 2 0.559649 0.768796 0 -2.78271e-05 0.00107444 0 0.0037133 0.0159996 0.000384642 48 -0.00580469 0.0114903 0.000530529
510 2 0.599413 0.768792 0 -4.11837e-05 0.0010702 0 0.0036278 0.0159658 0.00063509 48 -0.00585777 0.011512 0.000875704
511 2 0.639174 0.768784 0 -5.59888e-05 0.00106395 0 0.00349769 0.0159139 0.000875222 48 -0.00593817 0.0115445 0.00120608
534 2 0.5199 0.809243 0 -6.8955e-06 0.00107653 0 0.00448657 0.0156363 0.000148675 48 -0.00496122 0.0107359 0.000205665
535 2 0.559699 0.809241 0 -1.52122e-05 0.00107017 0 0.0044458 0.0156236 0.000444898 48 -0.00498851 0.0107494 0.000615359
536 2 0.599496 0.809238 0 -2.86652e-05 0.00106952 0 0.00436267 0.0155979 0.000737183 48 -0.00504418 0.010777 0.00101939
537 2 0.639291 0.809232 0 -4.20954e-05 0.00105931 0 0.00423502 0.0155598 0.00102158 48 -0.00513053 0.0108206 0.00141198
460 2 0.678699 0.687801 0 -0.000110508 0.0010256 0 0.00212288 0.0162421 0.000701283 48 -0.00725802 0.0126119 0.000959126
461 2 0.718403 0.687782 0 -0.000130992 0.00101536 0 0.00192912 0.0160827 0.000811704 48 -0.00733154 0.0125876 0.00110795
462 2 0.758105 0.687756 0 -0.000147277 0.00100577 0 0.00170139 0.0158706 0.000889242 48 -0.00740422 0.0125374 0.00121029
463 2 0.797803 0.687719 0 -0.000162954 0.000998395 0 0.00144101 0.0155891 0.000924208 48 -0.0074656 0.0124458 0.00125266
486 2 0.678804 0.728297 0 -9.38926e-05 0.00104489 0 0.00266904 0.0160767 0.000897153 48 -0.00671558 0.012159 0.00123108
487 2 0.71853 0.728278 0 -0.00010791 0.00102877 0 0.00245645 0.0159485 0.00104766 48 -0.00682239 0.0121732 0.00143521
488 2 0.758251 0.72825 0 -0.000120145 0.0010117 0 0.00220074 0.0157773 0.001161 48 -0.00694134 0.0121751 0.00158656
489 2 0.797967 0.728212 0 -0.000134235 0.00100099 0 0.00190173 0.0155474 0.00122426 48 -0.00706385 0.0121511 0.00166703
512 2 0.678932 0.768772 0 -6.98673e-05 0.00105222 0 0.00332031 0.0158415 0.00109855 48 -0.00604678 0.011587 0.00151236
513 2 0.718684 0.768754 0 -8.37083e-05 0.00104043 0 0.00309396 0.0157463 0.00129597 48 -0.00618378 0.0116384 0.00178165
514 2 0.75843 0.768728 0 -9.9678e-05 0.00102809 0 0.00281544 0.0156211 0.00145513 48 -0.00634786 0.0116942 0.00199634
515 2 0.798169 0.76869 0 -0.000108718 0.00101155 0 0.00247992 0.0154512 0.00155982 48 -0.00653474 0.011744 0.00213357
538 2 0.679081 0.809222 0 -5.12946e-05 0.00104517 0 0.00405889 0.0155094 0.00129264 48 -0.00525081 0.0108823 0.00178521
539 2 0.718865 0.809207 0 -6.4223e-05 0.00103638 0 0.00382885 0.0154459 0.00154186 48 -0.00540915 0.0109643 0.00212693
540 2 0.758642 0.809185 0 -7.43081e-05 0.00102706 0 0.00353761 0.0153663 0.00175608 48 -0.00560992 0.0110682 0.0024184
541 2 0.798409 0.80915 0 -8.21493e-05 0.00101359 0 0.0031755 0.0152608 0.00191665 48 -0.00585561 0.0111904 0.00263307
464 2 0.837499 0.687669 0 -0.000175315 0.000986737 0 0.00114511 0.0152113 0.000909024 48 -0.00750313 0.0122913 0.00122462
465 2 0.877195 0.687603 0 -0.00018436 0.000969646 0 0.000797702 0.0146961 0.000843024 47 -0.00750712 0.0120475 0.00112561
466 2 0.916892 0.687517 0 -0.000192196 0.000952657 0 0.000334802 0.0139867 0.000755707 42 -0.0074991 0.0117026 0.000998145
467 2 0.956591 0.687412 0 -0.00019976 0.000938352 0 -0.000413184 0.0130406 0.000675496 35 -0.00759598 0.0113175 0.000882191
468 2 0.996293 0.687292 0 -0.000203276 0.00092032 0 -0.00152844 0.0119217 0.000583091 28 -0.00790125 0.0109943 0.000748861
490 2 0.837677 0.728158 0 -0.000145658 0.000987351 0 0.00155502 0.0152311 0.00122523 48 -0.00717802 0.0120794 0.0016597
491 2 0.877384 0.728084 0 -0.000150754 0.000973962 0 0.0011445 0.0147812 0.001159 47 -0.00727084 0.0119283 0.00155809
492 2 0.917088 0.727985 0 -0.0001587 0.000956899 0 0.00062642 0.0141417 0.00105992 42 -0.00734732 0.011675 0.00141188
493 2 0.95679 0.727862 0 -0.000167706 0.00094019 0 -0.000186872 0.0132375 0.00096394 35 -0.00752159 0.0113631 0.00127192
494 2 0.996492 0.727717 0 -0.000171811 0.000926467 0 -0.00145863 0.012068 0.000843385 28 -0.0079283 0.0110855 0.00109695
516 2 0.837899 0.768636 0 -0.000114834 0.000997691 0 0.00208062 0.01521 0.00159216 48 -0.00673498 0.0117683 0.00216826
517 2 0.877621 0.768559 0 -0.000126599 0.000986395 0 0.00160197 0.0148487 0.00154041 47 -0.0069341 0.0117333 0.00208433
518 2 0.917335 0.768452 0 -0.000133941 0.000968524 0 0.00102768 0.0143156 0.00144125 42 -0.0071167 0.011604 0.0019351
519 2 0.957043 0.768314 0 -0.000137674 0.00095004 0 0.000152026 0.0134949 0.00133736 35 -0.00738918 0.0113996 0.00178131
520 2 0.996745 0.768148 0 -0.000142763 0.000932114 0 -0.00130476 0.0122869 0.00118958 28 -0.00792771 0.0111941 0.001565
542 2 0.838165 0.809099 0 -9.10398e-05 0.00100243 0 0.00273097 0.0151067 0.00199988 48 -0.00614303 0.0113173 0.00273745
543 2 0.877908 0.809024 0 -9.73229e-05 0.000983975 0 0.00218645 0.0148577 0.00198467 47 -0.00646057 0.0114183 0.002702
544 2 0.917638 0.808916 0 -0.000104764 0.000972673 0 0.00156359 0.0144774 0.00190573 42 -0.00676935 0.0114495 0.00257766
545 2 0.957355 0.808768 0 -0.000111243 0.000957076 0 0.000645246 0.0138038 0.00180974 35 -0.00715948 0.0113965 0.00243145
546 2 0.997059 0.808585 0 -0.000119965 0.000943256 0 -0.000998759 0.0125999 0.00164158 28 -0.00785563 0.0113014 0.0021821
547 2 0.00255792 0.849032 0 9.57223e-05 0.000949596 0 -0.000455668 0.0130018 -0.00221699 28 -0.00763935 0.0113555 -0.0029758
548 2 0.0422679 0.849224 0 8.79687e-05 0.000965299 0 0.00132813 0.0141126 -0.00238558 35 -0.00677432 0.0112902 -0.00323103
549 2 0.0819995 0.849372 0 7.88885e-05 0.00097888 0 0.0022454 0.0145508 -0.00244558 42 -0.00625295 0.0111396 -0.00333087
550 2 0.121752 0.849474 0 7.55081e-05 0.000989645 0 0.00289773 0.0147266 -0.00247215 47 -0.00580413 0.0109133 -0.00338535
551 2 0.161524 0.849542 0 6.9588e-05 0.00100368 0 0.00349312 0.0148417 -0.00242069 48 -0.00536783 0.0106654 -0.00332958
573 2 0.00209876 0.889489 0 7.08022e-05 0.000960821 0 0.000434692 0.0134955 -0.00297234 27 -0.0071889 0.0113024 -0.00402813
574 2 0.0418216 0.889676 0 6.56701e-05 0.000971114 0 0.00229992 0.0144043 -0.00308871 34 -0.00614129 0.0110145 -0.00421646
575 2 0.081577 0.889812 0 6.14341e-05 0.000982158 0 0.00313192 0.0144872 -0.00305169 41 -0.0054903 0.0106031 -0.00418439
576 2 0.121362 0.8899 0 5.25575e-05 0.00099567 0 0.00376772 0.0144033 -0.00297126 46 -0.00490762 0.0101586 -0.00409174
577 2 0.161173 0.889953 0 4.29572e-05 0.00100537 0 0.00437419 0.0143707 -0.00281339 47 -0.00437723 0.00977351 -0.00388789
599 2 0.00156833 0.929948 0 5.07636e-05 0.000974802 0 0.00158996 0.0140598 -0.00387718 24 -0.00655805 0.0111777 -0.00529536
600 2 0.0413116 0.930113 0 4.18699e-05 0.000986163 0 0.00385405 0.0149741 -0.00388498 30 -0.00517692 0.0106601 -0.00534151
601 2 0.0811024 0.930222 0 3.53788e-05 0.000992302 0 0.00462972 0.0147234 -0.00368985 36 -0.00438263 0.00998686 -0.00509202
602 2 0.120934 0.930285 0 2.78327e-05 0.000997292 0 0.00513117 0.0143215 -0.00343653 41 -0.00373064 0.00933902 -0.00475779
603 2 0.160795 0.930321 0 2.18759e-05 0.00100457 0 0.00563408 0.0141066 -0.00313573 42 -0.00318207 0.00885162 -0.00435242
625 2 0.000976474 0.970402 0 2.64243e-05 0.000983765 0 0.00255954 0.0146499 -0.0049478 20 -0.00609728 0.0112114 -0.00678614
626 2 0.0407377 0.970519 0 2.17553e-05 0.000987274 0 0.00641113 0.0163851 -0.00474329 25 -0.00384139 0.010472 -0.00656086
627 2 0.0805861 0.970583 0 1.71892e-05 0.000995871 0 0.00689936 0.0156658 -0.00431119 30 -0.00301922 0.00954665 -0.00598243
628 2 0.120484 0.970616 0 1.57255e-05 0.001 0 0.00705755 0.0148514 -0.00384293 34 -0.00241949 0.00873146 -0.00534485
629 2 0.160409 0.970631 0 1.40562e-05 0.00100325 0 0.00725053 0.0143532 -0.00338255 35 -0.00196949 0.00817268 -0.00471217
651 2 0 1.01092 0 0 0.001 0 0.0132996 0.0222979 -0.00671662 16 -0.00141612 0.0117842 -0.00936908
652 2 0.04 1.01092 0 0 0.001 0 0.0104193 0.0188657 -0.00579389 20 -0.00188878 0.0104191 -0.00807074
653 2 0.08 1.01092 0 0 0.001 0 0.00914497 0.0165744 -0.00491513 24 -0.00165329 0.00912466 -0.00685133
654 2 0.12 1.01092 0 0 0.001 0 0.0086623 0.0152108 -0.00417792 27 -0.00127861 0.00819123 -0.00583022
655 2 0.16 1.01092 0 0 0.001 0 0.00849561 0.0144908 -0.00357118 28 -0.00100431 0.00764201 -0.00498764
552 2 0.201313 0.849585 0 5.91604e-05 0.0010114 0 0.00396211 0.0149017 -0.00226449 48 -0.00500613 0.0104411 -0.00312388
553 2 0.241116 0.849613 0 4.90105e-05 0.0010245 0 0.00432826 0.0149427 -0.00203494 48 -0.00472001 0.0102592 -0.00281271
554 2 0.28093 0.84963 0 4.28756e-05 0.00104605 0 0.0046122 0.0149794 -0.00176023 48 -0.00450055 0.010121 -0.0024362
555 2 0.320752 0.849642 0 3.57638e-05 0.00105539 0 0.00482962 0.0150141 -0.0014595 48 -0.00433604 0.0100202 -0.00202174
578 2 0.201004 0.889986 0 3.6281e-05 0.00101254 0 0.00482479 0.0143376 -0.00256298 47 -0.00397712 0.00947657 -0.00354978
579 2 0.24085 0.890005 0 2.99813e-05 0.0010185 0 0.00515702 0.0143197 -0.00225753 47 -0.00368523 0.00926126 -0.00313127
580 2 0.280706 0.890017 0 2.43842e-05 0.00102604 0 0.00540322 0.0143183 -0.00192438 47 -0.0034752 0.00911064 -0.00267174
581 2 0.32057 0.890024 0 1.84071e-05 0.00103549 0 0.00558657 0.0143288 -0.00157902 47 -0.00332507 0.00900765 -0.00219363
604 2 0.200677 0.93034 0 1.78635e-05 0.00101536 0 0.00597631 0.0139637 -0.00278176 42 -0.00280953 0.00851941 -0.00386715
605 2 0.240571 0.930351 0 1.37071e-05 0.00102123 0 0.00621312 0.0138807 -0.00240561 42 -0.00256002 0.00830087 -0.00334745
606 2 0.280474 0.930357 0 9.12794e-06 0.00102732 0 0.00638233 0.0138394 -0.00202503 42 -0.00239153 0.00815894 -0.00281963
607 2 0.320382 0.93036 0 7.99704e-06 0.00103312 0 0.00650669 0.0138248 -0.00164739 42 -0.00227633 0.00806749 -0.00229479
630 2 0.200347 0.970638 0 9.64539e-06 0.00100322 0 0.00737173 0.0140538 -0.00293227 35 -0.00169333 0.00783001 -0.00408874
631 2 0.240293 0.970642 0 6.50584e-06 0.00100779 0 0.00745792 0.013887 -0.00249938 35 -0.00152252 0.00762423 -0.00348709
632 2 0.280243 0.970644 0 5.86546e-06 0.00100985 0 0.0075235 0.0137975 -0.00208493 35 -0.00141353 0.00749944 -0.00290991
633 2 0.320196 0.970645 0 4.60505e-06 0.00101178 0 0.00757621 0.0137537 -0.00168635 35 -0.00134174 0.00742341 -0.00235418
656 2 0.2 1.01092 0 0 0.001 0 0.00842522 0.0141171 -0.00304834 28 -0.000846513 0.00734229 -0.00425948
657 2 0.24 1.01092 0 0 0.001 0 0.00840029 0.0139249 -0.00257757 28 -0.000754364 0.00717705 -0.00360268
658 2 0.28 1.01092 0 0 0.001 0 0.00839837 0.0138287 -0.00214112 28 -0.000697968 0.00708421 -0.00299315
659 2 0.32 1.01092 0 0 0.001 0 0.00840775 0.0137838 -0.00172785 28 -0.000661781 0.00703148 -0.00241569
556 2 0.360579 0.849649 0 2.58706e-05 0.00105928 0 0.00499208 0.0150452 -0.00114426 48 -0.00421592 0.009949 -0.00158602
557 2 0.400411 0.849653 0 1.94696e-05 0.00107196 0 0.00510821 0.015071 -0.000821079 48 -0.0041321 0.00990105 -0.00113852
558 2 0.440246 0.849655 0 1.1686e-05 0.00107437 0 0.00518303 0.0150896 -0.000493839 48 -0.00407913 0.00987168 -0.000684879
559 2 0.480082 0.849656 0 1.53913e-06 0.00107574 0 0.00521956 0.0150993 -0.000164786 48 -0.00405365 0.00985791 -0.00022854
582 2 0.360439 0.890028 0 1.16757e-05 0.00103859 0 0.00572171 0.0143454 -0.00122899 47 -0.00321932 0.00893889 -0.00170808
583 2 0.400311 0.89003 0 9.39569e-06 0.00104192 0 0.00581699 0.0143621 -0.000877607 47 -0.00314755 0.00889457 -0.00122005
584 2 0.440186 0.890032 0 3.96512e-06 0.00104814 0 0.005878 0.0143754 -0.000526238 47 -0.003103 0.00886828 -0.000731662
585 2 0.480062 0.890032 0 5.99939e-07 0.00104091 0 0.00590799 0.0143828 -0.000175329 47 -0.00308161 0.00885611 -0.000243772
608 2 0.360294 0.930362 0 6.51763e-06 0.00104251 0 0.00659836 0.0138253 -0.00127484 42 -0.00219765 0.00800942 -0.00177632
609 2 0.400208 0.930363 0 -8.48832e-07 0.00104627 0 0.00666309 0.0138317 -0.000906951 42 -0.00214546 0.00797343 -0.00126392
610 2 0.440124 0.930364 0 2.84027e-06 0.0010538 0 0.00670494 0.0138389 -0.000542581 42 -0.00211348 0.00795281 -0.000756219
611 2 0.480041 0.930364 0 3.69091e-06 0.00105147 0 0.00672551 0.0138432 -0.000180584 42 -0.00209809 0.00794323 -0.000251697
634 2 0.360151 0.970646 0 2.03991e-06 0.00101571 0 0.00761857 0.0137357 -0.00130012 35 -0.00129391 0.00737747 -0.00181526
635 2 0.400107 0.970646 0 2.83988e-06 0.00101464 0 0.00764932 0.0137289 -0.000922755 35 -0.00126269 0.00734962 -0.00128849
636 2 0.440064 0.970646 0 2.39029e-06 0.00100578 0 0.00767066 0.0137288 -0.000551289 35 -0.00124368 0.00733462 -0.000769848
637 2 0.480021 0.970646 0 1.4848e-06 0.00101377 0 0.00768115 0.0137293 -0.000183371 35 -0.00123457 0.00732736 -0.000256095
660 2 0.36 1.01092 0 0 0.001 0 0.00842126 0.013766 -0.00133043 28 -0.000638069 0.00700173 -0.00186018
661 2 0.4 1.01092 0 0 0.001 0 0.00843476 0.0137619 -0.000943614 28 -0.000622746 0.00698551 -0.00131935
662 2 0.44 1.01092 0 0 0.001 0 0.00844484 0.0137624 -0.00056357 28 -0.000613457 0.00697689 -0.000787989
663 2 0.48 1.01092 0 0 0.001 0 0.00845021 0.0137636 -0.000187433 28 -0.00060901 0.00697325 -0.000262079
560 2 0.519918 0.849656 0 -1.53913e-06 0.00107574 0 0.00521956 0.0150993 0.000164786 48 -0.00405365 0.00985791 0.00022854
561 2 0.559754 0.849655 0 -1.1686e-05 0.00107437 0 0.00518303 0.0150896 0.000493839 48 -0.00407913 0.00987168 0.000684879
562 2 0.599589 0.849653 0 -1.94696e-05 0.00107196 0 0.00510821 0.015071 0.000821079 48 -0.0041321 0.00990105 0.00113852
563 2 0.639421 0.849649 0 -2.58706e-05 0.00105928 0 0.00499208 0.0150452 0.00114426 48 -0.00421592 0.009949 0.00158602
586 2 0.519938 0.890032 0 -5.99939e-07 0.00104091 0 0.00590799 0.0143828 0.000175329 47 -0.00308161 0.00885611 0.000243772
587 2 0.559814 0.890032 0 -3.96512e-06 0.00104814 0 0.005878 0.0143754 0.000526238 47 -0.003103 0.00886828 0.000731662
588 2 0.599689 0.89003 0 -9.39569e-06 0.00104192 0 0.00581699 0.0143621 0.000877607 47 -0.00314755 0.00889457 0.00122005
589 2 0.639561 0.890028 0 -1.16757e-05 0.00103859 0 0.00572171 0.0143454 0.00122899 47 -0.00321932 0.00893889 0.00170808
612 2 0.519959 0.930364 0 -3.69091e-06 0.00105147 0 0.00672551 0.0138432 0.000180584 42 -0.00209809 0.00794323 0.000251697
613 2 0.559876 0.930364 0 -2.84027e-06 0.0010538 0 0.00670494 0.0138389 0.000542581 42 -0.00211348 0.00795281 0.000756219
614 2 0.599792 0.930363 0 8.48832e-07 0.00104627 0 0.00666309 0.0138317 0.000906951 42 -0.00214546 0.00797343 0.00126392
615 2 0.639706 0.930362 0 -6.51763e-06 0.00104251 0 0.00659836 0.0138253 0.00127484 42 -0.00219765 0.00800942 0.00177632
638 2 0.519979 0.970646 0 -1.4848e-06 0.00101377 0 0.00768115 0.0137293 0.000183371 35 -0.00123457 0.00732736 0.000256095
639 2 0.559936 0.970646 0 -2.39029e-06 0.00100578 0 0.00767066 0.0137288 0.000551289 35 -0.00124368 0.00733462 0.000769848
640 2 0.599893 0.970646 0 -2.83988e-06 0.00101464 0 0.00764932 0.0137289 0.000922755 35 -0.00126269 0.00734962 0.00128849
641 2 0.639849 0.970646 0 -2.03991e-06 0.00101571 0 0.00761857 0.0137357 0.00130012 35 -0.00129391 0.00737747 0.00181526
664 2 0.52 1.01092 0 0 0.001 0 0.00845021 0.0137636 0.000187433 28 -0.00060901 0.00697325 0.000262079
665 2 0.56 1.01092 0 0 0.001 0 0.00844484 0.0137624 0.00056357 28 -0.000613457 0.00697689 0.000787989
666 2 0.6 1.01092 0 0 0.001 0 0.00843476 0.0137619 0.000943614 28 -0.000622746 0.00698551 0.00131935
667 2 0.64 1.01092 0 0 0.001 0 0.00842126 0.013766 0.00133043 28 -0.000638069 0.00700173 0.00186018
564 2 0.679248 0.849642 0 -3.57638e-05 0.00105539 0 0.00482962 0.0150141 0.0014595 48 -0.00433604 0.0100202 0.00202174
565 2 0.71907 0.84963 0 -4.28756e-05 0.00104605 0 0.0046122 0.0149794 0.00176023 48 -0.00450055 0.010121 0.0024362
566 2 0.758884 0.849613 0 -4.90105e-05 0.0010245 0 0.00432826 0.0149427 0.00203494 48 -0.00472001 0.0102592 0.00281271
567 2 0.798687 0.849585 0 -5.91604e-05 0.0010114 0 0.00396211 0.0149017 0.00226449 48 -0.00500613 0.0104411 0.00312388
590 2 0.67943 0.890024 0 -1.84071e-05 0.00103549 0 0.00558657 0.0143288 0.00157902 47 -0.00332507 0.00900765 0.00219363
591 2 0.719294 0.890017 0 -2.43842e-05 0.00102604 0 0.00540322 0.0143183 0.00192438 47 -0.0034752 0.00911064 0.00267174
592 2 0.75915 0.890005 0 -2.99813e-05 0.0010185 0 0.00515702 0.0143197 0.00225753 47 -0.00368523 0.00926126 0.00313127
593 2 0.798996 0.889986 0 -3.6281e-05 0.00101254 0 0.00482479 0.0143376 0.00256298 47 -0.00397712 0.00947657 0.00354978
616 2 0.679618 0.93036 0 -7.99704e-06 0.00103312 0 0.00650669 0.0138248 0.00164739 42 -0.00227633 0.00806749 0.00229479
617 2 0.719526 0.930357 0 -9.12794e-06 0.00102732 0 0.00638233 0.0138394 0.00202503 42 -0.00239153 0.00815894 0.00281963
618 2 0.759429 0.930351 0 -1.37071e-05 0.00102123 0 0.00621312 0.0138807 0.00240561 42 -0.00256002 0.00830087 0.00334745
619 2 0.799323 0.93034 0 -1.78635e-05 0.00101536 0 0.00597631 0.0139637 0.00278176 42 -0.00280953 0.00851941 0.00386715
642 2 0.679804 0.970645 0 -4.60505e-06 0.00101178 0 0.00757621 0.0137537 0.00168635 35 -0.00134174 0.00742341 0.00235418
643 2 0.719757 0.970644 0 -5.86546e-06 0.00100985 0 0.0075235 0.0137975 0.00208493 35 -0.00141353 0.00749944 0.00290991
644 2 0.759707 0.970642 0 -6.50584e-06 0.00100779 0 0.00745792 0.013887 0.00249938 35 -0.00152252 0.00762423 0.00348709
645 2 0.799653 0.970638 0 -9.64539e-06 0.00100322 0 0.00737173 0.0140538 0.00293227 35 -0.00169333 0.00783001 0.00408874
668 2 0.68 1.01092 0 0 0.001 0 0.00840775 0.0137838 0.00172785 28 -0.000661781 0.00703148 0.00241569
669 2 0.72 1.01092 0 0 0.001 0 0.00839837 0.0138287 0.00214112 28 -0.000697968 0.00708421 0.00299315
670 2 0.76 1.01092 0 0 0.001 0 0.00840029 0.0139249 0.00257757 28 -0.000754364 0.00717705 0.00360268
671 2 0.8 1.01092 0 0 0.001 0 0.00842522 0.0141171 0.00304834 28 -0.000846513 0.00734229 0.00425948
568 2 0.838476 0.849542 0 -6.9588e-05 0.00100368 0 0.00349312 0.0148417 0.00242069 48 -0.00536783 0.0106654 0.00332958
569 2 0.878248 0.849474 0 -7.55081e-05 0.000989645 0 0.00289773 0.0147266 0.00247215 47 -0.00580413 0.0109133 0.00338535
570 2 0.918 0.849372 0 -7.88885e-05 0.00097888 0 0.0022454 0.0145508 0.00244558 42 -0.00625295 0.0111396 0.00333087
571 2 0.957732 0.849224 0 -8.79687e-05 0.000965299 0 0.00132813 0.0141126 0.00238558 35 -0.00677432 0.0112902 0.00323103
572 2 0.997442 0.849032 0 -9.57223e-05 0.000949596 0 -0.000455668 0.0130018 0.00221699 28 -0.00763935 0.0113555 0.0029758
594 2 0.838827 0.889953 0 -4.29572e-05 0.00100537 0 0.00437419 0.0143707 0.00281339 47 -0.00437723 0.00977351 0.00388789
595 2 0.878638 0.8899 0 -5.25575e-05 0.00099567 0 0.00376772 0.0144033 0.00297126 46 -0.00490762 0.0101586 0.00409174
596 2 0.918423 0.889812 0 -6.14341e-05 0.000982158 0 0.00313192 0.0144872 0.00305169 41 -0.0054903 0.0106031 0.00418439
597 2 0.958178 0.889676 0 -6.56701e-05 0.000971114 0 0.00229992 0.0144043 0.00308871 34 -0.00614129 0.0110145 0.00421646
598 2 0.997901 0.889489 0 -7.08022e-05 0.000960821 0 0.000434692 0.0134955 0.00297234 27 -0.0071889 0.0113024 0.00402813
620 2 0.839205 0.930321 0 -2.18759e-05 0.00100457 0 0.00563408 0.0141066 0.00313573 42 -0.00318207 0.00885162 0.00435242
621 2 0.879066 0.930285 0 -2.78327e-05 0.000997292 0 0.00513117 0.0143215 0.00343653 41 -0.00373064 0.00933902 0.00475779
622 2 0.918898 0.930222 0 -3.53788e-05 0.000992302 0 0.00462972 0.0147234 0.00368985 36 -0.00438263 0.00998686 0.00509202
623 2 0.958688 0.930113 0 -4.18699e-05 0.000986163 0 0.00385405 0.0149741 0.00388498 30 -0.00517692 0.0106601 0.00534151
624 2 0.998432 0.929948 0 -5.07636e-05 0.000974802 0 0.00158996 0.0140598 0.00387718 24 -0.00655805 0.0111777 0.00529536
646 2 0.839591 0.970631 0 -1.40562e-05 0.00100325 0 0.00725053 0.0143532 0.00338255 35 -0.00196949 0.00817268 0.00471217
647 2 0.879516 0.970616 0 -1.57255e-05 0.001 0 0.00705755 0.0148514 0.00384293 34 -0.00241949 0.00873146 0.00534485
648 2 0.919414 0.970583 0 -1.71892e-05 0.000995871 0 0.00689936 0.0156658 0.00431119 30 -0.00301922 0.00954665 0.00598243
649 2 0.959262 0.970519 0 -2.17553e-05 0.000987274 0 0.00641113 0.0163851 0.00474329 25 -0.00384139 0.010472 0.00656086
650 2 0.999024 0.970402 0 -2.64243e-05 0.000983765 0 0.00255954 0.0146499 0.0049478 20 -0.00609728 0.0112114 0.00678614
672 2 0.84 1.01092 0 0 0.001 0 0.00849561 0.0144908 0.00357118 28 -0.00100431 0.00764201 0.00498764
673 2 0.88 1.01092 0 0 0.001 0 0.0086623 0.0152108 0.00417792 27 -0.00127861 0.00819123 0.00583022
674 2 0.92 1.01092 0 0 0.001 0 0.00914497 0.0165744 0.00491513 24 -0.00165329 0.00912466 0.00685133
675 2 0.96 1.01092 0 0 0.001 0 0.0104193 0.0188657 0.00579389 20 -0.00188878 0.0104191 0.00807074
676 2 1 1.01092 0 0 0.001 0 0.0132996 0.0222979 0.00671662 16 -0.00141612 0.0117842 0.00936908
