1 1 0 0 0 0 0 0 0.0942163 0.14961 0.0514853 16 -0.0100948 0.095122 0.0705646
2 1 0.04 0 0 0 0 0 0.075864 0.130726 0.0450301 20 -0.0136632 0.0847778 0.0611445
3 1 0.08 0 0 0 0 0 0.0686057 0.119265 0.0382982 24 -0.0121419 0.0748728 0.0521794
4 1 0.12 0 0 0 0 0 0.0662437 0.112692 0.0324718 27 -0.0095549 0.0675048 0.0445249
5 1 0.16 0 0 0 0 0 0.065484 0.109191 0.0276695 28 -0.00762047 0.0628637 0.0381243
27 1 0.00731812 0.0434533 0 7.42931e-05 3.14304e-05 0 0.0178643 0.100294 0.0412835 20 -0.0435513 0.0910049 0.0516002
28 1 0.0456166 0.042851 0 5.7699e-05 2.76229e-05 0 0.0470786 0.11547 0.0380309 25 -0.0279094 0.0852201 0.0495335
29 1 0.0845027 0.0425039 0 4.66149e-05 2.52986e-05 0 0.0518549 0.113166 0.0341174 30 -0.022126 0.0780609 0.0451398
30 1 0.123733 0.0423086 0 3.85636e-05 2.34237e-05 0 0.0536922 0.109541 0.030082 34 -0.0179781 0.0716611 0.0403091
31 1 0.163156 0.0422109 0 3.26512e-05 2.28362e-05 0 0.0554238 0.107375 0.0262563 35 -0.0148327 0.0670698 0.0355248
53 1 0.0118223 0.0868238 0 0.000121073 6.64577e-05 0 0.0105051 0.0987467 0.0332219 24 -0.0475908 0.0910042 0.0400475
54 1 0.0499427 0.0858773 0 0.000102459 5.99381e-05 0 0.0287488 0.107378 0.0320443 30 -0.0375663 0.0869075 0.0400503
55 1 0.0884016 0.0852361 0 8.69589e-05 5.53441e-05 0 0.0352292 0.107313 0.0298019 36 -0.0319633 0.0816146 0.038002
56 1 0.127146 0.0848444 0 7.41911e-05 5.18892e-05 0 0.0391381 0.105763 0.0272196 41 -0.027502 0.0764694 0.0353543
57 1 0.1661 0.0846175 0 6.33453e-05 4.99759e-05 0 0.0428938 0.10519 0.0244585 42 -0.0237188 0.0724658 0.0322546
79 1 0.0157697 0.130277 0 0.000161724 0.000102255 0 0.00283755 0.0974031 0.0262616 27 -0.051994 0.0922722 0.0301217
80 1 0.0537303 0.129162 0 0.000141016 9.27009e-05 0 0.0175769 0.105032 0.0261125 34 -0.0444299 0.0898947 0.031163
81 1 0.0919248 0.128344 0 0.000122571 8.49862e-05 0 0.0240555 0.10647 0.0250828 41 -0.039864 0.0865606 0.0306715
82 1 0.13033 0.127799 0 0.000106392 7.97708e-05 0 0.0286904 0.106535 0.023756 46 -0.0359101 0.0829726 0.0297678
105 1 0.0191416 0.173768 0 0.000196664 0.000140419 0 -0.00299923 0.096229 0.02023 28 -0.055097 0.093115 0.0219216
106 1 0.0569986 0.172609 0 0.00017488 0.000131317 0 0.0106634 0.104617 0.0206266 35 -0.0489114 0.0923888 0.0234349
107 1 0.0950151 0.171709 0 0.000154797 0.000124305 0 0.0174264 0.107923 0.0204008 42 -0.045265 0.0910013 0.0238855
108 1 0.133181 0.171068 0 0.000136149 0.000118845 0 0.0220437 0.109371 0.0199231 47 -0.0422217 0.0890819 0.0240437
83 1 0.168916 0.127453 0 9.1921e-05 7.65541e-05 0 0.033092 0.106938 0.0220102 47 -0.0322962 0.0798224 0.0281585
109 1 0.171486 0.170634 0 0.000118725 0.000114635 0 0.0263149 0.110551 0.0189806 48 -0.039267 0.0870351 0.0235141
6 1 0.2 0 0 0 0 0 0.065085 0.107318 0.0235741 28 -0.00647743 0.0600546 0.0325733
7 1 0.24 0 0 0 0 0 0.0648895 0.106366 0.0199127 28 -0.00579262 0.0583104 0.0275594
8 1 0.28 0 0 0 0 0 0.0648248 0.105931 0.016531 28 -0.00536442 0.0571963 0.0229018
9 1 0.32 0 0 0 0 0 0.0648421 0.105785 0.0133357 28 -0.00508571 0.0564734 0.0184869
32 1 0.20268 0.0421606 0 2.76825e-05 2.19285e-05 0 0.0564548 0.106053 0.0226643 35 -0.0128574 0.0640411 0.0308455
33 1 0.24226 0.0421336 0 2.31918e-05 2.2069e-05 0 0.05712 0.105326 0.0192818 35 -0.011609 0.0620522 0.0263363
34 1 0.281875 0.0421196 0 1.9362e-05 2.15574e-05 0 0.0575979 0.104985 0.0160725 35 -0.0107975 0.0607343 0.0220028
35 1 0.321512 0.042113 0 1.55032e-05 2.15276e-05 0 0.0579687 0.104875 0.0129972 35 -0.0102563 0.0598564 0.0178193
58 1 0.205197 0.0844858 0 5.39686e-05 4.78967e-05 0 0.0454563 0.104853 0.021518 42 -0.0211046 0.0695904 0.0286551
59 1 0.244388 0.0844084 0 4.55801e-05 4.70673e-05 0 0.0472226 0.104727 0.0185321 42 -0.019323 0.0675738 0.0248341
60 1 0.28364 0.0843634 0 3.77625e-05 4.6278e-05 0 0.0484799 0.10476 0.0155711 42 -0.0181017 0.0661749 0.0209526
61 1 0.322935 0.0843377 0 3.04929e-05 4.56672e-05 0 0.0493993 0.104892 0.0126582 42 -0.0172581 0.0652128 0.0170804
84 1 0.207645 0.127236 0 7.88636e-05 7.42215e-05 0 0.0364027 0.107266 0.0198014 47 -0.0295392 0.077314 0.0256889
85 1 0.246477 0.127101 0 6.69011e-05 7.33085e-05 0 0.0388634 0.10759 0.0173262 47 -0.0275029 0.0754135 0.0226892
86 1 0.285385 0.127017 0 5.55576e-05 7.20838e-05 0 0.0406958 0.107927 0.0147211 47 -0.0260213 0.0740187 0.0194009
87 1 0.324347 0.126967 0 4.49534e-05 7.14635e-05 0 0.0420624 0.108264 0.0120606 47 -0.0249535 0.0730186 0.0159647
110 1 0.209912 0.170345 0 0.000102699 0.000110775 0 0.0297409 0.111407 0.0174645 48 -0.0368052 0.0851682 0.022033
111 1 0.248435 0.170156 0 8.73166e-05 0.000108731 0 0.0324424 0.112094 0.0155497 48 -0.0348463 0.0836133 0.0198652
112 1 0.287033 0.170033 0 7.30643e-05 0.000106627 0 0.0345448 0.112679 0.0133854 48 -0.0333349 0.0823903 0.0172508
113 1 0.325688 0.169955 0 5.89636e-05 0.000105909 0 0.0361595 0.113185 0.0110719 48 -0.0321961 0.0814666 0.0143575
10 1 0.36 0 0 0 0 0 0.0649007 0.10579 0.0102662 28 -0.00490146 0.056005 0.0142376
11 1 0.4 0 0 0 0 0 0.0649694 0.105855 0.00728064 28 -0.00478173 0.055709 0.0100998
12 1 0.44 0 0 0 0 0 0.0650265 0.105926 0.00434859 28 -0.00470951 0.0555353 0.00603335
13 1 0.48 0 0 0 0 0 0.0650583 0.105969 0.00144634 28 -0.00467548 0.0554551 0.00200684
36 1 0.361164 0.0421105 0 1.19102e-05 2.16266e-05 0 0.0582603 0.104891 0.0100202 35 -0.00989304 0.0592755 0.0137515
37 1 0.400825 0.0421101 0 8.53407e-06 2.1236e-05 0 0.0584796 0.104957 0.00711245 35 -0.00965453 0.0589017 0.00976727
38 1 0.440493 0.0421104 0 4.97309e-06 2.14588e-05 0 0.0586271 0.105026 0.00425026 35 -0.00950975 0.0586793 0.00583902
39 1 0.480164 0.0421107 0 1.72478e-06 2.12523e-05 0 0.0587013 0.105067 0.00141396 35 -0.00944127 0.0585756 0.00194286
62 1 0.362258 0.0843238 0 2.35042e-05 4.58559e-05 0 0.0500724 0.105065 0.00979294 42 -0.0166782 0.064561 0.0132391
63 1 0.401601 0.0843168 0 1.65767e-05 4.52644e-05 0 0.0505483 0.105232 0.00696684 42 -0.0162914 0.0641341 0.00943029
64 1 0.440956 0.0843135 0 1.00353e-05 4.58342e-05 0 0.0508539 0.105361 0.0041689 42 -0.0160542 0.0638768 0.00564732
65 1 0.480318 0.0843123 0 3.2442e-06 4.55697e-05 0 0.0510036 0.105431 0.00138778 42 -0.0159413 0.0637559 0.00188061
88 1 0.363347 0.126937 0 3.44627e-05 7.12086e-05 0 0.0430677 0.108574 0.00938078 47 -0.0241972 0.0723195 0.0124551
89 1 0.402373 0.12692 0 2.45871e-05 7.03605e-05 0 0.0437771 0.108832 0.00669749 47 -0.023682 0.0718509 0.00891048
90 1 0.441417 0.126911 0 1.45549e-05 7.04399e-05 0 0.0442309 0.109015 0.0040165 47 -0.0233615 0.0715638 0.00535032
91 1 0.480471 0.126907 0 4.85745e-06 6.99205e-05 0 0.0444525 0.10911 0.00133843 47 -0.0232079 0.0714276 0.00178397
114 1 0.364385 0.169907 0 4.56823e-05 0.000105285 0 0.0373695 0.113608 0.00867106 48 -0.0313624 0.0807951 0.0112928
115 1 0.403112 0.169878 0 3.235e-05 0.000104923 0 0.0382329 0.113939 0.00621994 48 -0.0307807 0.0803318 0.00812425
116 1 0.44186 0.169862 0 1.93892e-05 0.000105141 0 0.0387888 0.114166 0.00374106 48 -0.030413 0.0800421 0.00489528
117 1 0.480619 0.169855 0 6.48304e-06 0.000105176 0 0.0390611 0.114282 0.0012484 48 -0.030235 0.079903 0.00163499
14 1 0.52 0 0 0 0 0 0.0650583 0.105969 -0.00144634 28 -0.00467548 0.0554551 -0.00200684
15 1 0.56 0 0 0 0 0 0.0650265 0.105926 -0.00434859 28 -0.00470951 0.0555353 -0.00603335
16 1 0.6 0 0 0 0 0 0.0649694 0.105855 -0.00728064 28 -0.00478173 0.055709 -0.0100998
17 1 0.64 0 0 0 0 0 0.0649007 0.10579 -0.0102662 28 -0.00490146 0.056005 -0.0142376
40 1 0.519836 0.0421107 0 -1.72478e-06 2.12523e-05 0 0.0587013 0.105067 -0.00141396 35 -0.00944127 0.0585756 -0.00194286
41 1 0.559507 0.0421104 0 -4.97309e-06 2.14588e-05 0 0.0586271 0.105026 -0.00425026 35 -0.00950975 0.0586793 -0.00583902
42 1 0.599175 0.0421101 0 -8.53407e-06 2.1236e-05 0 0.0584796 0.104957 -0.00711245 35 -0.00965453 0.0589017 -0.00976727
43 1 0.638836 0.0421105 0 -1.19102e-05 2.16266e-05 0 0.0582603 0.104891 -0.0100202 35 -0.00989304 0.0592755 -0.0137515
66 1 0.519682 0.0843123 0 -3.2442e-06 4.55697e-05 0 0.0510036 0.105431 -0.00138778 42 -0.0159413 0.0637559 -0.00188061
67 1 0.559044 0.0843135 0 -1.00353e-05 4.58342e-05 0 0.0508539 0.105361 -0.0041689 42 -0.0160542 0.0638768 -0.00564732
68 1 0.598399 0.0843168 0 -1.65767e-05 4.52644e-05 0 0.0505483 0.105232 -0.00696684 42 -0.0162914 0.0641341 -0.00943029
69 1 0.637742 0.0843238 0 -2.35042e-05 4.58559e-05 0 0.0500724 0.105065 -0.00979294 42 -0.0166782 0.064561 -0.0132391
92 1 0.519529 0.126907 0 -4.85745e-06 6.99205e-05 0 0.0444525 0.10911 -0.00133843 47 -0.0232079 0.0714276 -0.00178397
93 1 0.558583 0.126911 0 -1.45549e-05 7.04399e-05 0 0.0442309 0.109015 -0.0040165 47 -0.0233615 0.0715638 -0.00535032
94 1 0.597627 0.12692 0 -2.45871e-05 7.03605e-05 0 0.0437771 0.108832 -0.00669749 47 -0.023682 0.0718509 -0.00891048
95 1 0.636653 0.126937 0 -3.44627e-05 7.12086e-05 0 0.0430677 0.108574 -0.00938078 47 -0.0241972 0.0723195 -0.0124551
118 1 0.519381 0.169855 0 -6.48304e-06 0.000105176 0 0.0390611 0.114282 -0.0012484 48 -0.030235 0.079903 -0.00163499
119 1 0.55814 0.169862 0 -1.93892e-05 0.000105141 0 0.0387888 0.114166 -0.00374106 48 -0.030413 0.0800421 -0.00489528
120 1 0.596888 0.169878 0 -3.235e-05 0.000104923 0 0.0382329 0.113939 -0.00621994 48 -0.0307807 0.0803318 -0.00812425
121 1 0.635615 0.169907 0 -4.56823e-05 0.000105285 0 0.0373695 0.113608 -0.00867106 48 -0.0313624 0.0807951 -0.0112928
18 1 0.68 0 0 0 0 0 0.0648421 0.105785 -0.0133357 28 -0.00508571 0.0564734 -0.0184869
19 1 0.72 0 0 0 0 0 0.0648248 0.105931 -0.016531 28 -0.00536442 0.0571963 -0.0229018
20 1 0.76 0 0 0 0 0 0.0648895 0.106366 -0.0199127 28 -0.00579262 0.0583104 -0.0275594
21 1 0.8 0 0 0 0 0 0.065085 0.107318 -0.0235741 28 -0.00647743 0.0600546 -0.0325733
44 1 0.678488 0.042113 0 -1.55032e-05 2.15276e-05 0 0.0579687 0.104875 -0.0129972 35 -0.0102563 0.0598564 -0.0178193
45 1 0.718125 0.0421196 0 -1.9362e-05 2.15574e-05 0 0.0575979 0.104985 -0.0160725 35 -0.0107975 0.0607343 -0.0220028
46 1 0.75774 0.0421336 0 -2.31918e-05 2.2069e-05 0 0.05712 0.105326 -0.0192818 35 -0.011609 0.0620522 -0.0263363
47 1 0.79732 0.0421606 0 -2.76825e-05 2.19285e-05 0 0.0564548 0.106053 -0.0226643 35 -0.0128574 0.0640411 -0.0308455
70 1 0.677065 0.0843377 0 -3.04929e-05 4.56672e-05 0 0.0493993 0.104892 -0.0126582 42 -0.0172581 0.0652128 -0.0170804
71 1 0.71636 0.0843634 0 -3.77625e-05 4.6278e-05 0 0.0484799 0.10476 -0.0155711 42 -0.0181017 0.0661749 -0.0209526
72 1 0.755612 0.0844084 0 -4.55801e-05 4.70673e-05 0 0.0472226 0.104727 -0.0185321 42 -0.019323 0.0675738 -0.0248341
73 1 0.794803 0.0844858 0 -5.39686e-05 4.78967e-05 0 0.0454563 0.104853 -0.021518 42 -0.0211046 0.0695904 -0.0286551
96 1 0.675653 0.126967 0 -4.49534e-05 7.14635e-05 0 0.0420624 0.108264 -0.0120606 47 -0.0249535 0.0730186 -0.0159647
97 1 0.714615 0.127017 0 -5.55576e-05 7.20838e-05 0 0.0406958 0.107927 -0.0147211 47 -0.0260213 0.0740187 -0.0194009
98 1 0.753523 0.127101 0 -6.69011e-05 7.33085e-05 0 0.0388634 0.10759 -0.0173262 47 -0.0275029 0.0754135 -0.0226892
99 1 0.792355 0.127236 0 -7.88636e-05 7.42215e-05 0 0.0364027 0.107266 -0.0198014 47 -0.0295392 0.077314 -0.0256889
122 1 0.674312 0.169955 0 -5.89636e-05 0.000105909 0 0.0361595 0.113185 -0.0110719 48 -0.0321961 0.0814666 -0.0143575
123 1 0.712967 0.170033 0 -7.30643e-05 0.000106627 0 0.0345448 0.112679 -0.0133854 48 -0.0333349 0.0823903 -0.0172508
124 1 0.751565 0.170156 0 -8.73166e-05 0.000108731 0 0.0324424 0.112094 -0.0155497 48 -0.0348463 0.0836133 -0.0198652
125 1 0.790088 0.170345 0 -0.000102699 0.000110775 0 0.0297409 0.111407 -0.0174645 48 -0.0368052 0.0851682 -0.022033
100 1 0.831084 0.127453 0 -9.1921e-05 7.65541e-05 0 0.033092 0.106938 -0.0220102 47 -0.0322962 0.0798224 -0.0281585
126 1 0.828514 0.170634 0 -0.000118725 0.000114635 0 0.0263149 0.110551 -0.0189806 48 -0.039267 0.0870351 -0.0235141
22 1 0.84 0 0 0 0 0 0.065484 0.109191 -0.0276695 28 -0.00762047 0.0628637 -0.0381243
23 1 0.88 0 0 0 0 0 0.0662437 0.112692 -0.0324718 27 -0.0095549 0.0675048 -0.0445249
24 1 0.92 0 0 0 0 0 0.0686057 0.119265 -0.0382982 24 -0.0121419 0.0748728 -0.0521794
25 1 0.96 0 0 0 0 0 0.075864 0.130726 -0.0450301 20 -0.0136632 0.0847778 -0.0611445
26 1 1 0 0 0 0 0 0.0942163 0.14961 -0.0514853 16 -0.0100948 0.095122 -0.0705646
48 1 0.836844 0.0422109 0 -3.26512e-05 2.28362e-05 0 0.0554238 0.107375 -0.0262563 35 -0.0148327 0.0670698 -0.0355248
49 1 0.876267 0.0423086 0 -3.85636e-05 2.34237e-05 0 0.0536922 0.109541 -0.030082 34 -0.0179781 0.0716611 -0.0403091
50 1 0.915497 0.0425039 0 -4.66149e-05 2.52986e-05 0 0.0518549 0.113166 -0.0341174 30 -0.022126 0.0780609 -0.0451398
51 1 0.954383 0.042851 0 -5.7699e-05 2.76229e-05 0 0.0470786 0.11547 -0.0380309 25 -0.0279094 0.0852201 -0.0495335
52 1 0.992682 0.0434533 0 -7.42931e-05 3.14304e-05 0 0.0178643 0.100294 -0.0412835 20 -0.0435513 0.0910049 -0.0516002
74 1 0.8339 0.0846175 0 -6.33453e-05 4.99759e-05 0 0.0428938 0.10519 -0.0244585 42 -0.0237188 0.0724658 -0.0322546
75 1 0.872854 0.0848444 0 -7.41911e-05 5.18892e-05 0 0.0391381 0.105763 -0.0272196 41 -0.027502 0.0764694 -0.0353543
76 1 0.911598 0.0852361 0 -8.69589e-05 5.53441e-05 0 0.0352292 0.107313 -0.0298019 36 -0.0319633 0.0816146 -0.038002
77 1 0.950057 0.0858773 0 -0.000102459 5.99381e-05 0 0.0287488 0.107378 -0.0320443 30 -0.0375663 0.0869075 -0.0400503
78 1 0.988178 0.0868238 0 -0.000121073 6.64577e-05 0 0.0105051 0.0987467 -0.0332219 24 -0.0475908 0.0910042 -0.0400475
101 1 0.86967 0.127799 0 -0.000106392 7.97708e-05 0 0.0286904 0.106535 -0.023756 46 -0.0359101 0.0829726 -0.0297678
102 1 0.908075 0.128344 0 -0.000122571 8.49862e-05 0 0.0240555 0.10647 -0.0250828 41 -0.039864 0.0865606 -0.0306715
103 1 0.94627 0.129162 0 -0.000141016 9.27009e-05 0 0.0175769 0.105032 -0.0261125 34 -0.0444299 0.0898947 -0.031163
104 1 0.98423 0.130277 0 -0.000161724 0.000102255 0 0.00283755 0.0974031 -0.0262616 27 -0.051994 0.0922722 -0.0301217
127 1 0.866819 0.171068 0 -0.000136149 0.000118845 0 0.0220437 0.109371 -0.0199231 47 -0.0422217 0.0890819 -0.0240437
128 1 0.904985 0.171709 0 -0.000154797 0.000124305 0 0.0174264 0.107923 -0.0204008 42 -0.045265 0.0910013 -0.0238855
129 1 0.943001 0.172609 0 -0.00017488 0.000131317 0 0.0106634 0.104617 -0.0206266 35 -0.0489114 0.0923888 -0.0234349
130 1 0.980858 0.173768 0 -0.000196664 0.000140419 0 -0.00299923 0.096229 -0.02023 28 -0.055097 0.093115 -0.0219216
131 1 0.0219236 0.217246 0 0.000226076 0.000177875 0 -0.00643697 0.0952908 0.0154418 28 -0.0566365 0.093201 0.0158198
132 1 0.0597287 0.216133 0 0.000203521 0.000167558 0 0.00590018 0.103939 0.0160001 35 -0.0516712 0.0936678 0.0172954
133 1 0.0976322 0.215227 0 0.000181903 0.00015787 0 0.0124636 0.108509 0.0161483 42 -0.0489235 0.0937992 0.018082
134 1 0.135631 0.214548 0 0.000161272 0.000150958 0 0.0167766 0.111069 0.0161445 47 -0.0468038 0.093352 0.0187419
157 1 0.0241766 0.260706 0 0.000250863 0.000217409 0 -0.00816676 0.0947052 0.0115464 28 -0.0572052 0.09291 0.0111603
158 1 0.0619595 0.259692 0 0.000227758 0.000208621 0 0.00254106 0.103075 0.0121103 35 -0.0533653 0.0941893 0.0124216
159 1 0.099793 0.258838 0 0.000205375 0.000201025 0 0.00863729 0.108396 0.0124256 42 -0.0514093 0.0954396 0.0132754
160 1 0.137678 0.258171 0 0.000183537 0.000195538 0 0.0125363 0.111788 0.0126683 47 -0.0501008 0.0961867 0.0141216
183 1 0.0259714 0.304151 0 0.000271522 0.00025612 0 -0.00888342 0.0944493 0.00847461 28 -0.057311 0.0925818 0.00770462
184 1 0.0637457 0.303269 0 0.000248168 0.000247151 0 0.000287461 0.102334 0.00896323 35 -0.0543945 0.0943878 0.00869671
185 1 0.101536 0.302505 0 0.000224907 0.000238189 0 0.00581263 0.10804 0.00931735 42 -0.0530906 0.0964233 0.0094739
186 1 0.139343 0.301888 0 0.000202203 0.000231767 0 0.00926036 0.112002 0.00965528 47 -0.0524515 0.0980846 0.0103169
209 1 0.027372 0.347588 0 0.000288856 0.000296351 0 -0.00905186 0.0944342 0.00608775 28 -0.0572304 0.0923399 0.0051934
210 1 0.0651433 0.346855 0 0.000265147 0.000289024 0 -0.00117521 0.1018 0.00647261 35 -0.0550251 0.0944742 0.00592714
211 1 0.102906 0.346206 0 0.00024143 0.000282408 0 0.00379456 0.107663 0.00679535 42 -0.0542286 0.09704 0.00656481
212 1 0.140661 0.34567 0 0.000217671 0.000277315 0 0.00681763 0.111993 0.00713575 47 -0.0541133 0.0993711 0.00730244
135 1 0.173728 0.214064 0 0.000141901 0.000145798 0 0.020643 0.112953 0.0157438 48 -0.0446401 0.092445 0.0188656
161 1 0.175621 0.257675 0 0.000162362 0.000190075 0 0.0159026 0.114265 0.0126051 48 -0.0487017 0.0963151 0.0145913
187 1 0.177176 0.301415 0 0.000179572 0.000225951 0 0.0121177 0.114944 0.00977532 48 -0.0517225 0.0990819 0.0109198
213 1 0.178416 0.345247 0 0.000194329 0.000272173 0 0.00921175 0.115277 0.00733165 48 -0.0539331 0.101057 0.00790188
136 1 0.211916 0.213727 0 0.000123185 0.000142586 0 0.0238674 0.114311 0.0147835 48 -0.0426899 0.0913718 0.0181183
137 1 0.250184 0.213497 0 0.000105599 0.000140304 0 0.0265203 0.115356 0.0133843 48 -0.0410276 0.0903396 0.0166657
138 1 0.288518 0.213342 0 8.82608e-05 0.000138649 0 0.0286628 0.116193 0.0116744 48 -0.0396706 0.0894473 0.0147013
139 1 0.326904 0.213239 0 7.173e-05 0.000136971 0 0.0303559 0.116872 0.00975478 48 -0.0386015 0.0887265 0.012383
162 1 0.213627 0.257317 0 0.000141848 0.000185905 0 0.018781 0.116085 0.0120537 48 -0.0473255 0.0960508 0.0143376
163 1 0.251691 0.257064 0 0.000121716 0.000182829 0 0.0212257 0.117477 0.0110835 48 -0.0460626 0.0956152 0.0134417
164 1 0.289807 0.256888 0 0.000102422 0.000180393 0 0.0232609 0.118569 0.00979074 48 -0.0449682 0.0951449 0.0120403
165 1 0.327966 0.256768 0 8.32079e-05 0.000179571 0 0.0249108 0.11943 0.00826269 48 -0.0440643 0.0947134 0.0102635
188 1 0.215044 0.301063 0 0.000157531 0.000222776 0 0.0146045 0.117163 0.00950009 48 -0.0508958 0.0995581 0.0109607
189 1 0.25295 0.300807 0 0.00013589 0.000219804 0 0.0167711 0.118877 0.00885927 48 -0.0500534 0.0997133 0.0104615
190 1 0.290891 0.300625 0 0.000114283 0.000217756 0 0.0186221 0.120218 0.00791807 48 -0.0492649 0.0996925 0.00950827
191 1 0.328865 0.300499 0 9.32882e-05 0.000215688 0 0.0201569 0.121264 0.00674514 48 -0.0485748 0.0995901 0.00819863
214 1 0.216182 0.344926 0 0.000170797 0.0002687 0 0.0113211 0.11782 0.00722603 48 -0.0535855 0.102162 0.00808855
215 1 0.253967 0.344687 0 0.000147566 0.000265432 0 0.0131981 0.119815 0.00682288 48 -0.0531336 0.10285 0.00784874
216 1 0.291772 0.344514 0 0.000124712 0.000263533 0 0.0148384 0.121383 0.0061621 48 -0.052647 0.103256 0.00723014
217 1 0.329598 0.344391 0 0.000101538 0.000262754 0 0.0162266 0.122605 0.00529378 48 -0.0521803 0.103481 0.00630092
140 1 0.365331 0.213174 0 5.54322e-05 0.000136506 0 0.0316514 0.117412 0.00769683 48 -0.0377914 0.088176 0.00982622
141 1 0.403788 0.213133 0 3.93287e-05 0.000135161 0 0.0325893 0.117819 0.00555015 48 -0.0372116 0.0877821 0.00711314
142 1 0.442265 0.21311 0 2.35414e-05 0.000135074 0 0.0331989 0.118092 0.00334933 48 -0.0368386 0.0875297 0.00430294
143 1 0.480754 0.213099 0 7.83772e-06 0.000134268 0 0.0334991 0.118229 0.00111949 48 -0.0366562 0.0874067 0.00143989
166 1 0.366161 0.256689 0 6.44045e-05 0.000178348 0 0.0261986 0.120097 0.0065688 48 -0.0433538 0.0943552 0.00821786
167 1 0.404382 0.256639 0 4.58831e-05 0.000178115 0 0.0271449 0.120587 0.00476228 48 -0.0428312 0.0940841 0.00598703
168 1 0.442622 0.25661 0 2.74691e-05 0.000178044 0 0.0277661 0.120911 0.00288382 48 -0.0424885 0.0939038 0.00363659
169 1 0.480873 0.256596 0 9.08223e-06 0.000178162 0 0.0280738 0.121072 0.00096552 48 -0.042319 0.093814 0.00121935
192 1 0.366866 0.300413 0 7.22402e-05 0.000214656 0 0.0213772 0.122064 0.00540099 48 -0.0480081 0.0994641 0.00662198
193 1 0.404889 0.300358 0 5.16359e-05 0.000213692 0 0.0222864 0.122644 0.00393598 48 -0.0475776 0.0993488 0.00485465
194 1 0.442927 0.300325 0 3.07928e-05 0.00021296 0 0.0228893 0.123024 0.00239146 48 -0.0472891 0.0992636 0.00296069
195 1 0.480975 0.30031 0 1.04373e-05 0.00021258 0 0.0231896 0.123211 0.000801997 48 -0.0471446 0.0992188 0.000994686
218 1 0.367443 0.344307 0 7.91689e-05 0.000261632 0 0.017349 0.123534 0.00426659 48 -0.0517724 0.103594 0.00513062
219 1 0.405305 0.344252 0 5.61204e-05 0.000261325 0 0.0181963 0.124205 0.00312407 48 -0.0514489 0.103645 0.00378334
220 1 0.443178 0.344219 0 3.38586e-05 0.000261047 0 0.0187634 0.124641 0.00190402 48 -0.0512257 0.103664 0.00231607
221 1 0.481058 0.344203 0 1.11804e-05 0.000261043 0 0.0190474 0.124856 0.000639496 48 -0.051112 0.103669 0.000779556
144 1 0.519246 0.213099 0 -7.83772e-06 0.000134268 0 0.0334991 0.118229 -0.00111949 48 -0.0366562 0.0874067 -0.00143989
145 1 0.557735 0.21311 0 -2.35414e-05 0.000135074 0 0.0331989 0.118092 -0.00334933 48 -0.0368386 0.0875297 -0.00430294
146 1 0.596212 0.213133 0 -3.93287e-05 0.000135161 0 0.0325893 0.117819 -0.00555015 48 -0.0372116 0.0877821 -0.00711314
147 1 0.634669 0.213174 0 -5.54322e-05 0.000136506 0 0.0316514 0.117412 -0.00769683 48 -0.0377914 0.088176 -0.00982622
170 1 0.519127 0.256596 0 -9.08223e-06 0.000178162 0 0.0280738 0.121072 -0.00096552 48 -0.042319 0.093814 -0.00121935
171 1 0.557378 0.25661 0 -2.74691e-05 0.000178044 0 0.0277661 0.120911 -0.00288382 48 -0.0424885 0.0939038 -0.00363659
172 1 0.595618 0.256639 0 -4.58831e-05 0.000178115 0 0.0271449 0.120587 -0.00476228 48 -0.0428312 0.0940841 -0.00598703
173 1 0.633839 0.256689 0 -6.44045e-05 0.000178348 0 0.0261986 0.120097 -0.0065688 48 -0.0433538 0.0943552 -0.00821786
196 1 0.519025 0.30031 0 -1.04373e-05 0.00021258 0 0.0231896 0.123211 -0.000801997 48 -0.0471446 0.0992188 -0.000994686
197 1 0.557073 0.300325 0 -3.07928e-05 0.00021296 0 0.0228893 0.123024 -0.00239146 48 -0.0472891 0.0992636 -0.00296069
198 1 0.595111 0.300358 0 -5.16359e-05 0.000213692 0 0.0222864 0.122644 -0.00393598 48 -0.0475776 0.0993488 -0.00485465
199 1 0.633134 0.300413 0 -7.22402e-05 0.000214656 0 0.0213772 0.122064 -0.00540099 48 -0.0480081 0.0994641 -0.00662198
222 1 0.518942 0.344203 0 -1.11804e-05 0.000261043 0 0.0190474 0.124856 -0.000639496 48 -0.051112 0.103669 -0.000779556
223 1 0.556822 0.344219 0 -3.38586e-05 0.000261047 0 0.0187634 0.124641 -0.00190402 48 -0.0512257 0.103664 -0.00231607
224 1 0.594695 0.344252 0 -5.61204e-05 0.000261325 0 0.0181963 0.124205 -0.00312407 48 -0.0514489 0.103645 -0.00378334
225 1 0.632557 0.344307 0 -7.91689e-05 0.000261632 0 0.017349 0.123534 -0.00426659 48 -0.0517724 0.103594 -0.00513062
148 1 0.673096 0.213239 0 -7.173e-05 0.000136971 0 0.0303559 0.116872 -0.00975478 48 -0.0386015 0.0887265 -0.012383
149 1 0.711482 0.213342 0 -8.82608e-05 0.000138649 0 0.0286628 0.116193 -0.0116744 48 -0.0396706 0.0894473 -0.0147013
150 1 0.749816 0.213497 0 -0.000105599 0.000140304 0 0.0265203 0.115356 -0.0133843 48 -0.0410276 0.0903396 -0.0166657
151 1 0.788084 0.213727 0 -0.000123185 0.000142586 0 0.0238674 0.114311 -0.0147835 48 -0.0426899 0.0913718 -0.0181183
174 1 0.672034 0.256768 0 -8.32079e-05 0.000179571 0 0.0249108 0.11943 -0.00826269 48 -0.0440643 0.0947134 -0.0102635
175 1 0.710193 0.256888 0 -0.000102422 0.000180393 0 0.0232609 0.118569 -0.00979074 48 -0.0449682 0.0951449 -0.0120403
176 1 0.748309 0.257064 0 -0.000121716 0.000182829 0 0.0212257 0.117477 -0.0110835 48 -0.0460626 0.0956152 -0.0134417
177 1 0.786373 0.257317 0 -0.000141848 0.000185905 0 0.018781 0.116085 -0.0120537 48 -0.0473255 0.0960508 -0.0143376
200 1 0.671135 0.300499 0 -9.32882e-05 0.000215688 0 0.0201569 0.121264 -0.00674514 48 -0.0485748 0.0995901 -0.00819863
201 1 0.709109 0.300625 0 -0.000114283 0.000217756 0 0.0186221 0.120218 -0.00791807 48 -0.0492649 0.0996925 -0.00950827
202 1 0.74705 0.300807 0 -0.00013589 0.000219804 0 0.0167711 0.118877 -0.00885927 48 -0.0500534 0.0997133 -0.0104615
203 1 0.784956 0.301063 0 -0.000157531 0.000222776 0 0.0146045 0.117163 -0.00950009 48 -0.0508958 0.0995581 -0.0109607
226 1 0.670402 0.344391 0 -0.000101538 0.000262754 0 0.0162266 0.122605 -0.00529378 48 -0.0521803 0.103481 -0.00630092
227 1 0.708228 0.344514 0 -0.000124712 0.000263533 0 0.0148384 0.121383 -0.0061621 48 -0.052647 0.103256 -0.00723014
228 1 0.746033 0.344687 0 -0.000147566 0.000265432 0 0.0131981 0.119815 -0.00682288 48 -0.0531336 0.10285 -0.00784874
229 1 0.783818 0.344926 0 -0.000170797 0.0002687 0 0.0113211 0.11782 -0.00722603 48 -0.0535855 0.102162 -0.00808855
152 1 0.826272 0.214064 0 -0.000141901 0.000145798 0 0.020643 0.112953 -0.0157438 48 -0.0446401 0.092445 -0.0188656
178 1 0.824379 0.257675 0 -0.000162362 0.000190075 0 0.0159026 0.114265 -0.0126051 48 -0.0487017 0.0963151 -0.0145913
204 1 0.822824 0.301415 0 -0.000179572 0.000225951 0 0.0121177 0.114944 -0.00977532 48 -0.0517225 0.0990819 -0.0109198
230 1 0.821584 0.345247 0 -0.000194329 0.000272173 0 0.00921175 0.115277 -0.00733165 48 -0.0539331 0.101057 -0.00790188
153 1 0.864369 0.214548 0 -0.000161272 0.000150958 0 0.0167766 0.111069 -0.0161445 47 -0.0468038 0.093352 -0.0187419
154 1 0.902368 0.215227 0 -0.000181903 0.00015787 0 0.0124636 0.108509 -0.0161483 42 -0.0489235 0.0937992 -0.018082
155 1 0.940271 0.216133 0 -0.000203521 0.000167558 0 0.00590018 0.103939 -0.0160001 35 -0.0516712 0.0936678 -0.0172954
156 1 0.978076 0.217246 0 -0.000226076 0.000177875 0 -0.00643697 0.0952908 -0.0154418 28 -0.0566365 0.093201 -0.0158198
179 1 0.862322 0.258171 0 -0.000183537 0.000195538 0 0.0125363 0.111788 -0.0126683 47 -0.0501008 0.0961867 -0.0141216
180 1 0.900207 0.258838 0 -0.000205375 0.000201025 0 0.00863729 0.108396 -0.0124256 42 -0.0514093 0.0954396 -0.0132754
181 1 0.938041 0.259692 0 -0.000227758 0.000208621 0 0.00254106 0.103075 -0.0121103 35 -0.0533653 0.0941893 -0.0124216
182 1 0.975823 0.260706 0 -0.000250863 0.000217409 0 -0.00816676 0.0947052 -0.0115464 28 -0.0572052 0.09291 -0.0111603
205 1 0.860657 0.301888 0 -0.000202203 0.000231767 0 0.00926036 0.112002 -0.00965528 47 -0.0524515 0.0980846 -0.0103169
206 1 0.898464 0.302505 0 -0.000224907 0.000238189 0 0.00581263 0.10804 -0.00931735 42 -0.0530906 0.0964233 -0.0094739
207 1 0.936254 0.303269 0 -0.000248168 0.000247151 0 0.000287461 0.102334 -0.00896323 35 -0.0543945 0.0943878 -0.00869671
208 1 0.974029 0.304151 0 -0.000271522 0.00025612 0 -0.00888342 0.0944493 -0.00847461 28 -0.057311 0.0925818 -0.00770462
231 1 0.859339 0.34567 0 -0.000217671 0.000277315 0 0.00681763 0.111993 -0.00713575 47 -0.0541133 0.0993711 -0.00730244
232 1 0.897094 0.346206 0 -0.00024143 0.000282408 0 0.00379456 0.107663 -0.00679535 42 -0.0542286 0.09704 -0.00656481
233 1 0.934857 0.346855 0 -0.000265147 0.000289024 0 -0.00117521 0.1018 -0.00647261 35 -0.0550251 0.0944742 -0.00592714
234 1 0.972628 0.347588 0 -0.000288856 0.000296351 0 -0.00905186 0.0944342 -0.00608775 28 -0.0572304 0.0923399 -0.0051934
235 1 0.0284314 0.391021 0 0.000303179 0.000336563 0 -0.00896252 0.0945548 0.00423105 28 -0.0570986 0.0921982 0.00338813
236 1 0.0662018 0.390446 0 0.000279265 0.000329784 0 -0.0021012 0.101453 0.00451162 35 -0.0554171 0.0945298 0.0039003
237 1 0.103948 0.38993 0 0.00025515 0.000322918 0 0.0023935 0.107348 0.00477105 42 -0.0549959 0.0974415 0.00438206
238 1 0.141667 0.389494 0 0.000231011 0.000318135 0 0.00505728 0.111903 0.00506265 47 -0.0552704 0.100244 0.00496757
261 1 0.0291908 0.434453 0 0.000314931 0.000377236 0 -0.00878713 0.094723 0.00276192 28 -0.0569764 0.0921327 0.00208748
262 1 0.0669609 0.434042 0 0.000290655 0.000371954 0 -0.00266705 0.101249 0.002949 35 -0.0556601 0.0945773 0.00241883
263 1 0.104696 0.433668 0 0.000266083 0.000367516 0 0.00146124 0.107118 0.00313431 42 -0.0555007 0.0977048 0.00274988
264 1 0.142392 0.433348 0 0.000241151 0.000363207 0 0.00384929 0.111803 0.00335191 47 -0.0560481 0.100822 0.0031676
287 1 0.0296804 0.477888 0 0.000324081 0.000418438 0 -0.00862507 0.0948723 0.00155483 28 -0.0568882 0.092111 0.00112305
288 1 0.0674505 0.477641 0 0.000299549 0.000414245 0 -0.00298781 0.101141 0.00166097 35 -0.0558023 0.0946156 0.00130736
289 1 0.105179 0.477414 0 0.000274928 0.000410309 0 0.000893554 0.106972 0.00177103 42 -0.0558076 0.0978669 0.00149945
290 1 0.142861 0.477219 0 0.000249458 0.000407803 0 0.00309634 0.111724 0.00190399 47 -0.0565271 0.101175 0.00174812
313 1 0.02992 0.521323 0 0.000330762 0.000460081 0 -0.00853127 0.0949579 0.000498931 28 -0.0568424 0.0921068 0.000350857
314 1 0.0676899 0.521241 0 0.000306119 0.0004576 0 -0.00313184 0.101095 0.000533284 35 -0.0558679 0.0946368 0.000409858
315 1 0.105415 0.521166 0 0.00028067 0.000455558 0 0.00062553 0.106902 0.00056977 42 -0.0559526 0.097944 0.000472754
316 1 0.143091 0.5211 0 0.000255392 0.000453061 0 0.00273553 0.111681 0.000614452 47 -0.0567549 0.101342 0.000555212
239 1 0.179367 0.389145 0 0.000206425 0.000313676 0 0.00706504 0.115428 0.00526487 48 -0.0555139 0.102448 0.00548299
265 1 0.180056 0.433087 0 0.000216235 0.000359666 0 0.00556242 0.115486 0.00351849 48 -0.0565969 0.103392 0.00355529
291 1 0.180502 0.477059 0 0.000223954 0.000405502 0 0.00461216 0.115502 0.00201156 48 -0.0572724 0.103977 0.0019867
317 1 0.180722 0.521046 0 0.000228993 0.000451636 0 0.0041527 0.115504 0.000651581 48 -0.0575961 0.104256 0.000635642
240 1 0.21706 0.388874 0 0.000182178 0.000310809 0 0.00884698 0.118219 0.00525045 48 -0.0555541 0.104053 0.00571162
241 1 0.254756 0.38867 0 0.000157809 0.000308424 0 0.0104608 0.12044 0.00500998 48 -0.0554328 0.105184 0.00562423
242 1 0.292458 0.388519 0 0.000133258 0.000306641 0 0.0118996 0.122201 0.00456531 48 -0.0552124 0.10596 0.00524306
243 1 0.330172 0.388411 0 0.000109178 0.00030457 0 0.0131398 0.123576 0.00395048 48 -0.0549507 0.106477 0.00461239
266 1 0.217699 0.432883 0 0.000190861 0.000357031 0 0.00708769 0.118454 0.00354143 48 -0.0569266 0.105366 0.00375816
267 1 0.255331 0.432727 0 0.000165532 0.000354749 0 0.00848871 0.120845 0.0034075 48 -0.0570602 0.106835 0.003746
268 1 0.292961 0.432611 0 0.00014015 0.000353407 0 0.00975934 0.122755 0.00312713 48 -0.0570513 0.107901 0.00352659
269 1 0.330593 0.432527 0 0.000114565 0.000353053 0 0.010872 0.124253 0.00272163 48 -0.0569565 0.108654 0.00312644
292 1 0.218114 0.476932 0 0.000198127 0.000404011 0 0.00596232 0.118584 0.00203777 48 -0.0577932 0.106192 0.00212281
293 1 0.255707 0.476834 0 0.000171891 0.00040277 0 0.00721523 0.121087 0.00197218 48 -0.0580988 0.107889 0.0021348
294 1 0.29329 0.476761 0 0.000145658 0.000401898 0 0.00836636 0.123097 0.00181892 48 -0.0582354 0.109153 0.0020241
295 1 0.33087 0.476708 0 0.000119387 0.000400831 0 0.00938658 0.124679 0.00158947 48 -0.0582576 0.11007 0.00180442
318 1 0.218318 0.521003 0 0.00020276 0.000450199 0 0.00541437 0.11864 0.000662474 48 -0.0582116 0.10659 0.000683409
319 1 0.255892 0.52097 0 0.00017595 0.000449418 0 0.00659156 0.121199 0.000643234 48 -0.0586035 0.1084 0.000690716
320 1 0.293452 0.520946 0 0.000149241 0.000448993 0 0.00768088 0.12326 0.000594874 48 -0.0588141 0.109765 0.000657494
321 1 0.331006 0.520927 0 0.000121935 0.000449051 0 0.0086528 0.124884 0.000520988 48 -0.0588962 0.110766 0.000587937
244 1 0.367897 0.388336 0 8.45562e-05 0.000303705 0 0.014158 0.124622 0.00320187 48 -0.0546933 0.106812 0.00378271
245 1 0.405632 0.388287 0 6.06686e-05 0.000302847 0 0.0149359 0.125376 0.00235409 48 -0.0544741 0.107019 0.00280382
246 1 0.443376 0.388257 0 3.62205e-05 0.000302709 0 0.0154608 0.125864 0.00143858 48 -0.0543161 0.107137 0.00172217
247 1 0.481125 0.388242 0 1.21342e-05 0.000302377 0 0.0157251 0.126105 0.000483807 48 -0.0542336 0.107191 0.000580609
270 1 0.368231 0.432468 0 8.92733e-05 0.000352619 0 0.0117976 0.125392 0.0022158 48 -0.0568246 0.10917 0.00257914
271 1 0.405874 0.432428 0 6.35667e-05 0.000352279 0 0.0125121 0.126214 0.00163445 48 -0.0566939 0.109508 0.00191979
272 1 0.443522 0.432404 0 3.83441e-05 0.000351655 0 0.0129978 0.126746 0.00100095 48 -0.056592 0.10971 0.0011824
273 1 0.481174 0.432393 0 1.26027e-05 0.000351661 0 0.0132434 0.127008 0.000336982 48 -0.0565368 0.109804 0.000399166
296 1 0.36845 0.47667 0 9.26221e-05 0.000399893 0 0.0102439 0.125885 0.00129813 48 -0.0582148 0.110714 0.00149482
297 1 0.406033 0.476645 0 6.6547e-05 0.000400095 0 0.0109108 0.126754 0.000959752 48 -0.0581478 0.111145 0.00111604
298 1 0.443618 0.47663 0 3.96139e-05 0.000400129 0 0.0113667 0.127318 0.00058864 48 -0.0580866 0.111407 0.00068871
299 1 0.481206 0.476622 0 1.35097e-05 0.000400255 0 0.011598 0.127595 0.000198321 48 -0.0580512 0.111531 0.000232724
322 1 0.368558 0.520915 0 9.52879e-05 0.000449495 0 0.00947409 0.126124 0.000426224 48 -0.0588996 0.111475 0.000488181
323 1 0.406111 0.520906 0 6.76752e-05 0.000449067 0 0.0101157 0.127018 0.000315511 48 -0.0588657 0.111954 0.000365076
324 1 0.443666 0.520901 0 4.10219e-05 0.000448777 0 0.0105556 0.127598 0.00019367 48 -0.0588259 0.112248 0.000225531
325 1 0.481222 0.520898 0 1.33008e-05 0.000448565 0 0.0107792 0.127883 6.52753e-05 48 -0.0588008 0.112388 7.62479e-05
248 1 0.518875 0.388242 0 -1.21342e-05 0.000302377 0 0.0157251 0.126105 -0.000483807 48 -0.0542336 0.107191 -0.000580609
249 1 0.556624 0.388257 0 -3.62205e-05 0.000302709 0 0.0154608 0.125864 -0.00143858 48 -0.0543161 0.107137 -0.00172217
250 1 0.594368 0.388287 0 -6.06686e-05 0.000302847 0 0.0149359 0.125376 -0.00235409 48 -0.0544741 0.107019 -0.00280382
251 1 0.632103 0.388336 0 -8.45562e-05 0.000303705 0 0.014158 0.124622 -0.00320187 48 -0.0546933 0.106812 -0.00378271
274 1 0.518826 0.432393 0 -1.26027e-05 0.000351661 0 0.0132434 0.127008 -0.000336982 48 -0.0565368 0.109804 -0.000399166
275 1 0.556478 0.432404 0 -3.83441e-05 0.000351655 0 0.0129978 0.126746 -0.00100095 48 -0.056592 0.10971 -0.0011824
276 1 0.594126 0.432428 0 -6.35667e-05 0.000352279 0 0.0125121 0.126214 -0.00163445 48 -0.0566939 0.109508 -0.00191979
277 1 0.631769 0.432468 0 -8.92733e-05 0.000352619 0 0.0117976 0.125392 -0.0022158 48 -0.0568246 0.10917 -0.00257914
300 1 0.518794 0.476622 0 -1.35097e-05 0.000400255 0 0.011598 0.127595 -0.000198321 48 -0.0580512 0.111531 -0.000232724
301 1 0.556382 0.47663 0 -3.96139e-05 0.000400129 0 0.0113667 0.127318 -0.00058864 48 -0.0580866 0.111407 -0.00068871
302 1 0.593967 0.476645 0 -6.6547e-05 0.000400095 0 0.0109108 0.126754 -0.000959752 48 -0.0581478 0.111145 -0.00111604
303 1 0.63155 0.47667 0 -9.26221e-05 0.000399893 0 0.0102439 0.125885 -0.00129813 48 -0.0582148 0.110714 -0.00149482
326 1 0.518778 0.520898 0 -1.33008e-05 0.000448565 0 0.0107792 0.127883 -6.52753e-05 48 -0.0588008 0.112388 -7.62479e-05
327 1 0.556334 0.520901 0 -4.10219e-05 0.000448777 0 0.0105556 0.127598 -0.00019367 48 -0.0588259 0.112248 -0.000225531
328 1 0.593889 0.520906 0 -6.76752e-05 0.000449067 0 0.0101157 0.127018 -0.000315511 48 -0.0588657 0.111954 -0.000365076
329 1 0.631442 0.520915 0 -9.52879e-05 0.000449495 0 0.00947409 0.126124 -0.000426224 48 -0.0588996 0.111475 -0.000488181
252 1 0.669828 0.388411 0 -0.000109178 0.00030457 0 0.0131398 0.123576 -0.00395048 48 -0.0549507 0.106477 -0.00461239
253 1 0.707542 0.388519 0 -0.000133258 0.000306641 0 0.0118996 0.122201 -0.00456531 48 -0.0552124 0.10596 -0.00524306
254 1 0.745244 0.38867 0 -0.000157809 0.000308424 0 0.0104608 0.12044 -0.00500998 48 -0.0554328 0.105184 -0.00562423
255 1 0.78294 0.388874 0 -0.000182178 0.000310809 0 0.00884698 0.118219 -0.00525045 48 -0.0555541 0.104053 -0.00571162
278 1 0.669407 0.432527 0 -0.000114565 0.000353053 0 0.010872 0.124253 -0.00272163 48 -0.0569565 0.108654 -0.00312644
279 1 0.707039 0.432611 0 -0.00014015 0.000353407 0 0.00975934 0.122755 -0.00312713 48 -0.0570513 0.107901 -0.00352659
280 1 0.744669 0.432727 0 -0.000165532 0.000354749 0 0.00848871 0.120845 -0.0034075 48 -0.0570602 0.106835 -0.003746
281 1 0.782301 0.432883 0 -0.000190861 0.000357031 0 0.00708769 0.118454 -0.00354143 48 -0.0569266 0.105366 -0.00375816
304 1 0.66913 0.476708 0 -0.000119387 0.000400831 0 0.00938658 0.124679 -0.00158947 48 -0.0582576 0.11007 -0.00180442
305 1 0.70671 0.476761 0 -0.000145658 0.000401898 0 0.00836636 0.123097 -0.00181892 48 -0.0582354 0.109153 -0.0020241
306 1 0.744293 0.476834 0 -0.000171891 0.00040277 0 0.00721523 0.121087 -0.00197218 48 -0.0580988 0.107889 -0.0021348
307 1 0.781886 0.476932 0 -0.000198127 0.000404011 0 0.00596232 0.118584 -0.00203777 48 -0.0577932 0.106192 -0.00212281
330 1 0.668994 0.520927 0 -0.000121935 0.000449051 0 0.0086528 0.124884 -0.000520988 48 -0.0588962 0.110766 -0.000587937
331 1 0.706548 0.520946 0 -0.000149241 0.000448993 0 0.00768088 0.12326 -0.000594874 48 -0.0588141 0.109765 -0.000657494
332 1 0.744108 0.52097 0 -0.00017595 0.000449418 0 0.00659156 0.121199 -0.000643234 48 -0.0586035 0.1084 -0.000690716
333 1 0.781682 0.521003 0 -0.00020276 0.000450199 0 0.00541437 0.11864 -0.000662474 48 -0.0582116 0.10659 -0.000683409
256 1 0.820633 0.389145 0 -0.000206425 0.000313676 0 0.00706504 0.115428 -0.00526487 48 -0.0555139 0.102448 -0.00548299
282 1 0.819944 0.433087 0 -0.000216235 0.000359666 0 0.00556242 0.115486 -0.00351849 48 -0.0565969 0.103392 -0.00355529
308 1 0.819498 0.477059 0 -0.000223954 0.000405502 0 0.00461216 0.115502 -0.00201156 48 -0.0572724 0.103977 -0.0019867
334 1 0.819278 0.521046 0 -0.000228993 0.000451636 0 0.0041527 0.115504 -0.000651581 48 -0.0575961 0.104256 -0.000635642
257 1 0.858333 0.389494 0 -0.000231011 0.000318135 0 0.00505728 0.111903 -0.00506265 47 -0.0552704 0.100244 -0.00496757
258 1 0.896052 0.38993 0 -0.00025515 0.000322918 0 0.0023935 0.107348 -0.00477105 42 -0.0549959 0.0974415 -0.00438206
259 1 0.933798 0.390446 0 -0.000279265 0.000329784 0 -0.0021012 0.101453 -0.00451162 35 -0.0554171 0.0945298 -0.0039003
260 1 0.971569 0.391021 0 -0.000303179 0.000336563 0 -0.00896252 0.0945548 -0.00423105 28 -0.0570986 0.0921982 -0.00338813
283 1 0.857608 0.433348 0 -0.000241151 0.000363207 0 0.00384929 0.111803 -0.00335191 47 -0.0560481 0.100822 -0.0031676
284 1 0.895304 0.433668 0 -0.000266083 0.000367516 0 0.00146124 0.107118 -0.00313431 42 -0.0555007 0.0977048 -0.00274988
285 1 0.933039 0.434042 0 -0.000290655 0.000371954 0 -0.00266705 0.101249 -0.002949 35 -0.0556601 0.0945773 -0.00241883
286 1 0.970809 0.434453 0 -0.000314931 0.000377236 0 -0.00878713 0.094723 -0.00276192 28 -0.0569764 0.0921327 -0.00208748
309 1 0.857139 0.477219 0 -0.000249458 0.000407803 0 0.00309634 0.111724 -0.00190399 47 -0.0565271 0.101175 -0.00174812
310 1 0.894821 0.477414 0 -0.000274928 0.000410309 0 0.000893554 0.106972 -0.00177103 42 -0.0558076 0.0978669 -0.00149945
311 1 0.93255 0.477641 0 -0.000299549 0.000414245 0 -0.00298781 0.101141 -0.00166097 35 -0.0558023 0.0946156 -0.00130736
312 1 0.97032 0.477888 0 -0.000324081 0.000418438 0 -0.00862507 0.0948723 -0.00155483 28 -0.0568882 0.092111 -0.00112305
335 1 0.856909 0.5211 0 -0.000255392 0.000453061 0 0.00273553 0.111681 -0.000614452 47 -0.0567549 0.101342 -0.000555212
336 1 0.894585 0.521166 0 -0.00028067 0.000455558 0 0.00062553 0.106902 -0.00056977 42 -0.0559526 0.097944 -0.000472754
337 1 0.93231 0.521241 0 -0.000306119 0.0004576 0 -0.00313184 0.101095 -0.000533284 35 -0.0558679 0.0946368 -0.000409858
338 1 0.97008 0.521323 0 -0.000330762 0.000460081 0 -0.00853127 0.0949579 -0.000498931 28 -0.0568424 0.0921068 -0.000350857
339 2 0.0299191 0.564759 0 0.000334827 0.000501565 0 -0.00852918 0.094958 -0.000507371 28 -0.056841 0.0921056 -0.000358622
340 2 0.0676891 0.564842 0 0.000309915 0.000500134 0 -0.00313081 0.101094 -0.000541564 35 -0.0558667 0.0946352 -0.000417556
341 2 0.105415 0.564918 0 0.000284656 0.000499628 0 0.00062606 0.1069 -0.000577727 42 -0.0559514 0.097942 -0.000480145
342 2 0.14309 0.564985 0 0.000258476 0.00049941 0 0.00273594 0.111679 -0.000622081 47 -0.0567536 0.10134 -0.000562375
365 2 0.0296778 0.608195 0 0.000336186 0.000544083 0 -0.00861952 0.0948722 -0.00156271 28 -0.0568841 0.0921074 -0.00113029
366 2 0.067448 0.608443 0 0.000311049 0.00054507 0 -0.00298485 0.101138 -0.00166866 35 -0.0557988 0.094611 -0.00131448
367 2 0.105177 0.60867 0 0.000285293 0.000545577 0 0.000895168 0.106968 -0.00177838 42 -0.0558042 0.0978611 -0.00150623
368 2 0.142859 0.608866 0 0.000259405 0.000546044 0 0.0030976 0.111718 -0.00191101 47 -0.0565232 0.101168 -0.00175466
391 2 0.0291866 0.651628 0 0.000334389 0.000585959 0 -0.00877799 0.0947228 -0.0027686 28 -0.0569696 0.0921266 -0.00209357
392 2 0.066957 0.652041 0 0.000309073 0.000587662 0 -0.00266235 0.101244 -0.00295547 35 -0.0556545 0.0945698 -0.00242474
393 2 0.104692 0.652416 0 0.000283383 0.000590178 0 0.00146365 0.107111 -0.00314044 42 -0.0554951 0.0976955 -0.00275544
394 2 0.142389 0.652737 0 0.000257214 0.000592543 0 0.0038511 0.111793 -0.00335771 47 -0.0560419 0.100811 -0.00317291
417 2 0.0284259 0.695061 0 0.000329183 0.00062852 0 -0.0089506 0.0945541 -0.00423606 28 -0.0570895 0.0921898 -0.00339263
418 2 0.0661965 0.695636 0 0.00030366 0.000632997 0 -0.0020952 0.101447 -0.00451635 35 -0.0554095 0.0945195 -0.00390446
419 2 0.103943 0.696153 0 0.000277955 0.000636833 0 0.00239644 0.107337 -0.00477543 42 -0.0549884 0.0974288 -0.00438584
420 2 0.141662 0.696589 0 0.000251602 0.00063999 0 0.0050594 0.11189 -0.00506672 47 -0.0552622 0.100229 -0.00497108
343 2 0.180721 0.565039 0 0.000232519 0.000499581 0 0.00415311 0.115501 -0.000658791 48 -0.0575947 0.104253 -0.000642516
369 2 0.1805 0.609027 0 0.000232508 0.000546534 0 0.00461341 0.115495 -0.00201817 48 -0.0572681 0.103969 -0.00199296
395 2 0.180052 0.652998 0 0.000230612 0.000594706 0 0.00556423 0.115474 -0.00352393 48 -0.0565899 0.103379 -0.00356033
421 2 0.179363 0.696939 0 0.00022533 0.000642681 0 0.00706712 0.115412 -0.00526863 48 -0.0555047 0.102431 -0.00548626
344 2 0.218317 0.565083 0 0.00020525 0.000499943 0 0.00541481 0.118637 -0.000669105 48 -0.05821 0.106587 -0.000689795
345 2 0.255891 0.565116 0 0.000178752 0.000500027 0 0.00659202 0.121196 -0.000649157 48 -0.0586018 0.108397 -0.000696465
346 2 0.293452 0.565141 0 0.000151102 0.000500637 0 0.00768135 0.123257 -0.000600005 48 -0.0588123 0.109762 -0.000662503
347 2 0.331006 0.56516 0 0.000124082 0.000500392 0 0.00865331 0.124881 -0.000525254 48 -0.0588943 0.110762 -0.000592119
370 2 0.218112 0.609154 0 0.000205907 0.000547092 0 0.00596362 0.118576 -0.00204384 48 -0.0577885 0.106183 -0.00212862
371 2 0.255705 0.609252 0 0.000178485 0.000547626 0 0.00721655 0.121079 -0.0019776 48 -0.0580937 0.107879 -0.00214002
372 2 0.293289 0.609326 0 0.000151337 0.000548375 0 0.00836768 0.123089 -0.00182361 48 -0.0582302 0.109143 -0.00202864
373 2 0.330869 0.609379 0 0.000123754 0.000548994 0 0.00938793 0.12467 -0.00159337 48 -0.0582521 0.11006 -0.00180822
396 2 0.217696 0.653203 0 0.00020379 0.000597174 0 0.00708953 0.118442 -0.0035464 48 -0.0569191 0.105352 -0.00376282
397 2 0.255329 0.653359 0 0.000176602 0.00059835 0 0.00849061 0.120832 -0.00341193 48 -0.0570522 0.10682 -0.00375017
398 2 0.292959 0.653476 0 0.000149642 0.000600298 0 0.00976129 0.122741 -0.00313095 48 -0.0570429 0.107885 -0.00353023
399 2 0.330592 0.65356 0 0.000122282 0.000601074 0 0.0108739 0.124238 -0.0027248 48 -0.0569478 0.108638 -0.00312947
422 2 0.217057 0.697211 0 0.00019864 0.000644793 0 0.00884912 0.118202 -0.00525386 48 -0.0555442 0.104035 -0.00571462
423 2 0.254752 0.697416 0 0.000172134 0.000646772 0 0.0104629 0.120422 -0.005013 48 -0.0554222 0.105164 -0.0056269
424 2 0.292455 0.697566 0 0.000145345 0.000648438 0 0.0119018 0.122182 -0.0045679 48 -0.0552013 0.105939 -0.00524538
425 2 0.330169 0.697674 0 0.000119024 0.000649414 0 0.013142 0.123557 -0.00395263 48 -0.0549391 0.106455 -0.00461432
348 2 0.368558 0.565173 0 9.63365e-05 0.000500543 0 0.00947458 0.126121 -0.000429586 48 -0.0588977 0.111472 -0.000491489
349 2 0.406111 0.565182 0 6.90556e-05 0.000500993 0 0.0101162 0.127015 -0.000317935 48 -0.0588637 0.111951 -0.000367466
350 2 0.443666 0.565187 0 4.11651e-05 0.00050153 0 0.0105561 0.127595 -0.000195129 48 -0.0588239 0.112245 -0.000226971
351 2 0.481222 0.56519 0 1.4031e-05 0.000501956 0 0.0107797 0.127879 -6.5764e-05 48 -0.0587988 0.112384 -7.67316e-05
374 2 0.368449 0.609417 0 9.64545e-05 0.00054987 0 0.0102453 0.125876 -0.00130121 48 -0.0582092 0.110703 -0.00149783
375 2 0.406032 0.609443 0 6.87471e-05 0.000549951 0 0.0109122 0.126745 -0.000961967 48 -0.058142 0.111134 -0.00111821
376 2 0.443618 0.609458 0 4.14341e-05 0.0005501 0 0.0113681 0.127308 -0.000589978 48 -0.0580808 0.111396 -0.000690025
377 2 0.481206 0.609466 0 1.36428e-05 0.000549805 0 0.0115993 0.127585 -0.00019877 48 -0.0580453 0.11152 -0.000233166
400 2 0.368229 0.653619 0 9.51623e-05 0.000602061 0 0.0117996 0.125377 -0.0022183 48 -0.0568156 0.109153 -0.00258153
401 2 0.405873 0.653659 0 6.793e-05 0.000602796 0 0.0125141 0.126199 -0.00163624 48 -0.0566847 0.10949 -0.00192152
402 2 0.443521 0.653683 0 4.06873e-05 0.000603432 0 0.0129998 0.126731 -0.00100203 48 -0.0565827 0.109692 -0.00118344
403 2 0.481173 0.653694 0 1.36287e-05 0.000603966 0 0.0132454 0.126992 -0.000337344 48 -0.0565274 0.109787 -0.000399517
426 2 0.367895 0.69775 0 9.22112e-05 0.000650592 0 0.0141602 0.124602 -0.00320357 48 -0.0546814 0.106789 -0.00378424
427 2 0.405631 0.6978 0 6.61416e-05 0.000651236 0 0.0149381 0.125355 -0.00235531 48 -0.0544619 0.106996 -0.00280493
428 2 0.443375 0.69783 0 3.94403e-05 0.000651656 0 0.0154631 0.125844 -0.00143932 48 -0.0543037 0.107114 -0.00172284
429 2 0.481124 0.697844 0 1.33169e-05 0.000651754 0 0.0157274 0.126084 -0.000484054 48 -0.0542212 0.107167 -0.000580836
352 2 0.518778 0.56519 0 -1.4031e-05 0.000501956 0 0.0107797 0.127879 6.5764e-05 48 -0.0587988 0.112384 7.67316e-05
353 2 0.556334 0.565187 0 -4.11651e-05 0.00050153 0 0.0105561 0.127595 0.000195129 48 -0.0588239 0.112245 0.000226971
354 2 0.593889 0.565182 0 -6.90556e-05 0.000500993 0 0.0101162 0.127015 0.000317935 48 -0.0588637 0.111951 0.000367466
355 2 0.631442 0.565173 0 -9.63365e-05 0.000500543 0 0.00947458 0.126121 0.000429586 48 -0.0588977 0.111472 0.000491489
378 2 0.518794 0.609466 0 -1.36428e-05 0.000549805 0 0.0115993 0.127585 0.00019877 48 -0.0580453 0.11152 0.000233166
379 2 0.556382 0.609458 0 -4.14341e-05 0.0005501 0 0.0113681 0.127308 0.000589978 48 -0.0580808 0.111396 0.000690025
380 2 0.593968 0.609443 0 -6.87471e-05 0.000549951 0 0.0109122 0.126745 0.000961967 48 -0.058142 0.111134 0.00111821
381 2 0.631551 0.609417 0 -9.64545e-05 0.00054987 0 0.0102453 0.125876 0.00130121 48 -0.0582092 0.110703 0.00149783
404 2 0.518827 0.653694 0 -1.36287e-05 0.000603966 0 0.0132454 0.126992 0.000337344 48 -0.0565274 0.109787 0.000399517
405 2 0.556479 0.653683 0 -4.06873e-05 0.000603432 0 0.0129998 0.126731 0.00100203 48 -0.0565827 0.109692 0.00118344
406 2 0.594127 0.653659 0 -6.793e-05 0.000602796 0 0.0125141 0.126199 0.00163624 48 -0.0566847 0.10949 0.00192152
407 2 0.631771 0.653619 0 -9.51623e-05 0.000602061 0 0.0117996 0.125377 0.0022183 48 -0.0568156 0.109153 0.00258153
430 2 0.518876 0.697844 0 -1.33169e-05 0.000651754 0 0.0157274 0.126084 0.000484054 48 -0.0542212 0.107167 0.000580836
431 2 0.556625 0.69783 0 -3.94403e-05 0.000651656 0 0.0154631 0.125844 0.00143932 48 -0.0543037 0.107114 0.00172284
432 2 0.594369 0.6978 0 -6.61416e-05 0.000651236 0 0.0149381 0.125355 0.00235531 48 -0.0544619 0.106996 0.00280493
433 2 0.632105 0.69775 0 -9.22112e-05 0.000650592 0 0.0141602 0.124602 0.00320357 48 -0.0546814 0.106789 0.00378424
356 2 0.668994 0.56516 0 -0.000124082 0.000500392 0 0.00865331 0.124881 0.000525254 48 -0.0588943 0.110762 0.000592119
357 2 0.706548 0.565141 0 -0.000151102 0.000500637 0 0.00768135 0.123257 0.000600005 48 -0.0588123 0.109762 0.000662503
358 2 0.744109 0.565116 0 -0.000178752 0.000500027 0 0.00659202 0.121196 0.000649157 48 -0.0586018 0.108397 0.000696465
359 2 0.781683 0.565083 0 -0.00020525 0.000499943 0 0.00541481 0.118637 0.000669105 48 -0.05821 0.106587 0.000689795
382 2 0.669131 0.609379 0 -0.000123754 0.000548994 0 0.00938793 0.12467 0.00159337 48 -0.0582521 0.11006 0.00180822
383 2 0.706711 0.609326 0 -0.000151337 0.000548375 0 0.00836768 0.123089 0.00182361 48 -0.0582302 0.109143 0.00202864
384 2 0.744295 0.609252 0 -0.000178485 0.000547626 0 0.00721655 0.121079 0.0019776 48 -0.0580937 0.107879 0.00214002
385 2 0.781888 0.609154 0 -0.000205907 0.000547092 0 0.00596362 0.118576 0.00204384 48 -0.0577885 0.106183 0.00212862
408 2 0.669408 0.65356 0 -0.000122282 0.000601074 0 0.0108739 0.124238 0.0027248 48 -0.0569478 0.108638 0.00312947
409 2 0.707041 0.653476 0 -0.000149642 0.000600298 0 0.00976129 0.122741 0.00313095 48 -0.0570429 0.107885 0.00353023
410 2 0.744671 0.653359 0 -0.000176602 0.00059835 0 0.00849061 0.120832 0.00341193 48 -0.0570522 0.10682 0.00375017
411 2 0.782304 0.653203 0 -0.00020379 0.000597174 0 0.00708953 0.118442 0.0035464 48 -0.0569191 0.105352 0.00376282
434 2 0.669831 0.697674 0 -0.000119024 0.000649414 0 0.013142 0.123557 0.00395263 48 -0.0549391 0.106455 0.00461432
435 2 0.707545 0.697566 0 -0.000145345 0.000648438 0 0.0119018 0.122182 0.0045679 48 -0.0552013 0.105939 0.00524538
436 2 0.745248 0.697416 0 -0.000172134 0.000646772 0 0.0104629 0.120422 0.005013 48 -0.0554222 0.105164 0.0056269
437 2 0.782943 0.697211 0 -0.00019864 0.000644793 0 0.00884912 0.118202 0.00525386 48 -0.0555442 0.104035 0.00571462
360 2 0.819279 0.565039 0 -0.000232519 0.000499581 0 0.00415311 0.115501 0.000658791 48 -0.0575947 0.104253 0.000642516
386 2 0.8195 0.609027 0 -0.000232508 0.000546534 0 0.00461341 0.115495 0.00201817 48 -0.0572681 0.103969 0.00199296
412 2 0.819948 0.652998 0 -0.000230612 0.000594706 0 0.00556423 0.115474 0.00352393 48 -0.0565899 0.103379 0.00356033
438 2 0.820637 0.696939 0 -0.00022533 0.000642681 0 0.00706712 0.115412 0.00526863 48 -0.0555047 0.102431 0.00548626
361 2 0.85691 0.564985 0 -0.000258476 0.00049941 0 0.00273594 0.111679 0.000622081 47 -0.0567536 0.10134 0.000562375
362 2 0.894585 0.564918 0 -0.000284656 0.000499628 0 0.00062606 0.1069 0.000577727 42 -0.0559514 0.097942 0.000480145
363 2 0.932311 0.564842 0 -0.000309915 0.000500134 0 -0.00313081 0.101094 0.000541564 35 -0.0558667 0.0946352 0.000417556
364 2 0.970081 0.564759 0 -0.000334827 0.000501565 0 -0.00852918 0.094958 0.000507371 28 -0.056841 0.0921056 0.000358622
387 2 0.857141 0.608866 0 -0.000259405 0.000546044 0 0.0030976 0.111718 0.00191101 47 -0.0565232 0.101168 0.00175466
388 2 0.894823 0.60867 0 -0.000285293 0.000545577 0 0.000895168 0.106968 0.00177838 42 -0.0558042 0.0978611 0.00150623
389 2 0.932552 0.608443 0 -0.000311049 0.00054507 0 -0.00298485 0.101138 0.00166866 35 -0.0557988 0.094611 0.00131448
390 2 0.970322 0.608195 0 -0.000336186 0.000544083 0 -0.00861952 0.0948722 0.00156271 28 -0.0568841 0.0921074 0.00113029
413 2 0.857611 0.652737 0 -0.000257214 0.000592543 0 0.0038511 0.111793 0.00335771 47 -0.0560419 0.100811 0.00317291
414 2 0.895308 0.652416 0 -0.000283383 0.000590178 0 0.00146365 0.107111 0.00314044 42 -0.0554951 0.0976955 0.00275544
415 2 0.933043 0.652041 0 -0.000309073 0.000587662 0 -0.00266235 0.101244 0.00295547 35 -0.0556545 0.0945698 0.00242474
416 2 0.970813 0.651628 0 -0.000334389 0.000585959 0 -0.00877799 0.0947228 0.0027686 28 -0.0569696 0.0921266 0.00209357
439 2 0.858338 0.696589 0 -0.000251602 0.00063999 0 0.0050594 0.11189 0.00506672 47 -0.0552622 0.100229 0.00497108
440 2 0.896057 0.696153 0 -0.000277955 0.000636833 0 0.00239644 0.107337 0.00477543 42 -0.0549884 0.0974288 0.00438584
441 2 0.933803 0.695636 0 -0.00030366 0.000632997 0 -0.0020952 0.101447 0.00451635 35 -0.0554095 0.0945195 0.00390446
442 2 0.971574 0.695061 0 -0.000329183 0.00062852 0 -0.0089506 0.0945541 0.00423606 28 -0.0570895 0.0921898 0.00339263
443 2 0.0273655 0.738494 0 0.00032 0.000670963 0 -0.0090379 0.0944328 -0.00609049 28 -0.0572193 0.0923293 -0.00519565
444 2 0.0651371 0.739227 0 0.000294382 0.000676417 0 -0.00116851 0.101791 -0.00647506 35 -0.055016 0.0944615 -0.00592897
445 2 0.102901 0.739876 0 0.000268752 0.000681571 0 0.00379759 0.107649 -0.00679748 42 -0.0542197 0.0970245 -0.00656626
446 2 0.140655 0.740413 0 0.000242691 0.000686111 0 0.00681967 0.111977 -0.00713761 47 -0.0541036 0.099353 -0.00730363
469 2 0.0259643 0.78193 0 0.000306243 0.000713563 0 -0.00886829 0.0944471 -0.00847466 28 -0.0572985 0.0925692 -0.00770417
470 2 0.0637389 0.782812 0 0.00028067 0.000721022 0 0.000294175 0.102324 -0.008963 35 -0.0543843 0.0943731 -0.00869573
471 2 0.101529 0.783577 0 0.000254946 0.000727762 0 0.00581536 0.108024 -0.00931687 42 -0.0530807 0.0964057 -0.00947258
472 2 0.139337 0.784194 0 0.000229733 0.000732982 0 0.00926201 0.111984 -0.00965463 47 -0.0524408 0.0980643 -0.0103154
495 2 0.0241693 0.825375 0 0.000287316 0.00075601 0 -0.00815209 0.0947019 -0.0115434 28 -0.0571921 0.0928961 -0.0111567
496 2 0.0619525 0.826389 0 0.000261695 0.000764869 0 0.00254729 0.103064 -0.0121071 35 -0.0533548 0.0941734 -0.0124175
497 2 0.0997865 0.827243 0 0.000236509 0.000772495 0 0.00863959 0.10838 -0.0124223 42 -0.0513991 0.0954211 -0.013271
498 2 0.137672 0.827911 0 0.000211761 0.000778643 0 0.0125376 0.111769 -0.012665 47 -0.0500897 0.0961657 -0.0141172
521 2 0.0219166 0.868834 0 0.000262176 0.000798617 0 -0.00642334 0.0952877 -0.0154356 28 -0.0566239 0.0931871 -0.0158125
522 2 0.059722 0.869948 0 0.00023686 0.0008083 0 0.00590612 0.103929 -0.015994 35 -0.051661 0.0936523 -0.0172879
523 2 0.0976259 0.870853 0 0.000212593 0.000816535 0 0.0124663 0.108495 -0.0161423 42 -0.0489137 0.0937817 -0.0180745
524 2 0.135626 0.871532 0 0.000189041 0.000822454 0 0.0167785 0.111053 -0.0161386 47 -0.0467931 0.0933323 -0.0187345
447 2 0.178411 0.740836 0 0.000216709 0.000690382 0 0.00921367 0.115259 -0.00733329 48 -0.0539223 0.101037 -0.0079029
473 2 0.177171 0.784668 0 0.000204246 0.000737175 0 0.0121192 0.114923 -0.00977459 48 -0.0517107 0.0990592 -0.0109182
499 2 0.175616 0.828407 0 0.000187561 0.000783705 0 0.0159038 0.114244 -0.0126018 48 -0.0486896 0.0962918 -0.014587
525 2 0.173722 0.872017 0 0.000166719 0.000827113 0 0.0206449 0.112934 -0.0157381 48 -0.0446285 0.0924233 -0.0188584
448 2 0.216178 0.741158 0 0.000190754 0.000693724 0 0.0113231 0.1178 -0.00722748 48 -0.0535738 0.10214 -0.00808944
449 2 0.253963 0.741397 0 0.000164783 0.000696261 0 0.0132001 0.119793 -0.00682414 48 -0.0531212 0.102826 -0.00784951
450 2 0.291768 0.741571 0 0.000139162 0.000698621 0 0.0148404 0.12136 -0.00616318 48 -0.0526338 0.103231 -0.00723081
451 2 0.329595 0.741693 0 0.000113459 0.000700266 0 0.0162286 0.122581 -0.00529466 48 -0.0521667 0.103455 -0.00630147
474 2 0.215039 0.78502 0 0.00017933 0.000740555 0 0.0146061 0.11714 -0.00949935 48 -0.050883 0.0995336 -0.0109592
475 2 0.252945 0.785276 0 0.000154589 0.000743047 0 0.0167727 0.118853 -0.00885856 48 -0.0500398 0.0996872 -0.0104601
476 2 0.290887 0.785459 0 0.000130171 0.000745368 0 0.0186236 0.120192 -0.00791744 48 -0.0492506 0.0996651 -0.00950703
477 2 0.328862 0.785585 0 0.000106093 0.00074631 0 0.0201585 0.121238 -0.00674461 48 -0.0485599 0.0995616 -0.00819759
500 2 0.213622 0.828765 0 0.000163888 0.00078736 0 0.0187822 0.116062 -0.0120507 48 -0.0473124 0.0960256 -0.0143334
501 2 0.251687 0.829019 0 0.000140967 0.00079027 0 0.0212268 0.117452 -0.0110808 48 -0.0460486 0.0955884 -0.013438
502 2 0.289803 0.829195 0 0.000118296 0.000792496 0 0.0232621 0.118543 -0.00978836 48 -0.0449536 0.0951169 -0.0120371
503 2 0.327963 0.829314 0 9.62792e-05 0.000794514 0 0.024912 0.119403 -0.0082607 48 -0.044049 0.0946843 -0.0102608
526 2 0.211911 0.872354 0 0.00014504 0.000830663 0 0.0238693 0.114291 -0.0147783 48 -0.0426773 0.0913484 -0.0181115
527 2 0.25018 0.872585 0 0.000124157 0.000833191 0 0.0265221 0.115334 -0.0133796 48 -0.0410142 0.0903148 -0.0166596
528 2 0.288514 0.87274 0 0.000104091 0.000834994 0 0.0286646 0.116169 -0.0116704 48 -0.0396565 0.0894213 -0.014696
529 2 0.326901 0.872842 0 8.44531e-05 0.000835927 0 0.0303576 0.116847 -0.00975138 48 -0.0385868 0.0886994 -0.0123786
452 2 0.367441 0.741778 0 8.82242e-05 0.00070187 0 0.017351 0.12351 -0.00426728 48 -0.0517584 0.103568 -0.00513106
453 2 0.405303 0.741833 0 6.2645e-05 0.000702519 0 0.0181984 0.12418 -0.00312456 48 -0.0514345 0.103618 -0.00378366
454 2 0.443177 0.741867 0 3.77851e-05 0.000703089 0 0.0187655 0.124616 -0.00190431 48 -0.0512111 0.103636 -0.00231626
455 2 0.481058 0.741882 0 1.2353e-05 0.000703338 0 0.0190495 0.124831 -0.000639596 48 -0.0510973 0.103641 -0.000779622
478 2 0.366863 0.785671 0 8.22052e-05 0.000747477 0 0.0213787 0.122036 -0.00540056 48 -0.0479927 0.0994348 -0.00662116
479 2 0.404887 0.785726 0 5.86368e-05 0.000748384 0 0.022288 0.122616 -0.00393568 48 -0.0475619 0.0993188 -0.00485406
480 2 0.442926 0.785759 0 3.51255e-05 0.000749149 0 0.0228908 0.122995 -0.00239128 48 -0.0472732 0.0992332 -0.00296034
481 2 0.480974 0.785775 0 1.16938e-05 0.000749693 0 0.0231912 0.123183 -0.000801934 48 -0.0471285 0.0991882 -0.000994568
504 2 0.366159 0.829394 0 7.44394e-05 0.000795975 0 0.0261998 0.120068 -0.00656723 48 -0.0433381 0.0943252 -0.0082157
505 2 0.40438 0.829444 0 5.30578e-05 0.000796773 0 0.027146 0.120558 -0.00476114 48 -0.042815 0.0940535 -0.00598548
506 2 0.442621 0.829473 0 3.15617e-05 0.000796702 0 0.0277672 0.120881 -0.00288313 48 -0.0424721 0.0938727 -0.00363566
507 2 0.480872 0.829487 0 1.07269e-05 0.000796677 0 0.0280749 0.121042 -0.000965292 48 -0.0423025 0.0937828 -0.00121904
530 2 0.365328 0.872908 0 6.52494e-05 0.000836562 0 0.031653 0.117386 -0.00769415 48 -0.0377762 0.0881481 -0.00982272
531 2 0.403786 0.872949 0 4.63502e-05 0.000837341 0 0.0325909 0.117792 -0.00554822 48 -0.0371961 0.0877537 -0.00711062
532 2 0.442264 0.872973 0 2.78395e-05 0.0008383 0 0.0332005 0.118064 -0.00334817 48 -0.0368228 0.0875009 -0.00430141
533 2 0.480753 0.872983 0 9.0939e-06 0.000839012 0 0.0335007 0.118201 -0.0011191 48 -0.0366403 0.0873777 -0.00143938
456 2 0.518942 0.741882 0 -1.2353e-05 0.000703338 0 0.0190495 0.124831 0.000639596 48 -0.0510973 0.103641 0.000779622
457 2 0.556823 0.741867 0 -3.77851e-05 0.000703089 0 0.0187655 0.124616 0.00190431 48 -0.0512111 0.103636 0.00231626
458 2 0.594697 0.741833 0 -6.2645e-05 0.000702519 0 0.0181984 0.12418 0.00312456 48 -0.0514345 0.103618 0.00378366
459 2 0.632559 0.741778 0 -8.82242e-05 0.00070187 0 0.017351 0.12351 0.00426728 48 -0.0517584 0.103568 0.00513106
482 2 0.519026 0.785775 0 -1.16938e-05 0.000749693 0 0.0231912 0.123183 0.000801934 48 -0.0471285 0.0991882 0.000994568
483 2 0.557074 0.785759 0 -3.51255e-05 0.000749149 0 0.0228908 0.122995 0.00239128 48 -0.0472732 0.0992332 0.00296034
484 2 0.595113 0.785726 0 -5.86368e-05 0.000748384 0 0.022288 0.122616 0.00393568 48 -0.0475619 0.0993188 0.00485406
485 2 0.633137 0.785671 0 -8.22052e-05 0.000747477 0 0.0213787 0.122036 0.00540056 48 -0.0479927 0.0994348 0.00662116
508 2 0.519128 0.829487 0 -1.07269e-05 0.000796677 0 0.0280749 0.121042 0.000965292 48 -0.0423025 0.0937828 0.00121904
509 2 0.557379 0.829473 0 -3.15617e-05 0.000796702 0 0.0277672 0.120881 0.00288313 48 -0.0424721 0.0938727 0.00363566
510 2 0.59562 0.829444 0 -5.30578e-05 0.000796773 0 0.027146 0.120558 0.00476114 48 -0.042815 0.0940535 0.00598548
511 2 0.633841 0.829394 0 -7.44394e-05 0.000795975 0 0.0261998 0.120068 0.00656723 48 -0.0433381 0.0943252 0.0082157
534 2 0.519247 0.872983 0 -9.0939e-06 0.000839012 0 0.0335007 0.118201 0.0011191 48 -0.0366403 0.0873777 0.00143938
535 2 0.557736 0.872973 0 -2.78395e-05 0.0008383 0 0.0332005 0.118064 0.00334817 48 -0.0368228 0.0875009 0.00430141
536 2 0.596214 0.872949 0 -4.63502e-05 0.000837341 0 0.0325909 0.117792 0.00554822 48 -0.0371961 0.0877537 0.00711062
537 2 0.634672 0.872908 0 -6.52494e-05 0.000836562 0 0.031653 0.117386 0.00769415 48 -0.0377762 0.0881481 0.00982272
460 2 0.670405 0.741693 0 -0.000113459 0.000700266 0 0.0162286 0.122581 0.00529466 48 -0.0521667 0.103455 0.00630147
461 2 0.708232 0.741571 0 -0.000139162 0.000698621 0 0.0148404 0.12136 0.00616318 48 -0.0526338 0.103231 0.00723081
462 2 0.746037 0.741397 0 -0.000164783 0.000696261 0 0.0132001 0.119793 0.00682414 48 -0.0531212 0.102826 0.00784951
463 2 0.783822 0.741158 0 -0.000190754 0.000693724 0 0.0113231 0.1178 0.00722748 48 -0.0535738 0.10214 0.00808944
486 2 0.671138 0.785585 0 -0.000106093 0.00074631 0 0.0201585 0.121238 0.00674461 48 -0.0485599 0.0995616 0.00819759
487 2 0.709113 0.785459 0 -0.000130171 0.000745368 0 0.0186236 0.120192 0.00791744 48 -0.0492506 0.0996651 0.00950703
488 2 0.747055 0.785276 0 -0.000154589 0.000743047 0 0.0167727 0.118853 0.00885856 48 -0.0500398 0.0996872 0.0104601
489 2 0.784961 0.78502 0 -0.00017933 0.000740555 0 0.0146061 0.11714 0.00949935 48 -0.050883 0.0995336 0.0109592
512 2 0.672037 0.829314 0 -9.62792e-05 0.000794514 0 0.024912 0.119403 0.0082607 48 -0.044049 0.0946843 0.0102608
513 2 0.710197 0.829195 0 -0.000118296 0.000792496 0 0.0232621 0.118543 0.00978836 48 -0.0449536 0.0951169 0.0120371
514 2 0.748313 0.829019 0 -0.000140967 0.00079027 0 0.0212268 0.117452 0.0110808 48 -0.0460486 0.0955884 0.013438
515 2 0.786378 0.828765 0 -0.000163888 0.00078736 0 0.0187822 0.116062 0.0120507 48 -0.0473124 0.0960256 0.0143334
538 2 0.673099 0.872842 0 -8.44531e-05 0.000835927 0 0.0303576 0.116847 0.00975138 48 -0.0385868 0.0886994 0.0123786
539 2 0.711486 0.87274 0 -0.000104091 0.000834994 0 0.0286646 0.116169 0.0116704 48 -0.0396565 0.0894213 0.014696
540 2 0.74982 0.872585 0 -0.000124157 0.000833191 0 0.0265221 0.115334 0.0133796 48 -0.0410142 0.0903148 0.0166596
541 2 0.788089 0.872354 0 -0.00014504 0.000830663 0 0.0238693 0.114291 0.0147783 48 -0.0426773 0.0913484 0.0181115
464 2 0.821589 0.740836 0 -0.000216709 0.000690382 0 0.00921367 0.115259 0.00733329 48 -0.0539223 0.101037 0.0079029
490 2 0.822829 0.784668 0 -0.000204246 0.000737175 0 0.0121192 0.114923 0.00977459 48 -0.0517107 0.0990592 0.0109182
516 2 0.824384 0.828407 0 -0.000187561 0.000783705 0 0.0159038 0.114244 0.0126018 48 -0.0486896 0.0962918 0.014587
542 2 0.826278 0.872017 0 -0.000166719 0.000827113 0 0.0206449 0.112934 0.0157381 48 -0.0446285 0.0924233 0.0188584
465 2 0.859345 0.740413 0 -0.000242691 0.000686111 0 0.00681967 0.111977 0.00713761 47 -0.0541036 0.099353 0.00730363
466 2 0.897099 0.739876 0 -0.000268752 0.000681571 0 0.00379759 0.107649 0.00679748 42 -0.0542197 0.0970245 0.00656626
467 2 0.934863 0.739227 0 -0.000294382 0.000676417 0 -0.00116851 0.101791 0.00647506 35 -0.055016 0.0944615 0.00592897
468 2 0.972634 0.738494 0 -0.00032 0.000670963 0 -0.0090379 0.0944328 0.00609049 28 -0.0572193 0.0923293 0.00519565
491 2 0.860663 0.784194 0 -0.000229733 0.000732982 0 0.00926201 0.111984 0.00965463 47 -0.0524408 0.0980643 0.0103154
492 2 0.898471 0.783577 0 -0.000254946 0.000727762 0 0.00581536 0.108024 0.00931687 42 -0.0530807 0.0964057 0.00947258
493 2 0.936261 0.782812 0 -0.00028067 0.000721022 0 0.000294175 0.102324 0.008963 35 -0.0543843 0.0943731 0.00869573
494 2 0.974036 0.78193 0 -0.000306243 0.000713563 0 -0.00886829 0.0944471 0.00847466 28 -0.0572985 0.0925692 0.00770417
517 2 0.862328 0.827911 0 -0.000211761 0.000778643 0 0.0125376 0.111769 0.012665 47 -0.0500897 0.0961657 0.0141172
518 2 0.900214 0.827243 0 -0.000236509 0.000772495 0 0.00863959 0.10838 0.0124223 42 -0.0513991 0.0954211 0.013271
519 2 0.938047 0.826389 0 -0.000261695 0.000764869 0 0.00254729 0.103064 0.0121071 35 -0.0533548 0.0941734 0.0124175
520 2 0.975831 0.825375 0 -0.000287316 0.00075601 0 -0.00815209 0.0947019 0.0115434 28 -0.0571921 0.0928961 0.0111567
543 2 0.864374 0.871532 0 -0.000189041 0.000822454 0 0.0167785 0.111053 0.0161386 47 -0.0467931 0.0933323 0.0187345
544 2 0.902374 0.870853 0 -0.000212593 0.000816535 0 0.0124663 0.108495 0.0161423 42 -0.0489137 0.0937817 0.0180745
545 2 0.940278 0.869948 0 -0.00023686 0.0008083 0 0.00590612 0.103929 0.015994 35 -0.051661 0.0936523 0.0172879
546 2 0.978083 0.868834 0 -0.000262176 0.000798617 0 -0.00642334 0.0952877 0.0154356 28 -0.0566239 0.0931871 0.0158125
547 2 0.0191354 0.912312 0 0.000230266 0.000841003 0 -0.00298635 0.0962293 -0.0202208 28 -0.0550861 0.0931037 -0.0219105
548 2 0.0569927 0.91347 0 0.000205354 0.000851506 0 0.0106713 0.104613 -0.0206179 35 -0.0489022 0.0923767 -0.0234241
549 2 0.0950095 0.914371 0 0.000182319 0.000859833 0 0.0174321 0.107917 -0.0203923 42 -0.045256 0.0909879 -0.0238749
550 2 0.133176 0.915012 0 0.000160659 0.000865949 0 0.022049 0.109362 -0.0199149 47 -0.042212 0.0890668 -0.0240334
573 2 0.0157645 0.955803 0 0.000190397 0.000882887 0 0.00285114 0.0974086 -0.0262496 27 -0.0519847 0.0922681 -0.0301062
574 2 0.0537254 0.956917 0 0.000166968 0.000892669 0 0.0175878 0.105036 -0.0261012 34 -0.0444216 0.0898906 -0.0311489
575 2 0.0919202 0.957735 0 0.000145976 0.000899878 0 0.0240648 0.106472 -0.0250721 41 -0.039856 0.0865558 -0.030658
576 2 0.130326 0.958281 0 0.000127346 0.000904664 0 0.0286993 0.106534 -0.0237458 46 -0.0359017 0.0829669 -0.0297548
599 2 0.0118183 0.999256 0 0.000143024 0.000924044 0 0.0105176 0.0987494 -0.0332083 24 -0.0475807 0.0910112 -0.0400275
600 2 0.049939 1.0002 0 0.000121454 0.00093219 0 0.0287553 0.107376 -0.0320309 30 -0.0375584 0.0869146 -0.0400327
601 2 0.0883982 1.00084 0 0.000103586 0.000937692 0 0.0352327 0.107309 -0.029789 36 -0.0319565 0.0816219 -0.0379856
602 2 0.127143 1.00124 0 8.85642e-05 0.000941664 0 0.0391406 0.105757 -0.0272074 41 -0.0274954 0.0764764 -0.0353388
603 2 0.166098 1.00146 0 7.60275e-05 0.000943782 0 0.0428957 0.105183 -0.0244472 42 -0.0237121 0.0724723 -0.03224
625 2 0.0073154 1.04263 0 8.75953e-05 0.00096369 0 0.0178633 0.100268 -0.0412728 20 -0.0435375 0.0910237 -0.0515761
626 2 0.0456144 1.04323 0 6.87951e-05 0.000967777 0 0.0470644 0.115439 -0.0380166 25 -0.0279024 0.0852386 -0.0495127
627 2 0.0845008 1.04358 0 5.5932e-05 0.000970291 0 0.0518366 0.113133 -0.0341023 30 -0.0221208 0.0780796 -0.0451208
628 2 0.123731 1.04377 0 4.68304e-05 0.000971821 0 0.053672 0.109506 -0.0300678 34 -0.0179736 0.0716799 -0.0402914
629 2 0.163154 1.04387 0 3.96818e-05 0.000972773 0 0.0554027 0.107338 -0.0262433 35 -0.0148284 0.0670886 -0.0355086
651 2 0 1.08608 0 0 0.001 0 0.0941338 0.149492 -0.0514599 16 -0.0100928 0.0951527 -0.0705385
652 2 0.04 1.08608 0 0 0.001 0 0.0757827 0.130605 -0.0450077 20 -0.0136599 0.084809 -0.0611201
653 2 0.08 1.08608 0 0 0.001 0 0.068524 0.119142 -0.0382786 24 -0.0121389 0.0749047 -0.0521573
654 2 0.12 1.08608 0 0 0.001 0 0.0661611 0.112567 -0.0324544 27 -0.0095524 0.0675373 -0.0445049
655 2 0.16 1.08608 0 0 0.001 0 0.0654008 0.109065 -0.027654 28 -0.00761823 0.0628964 -0.0381061
551 2 0.171481 0.915447 0 0.00014042 0.000870541 0 0.0263202 0.11054 -0.0189728 48 -0.0392564 0.0870184 -0.0235041
577 2 0.168912 0.958627 0 0.000110321 0.000907932 0 0.0331007 0.106937 -0.0220006 47 -0.0322873 0.0798157 -0.0281461
552 2 0.209908 0.915735 0 0.000121587 0.000873277 0 0.0297461 0.111394 -0.0174574 48 -0.0367938 0.0851502 -0.0220238
553 2 0.248431 0.915924 0 0.000103521 0.000875451 0 0.0324475 0.112079 -0.0155433 48 -0.0348342 0.0835941 -0.0198569
554 2 0.28703 0.916047 0 8.65406e-05 0.000877279 0 0.0345498 0.112664 -0.0133798 48 -0.0333222 0.08237 -0.0172436
555 2 0.325685 0.916125 0 6.98363e-05 0.000878618 0 0.0361643 0.113168 -0.0110673 48 -0.0321829 0.0814454 -0.0143515
578 2 0.207641 0.958844 0 9.49119e-05 0.000910653 0 0.0364111 0.107263 -0.0197925 47 -0.0295298 0.0773063 -0.0256774
579 2 0.246474 0.958979 0 8.06174e-05 0.000912129 0 0.0388716 0.107584 -0.0173183 47 -0.0274929 0.0754049 -0.0226789
580 2 0.285382 0.959063 0 6.70187e-05 0.000913102 0 0.0407039 0.10792 -0.0147143 47 -0.0260108 0.0740093 -0.0193919
581 2 0.324344 0.959113 0 5.43164e-05 0.000913715 0 0.0420703 0.108256 -0.012055 47 -0.0249426 0.0730084 -0.0159572
604 2 0.205195 1.00159 0 6.48571e-05 0.000945161 0 0.0454577 0.104844 -0.0215077 42 -0.0210977 0.0695963 -0.0286418
605 2 0.244386 1.00167 0 5.48116e-05 0.000946044 0 0.0472236 0.104716 -0.0185229 42 -0.0193157 0.067579 -0.0248222
606 2 0.283638 1.00172 0 4.54562e-05 0.000946725 0 0.0484806 0.104748 -0.0155632 42 -0.0180941 0.0661795 -0.0209423
607 2 0.322933 1.00174 0 3.66162e-05 0.000947539 0 0.0493998 0.104879 -0.0126516 42 -0.0172501 0.0652169 -0.0170718
630 2 0.202678 1.04392 0 3.37195e-05 0.000973475 0 0.0564332 0.106014 -0.0226527 35 -0.0128531 0.0640596 -0.0308307
631 2 0.242259 1.04395 0 2.84799e-05 0.000973695 0 0.057098 0.105287 -0.0192715 35 -0.0116044 0.0620702 -0.0263232
632 2 0.281874 1.04396 0 2.36656e-05 0.000973993 0 0.0575754 0.104943 -0.0160637 35 -0.0107927 0.0607519 -0.0219914
633 2 0.321511 1.04397 0 1.89653e-05 0.000974015 0 0.0579459 0.104833 -0.0129899 35 -0.0102514 0.0598736 -0.0178099
656 2 0.2 1.08608 0 0 0.001 0 0.0650013 0.107191 -0.0235603 28 -0.0064752 0.0600872 -0.0325569
657 2 0.24 1.08608 0 0 0.001 0 0.0648052 0.106237 -0.0199005 28 -0.0057903 0.0583428 -0.0275449
658 2 0.28 1.08608 0 0 0.001 0 0.06474 0.105801 -0.0165205 28 -0.00536199 0.0572284 -0.0228893
659 2 0.32 1.08608 0 0 0.001 0 0.0647568 0.105654 -0.0133271 28 -0.00508317 0.0565051 -0.0184765
556 2 0.364383 0.916174 0 5.40034e-05 0.000879693 0 0.0373742 0.11359 -0.00866741 48 -0.0313487 0.0807732 -0.011288
557 2 0.403111 0.916203 0 3.82559e-05 0.000880409 0 0.0382376 0.11392 -0.00621732 48 -0.0307667 0.0803093 -0.00812082
558 2 0.441859 0.916219 0 2.29282e-05 0.000879842 0 0.0387935 0.114147 -0.00373948 48 -0.0303988 0.0800193 -0.00489321
559 2 0.480618 0.916226 0 7.59234e-06 0.000879693 0 0.0390657 0.114262 -0.00124787 48 -0.0302207 0.07988 -0.0016343
582 2 0.363345 0.959143 0 4.16568e-05 0.000913723 0 0.0430755 0.108565 -0.00937631 47 -0.0241859 0.0723087 -0.0124492
583 2 0.402372 0.95916 0 2.96977e-05 0.000914328 0 0.0437848 0.108822 -0.00669427 47 -0.0236704 0.0718397 -0.00890625
584 2 0.441417 0.959169 0 1.75466e-05 0.000914783 0 0.0442386 0.109005 -0.00401455 47 -0.0233497 0.0715523 -0.00534777
585 2 0.480471 0.959173 0 5.95962e-06 0.000915486 0 0.0444601 0.1091 -0.00133778 47 -0.023196 0.0714159 -0.00178312
608 2 0.362257 1.00176 0 2.81988e-05 0.000947601 0 0.0500727 0.105051 -0.00978777 42 -0.01667 0.0645645 -0.0132323
609 2 0.4016 1.00176 0 1.99069e-05 0.000948285 0 0.0505484 0.105217 -0.00696312 42 -0.0162829 0.0641373 -0.0094254
610 2 0.440955 1.00177 0 1.2029e-05 0.00094763 0 0.0508539 0.105346 -0.00416666 42 -0.0160455 0.0638798 -0.00564438
611 2 0.480318 1.00177 0 3.91746e-06 0.000947618 0 0.0510035 0.105415 -0.00138703 42 -0.0159326 0.0637588 -0.00187962
634 2 0.361163 1.04397 0 1.46319e-05 0.000973945 0 0.0582371 0.104847 -0.0100145 35 -0.00988789 0.0592923 -0.0137441
635 2 0.400825 1.04397 0 1.03957e-05 0.000974121 0 0.0584562 0.104913 -0.00710831 35 -0.00964924 0.0589182 -0.00976193
636 2 0.440493 1.04397 0 6.10046e-06 0.000974151 0 0.0586035 0.104981 -0.00424776 35 -0.00950437 0.0586956 -0.0058358
637 2 0.480164 1.04397 0 2.00924e-06 0.000974375 0 0.0586777 0.105022 -0.00141312 35 -0.00943585 0.0585918 -0.00194179
660 2 0.36 1.08608 0 0 0.001 0 0.0648149 0.105657 -0.0102595 28 -0.00489883 0.0560364 -0.0142294
661 2 0.4 1.08608 0 0 0.001 0 0.0648832 0.105721 -0.00727577 28 -0.00477902 0.0557401 -0.0100939
662 2 0.44 1.08608 0 0 0.001 0 0.06494 0.105792 -0.00434565 28 -0.00470676 0.0555663 -0.00602978
663 2 0.48 1.08608 0 0 0.001 0 0.0649717 0.105834 -0.00144536 28 -0.0046727 0.055486 -0.00200564
560 2 0.519382 0.916226 0 -7.59234e-06 0.000879693 0 0.0390657 0.114262 0.00124787 48 -0.0302207 0.07988 0.0016343
561 2 0.558141 0.916219 0 -2.29282e-05 0.000879842 0 0.0387935 0.114147 0.00373948 48 -0.0303988 0.0800193 0.00489321
562 2 0.596889 0.916203 0 -3.82559e-05 0.000880409 0 0.0382376 0.11392 0.00621732 48 -0.0307667 0.0803093 0.00812082
563 2 0.635617 0.916174 0 -5.40034e-05 0.000879693 0 0.0373742 0.11359 0.00866741 48 -0.0313487 0.0807732 0.011288
586 2 0.519529 0.959173 0 -5.95962e-06 0.000915486 0 0.0444601 0.1091 0.00133778 47 -0.023196 0.0714159 0.00178312
587 2 0.558583 0.959169 0 -1.75466e-05 0.000914783 0 0.0442386 0.109005 0.00401455 47 -0.0233497 0.0715523 0.00534777
588 2 0.597628 0.95916 0 -2.96977e-05 0.000914328 0 0.0437848 0.108822 0.00669427 47 -0.0236704 0.0718397 0.00890625
589 2 0.636655 0.959143 0 -4.16568e-05 0.000913723 0 0.0430755 0.108565 0.00937631 47 -0.0241859 0.0723087 0.0124492
612 2 0.519682 1.00177 0 -3.91746e-06 0.000947618 0 0.0510035 0.105415 0.00138703 42 -0.0159326 0.0637588 0.00187962
613 2 0.559045 1.00177 0 -1.2029e-05 0.00094763 0 0.0508539 0.105346 0.00416666 42 -0.0160455 0.0638798 0.00564438
614 2 0.5984 1.00176 0 -1.99069e-05 0.000948285 0 0.0505484 0.105217 0.00696312 42 -0.0162829 0.0641373 0.0094254
615 2 0.637743 1.00176 0 -2.81988e-05 0.000947601 0 0.0500727 0.105051 0.00978777 42 -0.01667 0.0645645 0.0132323
638 2 0.519836 1.04397 0 -2.00924e-06 0.000974375 0 0.0586777 0.105022 0.00141312 35 -0.00943585 0.0585918 0.00194179
639 2 0.559507 1.04397 0 -6.10046e-06 0.000974151 0 0.0586035 0.104981 0.00424776 35 -0.00950437 0.0586956 0.0058358
640 2 0.599175 1.04397 0 -1.03957e-05 0.000974121 0 0.0584562 0.104913 0.00710831 35 -0.00964924 0.0589182 0.00976193
641 2 0.638837 1.04397 0 -1.46319e-05 0.000973945 0 0.0582371 0.104847 0.0100145 35 -0.00988789 0.0592923 0.0137441
664 2 0.52 1.08608 0 0 0.001 0 0.0649717 0.105834 0.00144536 28 -0.0046727 0.055486 0.00200564
665 2 0.56 1.08608 0 0 0.001 0 0.06494 0.105792 0.00434565 28 -0.00470676 0.0555663 0.00602978
666 2 0.6 1.08608 0 0 0.001 0 0.0648832 0.105721 0.00727577 28 -0.00477902 0.0557401 0.0100939
667 2 0.64 1.08608 0 0 0.001 0 0.0648149 0.105657 0.0102595 28 -0.00489883 0.0560364 0.0142294
564 2 0.674315 0.916125 0 -6.98363e-05 0.000878618 0 0.0361643 0.113168 0.0110673 48 -0.0321829 0.0814454 0.0143515
565 2 0.71297 0.916047 0 -8.65406e-05 0.000877279 0 0.0345498 0.112664 0.0133798 48 -0.0333222 0.08237 0.0172436
566 2 0.751569 0.915924 0 -0.000103521 0.000875451 0 0.0324475 0.112079 0.0155433 48 -0.0348342 0.0835941 0.0198569
567 2 0.790092 0.915735 0 -0.000121587 0.000873277 0 0.0297461 0.111394 0.0174574 48 -0.0367938 0.0851502 0.0220238
590 2 0.675656 0.959113 0 -5.43164e-05 0.000913715 0 0.0420703 0.108256 0.012055 47 -0.0249426 0.0730084 0.0159572
591 2 0.714618 0.959063 0 -6.70187e-05 0.000913102 0 0.0407039 0.10792 0.0147143 47 -0.0260108 0.0740093 0.0193919
592 2 0.753526 0.958979 0 -8.06174e-05 0.000912129 0 0.0388716 0.107584 0.0173183 47 -0.0274929 0.0754049 0.0226789
593 2 0.792359 0.958844 0 -9.49119e-05 0.000910653 0 0.0364111 0.107263 0.0197925 47 -0.0295298 0.0773063 0.0256774
616 2 0.677067 1.00174 0 -3.66162e-05 0.000947539 0 0.0493998 0.104879 0.0126516 42 -0.0172501 0.0652169 0.0170718
617 2 0.716362 1.00172 0 -4.54562e-05 0.000946725 0 0.0484806 0.104748 0.0155632 42 -0.0180941 0.0661795 0.0209423
618 2 0.755614 1.00167 0 -5.48116e-05 0.000946044 0 0.0472236 0.104716 0.0185229 42 -0.0193157 0.067579 0.0248222
619 2 0.794805 1.00159 0 -6.48571e-05 0.000945161 0 0.0454577 0.104844 0.0215077 42 -0.0210977 0.0695963 0.0286418
642 2 0.678489 1.04397 0 -1.89653e-05 0.000974015 0 0.0579459 0.104833 0.0129899 35 -0.0102514 0.0598736 0.0178099
643 2 0.718126 1.04396 0 -2.36656e-05 0.000973993 0 0.0575754 0.104943 0.0160637 35 -0.0107927 0.0607519 0.0219914
644 2 0.757741 1.04395 0 -2.84799e-05 0.000973695 0 0.057098 0.105287 0.0192715 35 -0.0116044 0.0620702 0.0263232
645 2 0.797322 1.04392 0 -3.37195e-05 0.000973475 0 0.0564332 0.106014 0.0226527 35 -0.0128531 0.0640596 0.0308307
668 2 0.68 1.08608 0 0 0.001 0 0.0647568 0.105654 0.0133271 28 -0.00508317 0.0565051 0.0184765
669 2 0.72 1.08608 0 0 0.001 0 0.06474 0.105801 0.0165205 28 -0.00536199 0.0572284 0.0228893
670 2 0.76 1.08608 0 0 0.001 0 0.0648052 0.106237 0.0199005 28 -0.0057903 0.0583428 0.0275449
671 2 0.8 1.08608 0 0 0.001 0 0.0650013 0.107191 0.0235603 28 -0.0064752 0.0600872 0.0325569
568 2 0.828519 0.915447 0 -0.00014042 0.000870541 0 0.0263202 0.11054 0.0189728 48 -0.0392564 0.0870184 0.0235041
594 2 0.831088 0.958627 0 -0.000110321 0.000907932 0 0.0331007 0.106937 0.0220006 47 -0.0322873 0.0798157 0.0281461
569 2 0.866824 0.915012 0 -0.000160659 0.000865949 0 0.022049 0.109362 0.0199149 47 -0.042212 0.0890668 0.0240334
570 2 0.904991 0.914371 0 -0.000182319 0.000859833 0 0.0174321 0.107917 0.0203923 42 -0.045256 0.0909879 0.0238749
571 2 0.943007 0.91347 0 -0.000205354 0.000851506 0 0.0106713 0.104613 0.0206179 35 -0.0489022 0.0923767 0.0234241
572 2 0.980865 0.912312 0 -0.000230266 0.000841003 0 -0.00298635 0.0962293 0.0202208 28 -0.0550861 0.0931037 0.0219105
595 2 0.869674 0.958281 0 -0.000127346 0.000904664 0 0.0286993 0.106534 0.0237458 46 -0.0359017 0.0829669 0.0297548
596 2 0.90808 0.957735 0 -0.000145976 0.000899878 0 0.0240648 0.106472 0.0250721 41 -0.039856 0.0865558 0.030658
597 2 0.946275 0.956917 0 -0.000166968 0.000892669 0 0.0175878 0.105036 0.0261012 34 -0.0444216 0.0898906 0.0311489
598 2 0.984236 0.955803 0 -0.000190397 0.000882887 0 0.00285114 0.0974086 0.0262496 27 -0.0519847 0.0922681 0.0301062
620 2 0.833902 1.00146 0 -7.60275e-05 0.000943782 0 0.0428957 0.105183 0.0244472 42 -0.0237121 0.0724723 0.03224
621 2 0.872857 1.00124 0 -8.85642e-05 0.000941664 0 0.0391406 0.105757 0.0272074 41 -0.0274954 0.0764764 0.0353388
622 2 0.911602 1.00084 0 -0.000103586 0.000937692 0 0.0352327 0.107309 0.029789 36 -0.0319565 0.0816219 0.0379856
623 2 0.950061 1.0002 0 -0.000121454 0.00093219 0 0.0287553 0.107376 0.0320309 30 -0.0375584 0.0869146 0.0400327
624 2 0.988182 0.999256 0 -0.000143024 0.000924044 0 0.0105176 0.0987494 0.0332083 24 -0.0475807 0.0910112 0.0400275
646 2 0.836846 1.04387 0 -3.96818e-05 0.000972773 0 0.0554027 0.107338 0.0262433 35 -0.0148284 0.0670886 0.0355086
647 2 0.876269 1.04377 0 -4.68304e-05 0.000971821 0 0.053672 0.109506 0.0300678 34 -0.0179736 0.0716799 0.0402914
648 2 0.915499 1.04358 0 -5.5932e-05 0.000970291 0 0.0518366 0.113133 0.0341023 30 -0.0221208 0.0780796 0.0451208
649 2 0.954386 1.04323 0 -6.87951e-05 0.000967777 0 0.0470644 0.115439 0.0380166 25 -0.0279024 0.0852386 0.0495127
650 2 0.992685 1.04263 0 -8.75953e-05 0.00096369 0 0.0178633 0.100268 0.0412728 20 -0.0435375 0.0910237 0.0515761
672 2 0.84 1.08608 0 0 0.001 0 0.0654008 0.109065 0.027654 28 -0.00761823 0.0628964 0.0381061
673 2 0.88 1.08608 0 0 0.001 0 0.0661611 0.112567 0.0324544 27 -0.0095524 0.0675373 0.0445049
674 2 0.92 1.08608 0 0 0.001 0 0.068524 0.119142 0.0382786 24 -0.0121389 0.0749047 0.0521573
675 2 0.96 1.08608 0 0 0.001 0 0.0757827 0.130605 0.0450077 20 -0.0136599 0.084809 0.0611201
676 2 1 1.08608 0 0 0.001 0 0.0941338 0.149492 0.0514599 16 -0.0100928 0.0951527 0.0705385
