1 1 0 0 0 0 0 0 0.0501186 0.0820853 0.0262736 16 -0.00535247 0.0469059 0.0363001
2 1 0.04 0 0 0 0 0 0.0398328 0.0705708 0.0228019 20 -0.00718798 0.0416365 0.0313555
3 1 0.08 0 0 0 0 0 0.0355215 0.0631676 0.0193571 24 -0.00633274 0.0366266 0.0266812
4 1 0.12 0 0 0 0 0 0.0340099 0.0588342 0.0164293 27 -0.00493342 0.0329719 0.0227337
5 1 0.16 0 0 0 0 0 0.033527 0.0565575 0.0140227 28 -0.00389955 0.0307631 0.0194593
27 1 0.00377614 0.041887 0 0.000114518 5.06308e-05 0 0.00951051 0.0543732 0.0201316 20 -0.0231001 0.0447722 0.0264107
28 1 0.0428726 0.0415045 0 8.92087e-05 4.22627e-05 0 0.0245323 0.0616163 0.0189285 25 -0.0146518 0.0418828 0.0254412
29 1 0.0822914 0.0412908 0 7.24354e-05 3.80277e-05 0 0.0267423 0.0596324 0.017094 30 -0.0115519 0.0382874 0.0231896
30 1 0.121895 0.0411764 0 6.14002e-05 3.53432e-05 0 0.0275612 0.0571374 0.0151545 34 -0.00930963 0.0351044 0.0207138
31 1 0.161602 0.041122 0 5.17289e-05 3.52571e-05 0 0.0284221 0.0556437 0.0132856 35 -0.00762014 0.0328855 0.018262
53 1 0.00607637 0.0836293 0 0.000184575 9.9969e-05 0 0.00573063 0.0527255 0.0159835 24 -0.0250128 0.0447316 0.0205531
54 1 0.0450935 0.0830666 0 0.000156751 8.72334e-05 0 0.0148359 0.0567161 0.0157135 30 -0.019726 0.042701 0.0206416
55 1 0.0842911 0.0826897 0 0.00013366 7.99636e-05 0 0.0180439 0.0562306 0.0147681 36 -0.0167264 0.0400698 0.0196334
56 1 0.123642 0.0824654 0 0.000114195 7.58544e-05 0 0.0200678 0.0550818 0.0136218 41 -0.0142993 0.0375305 0.0183097
57 1 0.163106 0.0823403 0 9.84984e-05 7.42862e-05 0 0.0220542 0.0545544 0.0123386 42 -0.0122516 0.0355973 0.0167328
79 1 0.00811446 0.125402 0 0.000243434 0.000148983 0 0.00152839 0.051239 0.0124394 27 -0.0273618 0.0453183 0.0155438
80 1 0.0470515 0.124753 0 0.00021313 0.000135429 0 0.00896146 0.0549749 0.0126386 34 -0.0233604 0.0441712 0.0161771
81 1 0.0861128 0.12428 0 0.000186665 0.000125422 0 0.0122827 0.0555347 0.0123107 41 -0.0209055 0.042547 0.0159925
82 1 0.125287 0.12397 0 0.000162686 0.00011954 0 0.0147588 0.055429 0.0118236 46 -0.0187422 0.0407981 0.0155875
83 1 0.164558 0.123779 0 0.00014083 0.000116217 0 0.0171154 0.0555138 0.0110796 47 -0.0167715 0.0392782 0.0147858
105 1 0.00986592 0.16718 0 0.000290331 0.000198973 0 -0.00166929 0.049973 0.00942534 28 -0.0290303 0.0456482 0.0113942
106 1 0.0487514 0.166511 0 0.000259106 0.000186083 0 0.00533481 0.0543054 0.00986325 35 -0.0257381 0.045353 0.0122794
107 1 0.0877213 0.165995 0 0.0002299 0.000177712 0 0.00889454 0.0560397 0.00993014 42 -0.0237721 0.0447292 0.0125942
108 1 0.126771 0.165633 0 0.000202453 0.000172408 0 0.0113996 0.0567986 0.00986905 47 -0.0221022 0.0438262 0.0127488
109 1 0.165895 0.165394 0 0.000176692 0.000169566 0 0.0137035 0.0573738 0.00953816 48 -0.0204819 0.04285 0.0125133
6 1 0.2 0 0 0 0 0 0.0333256 0.0553854 0.011962 28 -0.00329843 0.029508 0.0166271
7 1 0.24 0 0 0 0 0 0.0332649 0.0548109 0.0101134 28 -0.00294452 0.028785 0.0140708
8 1 0.28 0 0 0 0 0 0.03328 0.0545572 0.00840186 28 -0.00272691 0.02836 0.0116961
9 1 0.32 0 0 0 0 0 0.0333348 0.0544758 0.00678183 28 -0.00258726 0.0281081 0.00944431
32 1 0.201361 0.0410957 0 4.47262e-05 3.43328e-05 0 0.0289617 0.0547618 0.0114963 35 -0.00657402 0.0314875 0.0158555
33 1 0.241149 0.0410824 0 3.7796e-05 3.5658e-05 0 0.0293336 0.0542911 0.00979368 35 -0.00592276 0.0306195 0.0135344
34 1 0.280954 0.0410761 0 3.12057e-05 3.51796e-05 0 0.0296157 0.054073 0.00817017 35 -0.0055057 0.0300789 0.0113048
35 1 0.32077 0.0410735 0 2.52478e-05 3.60826e-05 0 0.0298419 0.0540014 0.00661047 35 -0.00523117 0.0297416 0.00915414
58 1 0.202645 0.0822707 0 8.35485e-05 7.3386e-05 0 0.0234168 0.0542316 0.0109053 42 -0.0108523 0.0342555 0.0148716
59 1 0.242233 0.0822318 0 7.06496e-05 7.1739e-05 0 0.0243647 0.0540805 0.00941564 42 -0.00991032 0.0333538 0.0128852
60 1 0.281853 0.0822102 0 5.84488e-05 7.20251e-05 0 0.0250465 0.0540522 0.00792239 42 -0.00927274 0.0327579 0.0108662
61 1 0.321494 0.0821988 0 4.70322e-05 7.08517e-05 0 0.0255498 0.0540988 0.00644571 42 -0.00883747 0.0323688 0.00885412
84 1 0.203906 0.123664 0 0.000121416 0.000115301 0 0.0188822 0.0555787 0.0100361 47 -0.0152799 0.0380948 0.0135009
85 1 0.243308 0.123595 0 0.000103072 0.000115351 0 0.0201951 0.0556727 0.00881596 47 -0.0141886 0.0372262 0.0119219
86 1 0.28275 0.123553 0 8.62161e-05 0.000115843 0 0.0211742 0.0558014 0.00750706 47 -0.0134027 0.0366123 0.0101875
87 1 0.32222 0.12353 0 6.92398e-05 0.000116545 0 0.021906 0.05595 0.00615831 47 -0.012842 0.0361898 0.00837716
110 1 0.205083 0.165239 0 0.000152467 0.000166485 0 0.0155382 0.0577584 0.00885608 48 -0.0191386 0.0419672 0.0117408
111 1 0.244324 0.165141 0 0.000129713 0.000165258 0 0.0169801 0.0580619 0.0079279 48 -0.0180765 0.0412476 0.0105849
112 1 0.283604 0.165079 0 0.000107187 0.000163433 0 0.0181011 0.0583275 0.00684626 48 -0.0172632 0.0406979 0.00918517
113 1 0.322914 0.165042 0 8.72931e-05 0.000162345 0 0.018962 0.0585653 0.0056737 48 -0.0166552 0.040296 0.00763766
10 1 0.36 0 0 0 0 0 0.033404 0.0544809 0.00522327 28 -0.00249598 0.0279602 0.00727556
11 1 0.4 0 0 0 0 0 0.0334694 0.0545204 0.00370554 28 -0.00243717 0.0278759 0.00516227
12 1 0.44 0 0 0 0 0 0.0335191 0.0545621 0.00221375 28 -0.00240189 0.0278311 0.0030843
13 1 0.48 0 0 0 0 0 0.0335458 0.0545872 0.000736377 28 -0.00238532 0.0278118 0.001026
36 1 0.360593 0.0410729 0 1.9503e-05 3.66256e-05 0 0.0300226 0.0540066 0.00509834 35 -0.00504884 0.0295331 0.00706393
37 1 0.40042 0.0410733 0 1.36804e-05 3.63916e-05 0 0.0301595 0.0540431 0.00361986 35 -0.00493014 0.0294076 0.00501719
38 1 0.440251 0.0410738 0 8.16042e-06 3.68222e-05 0 0.0302521 0.0540818 0.00216357 35 -0.00485848 0.0293372 0.00299937
39 1 0.480084 0.0410741 0 2.77203e-06 3.62714e-05 0 0.0302988 0.0541053 0.000719809 35 -0.0048247 0.0293057 0.000997982
62 1 0.36115 0.0821932 0 3.58835e-05 7.07618e-05 0 0.0259211 0.0541797 0.00498932 42 -0.00854124 0.0321188 0.00686048
63 1 0.400816 0.0821908 0 2.5548e-05 6.99638e-05 0 0.0261853 0.0542641 0.00355069 42 -0.00834518 0.0319632 0.00488555
64 1 0.440487 0.08219 0 1.51274e-05 7.13871e-05 0 0.0263556 0.054331 0.00212515 42 -0.00822561 0.0318733 0.00292527
65 1 0.480162 0.0821898 0 5.31406e-06 7.12415e-05 0 0.0264393 0.0543676 0.000707501 42 -0.00816892 0.0318324 0.000974064
88 1 0.361709 0.123516 0 5.3952e-05 0.000118196 0 0.0224455 0.0560975 0.00479365 47 -0.0124482 0.0359064 0.00653143
89 1 0.401212 0.123509 0 3.79725e-05 0.00011766 0 0.0228271 0.0562247 0.00342405 47 -0.0121819 0.0357236 0.00467037
90 1 0.440724 0.123506 0 2.30334e-05 0.000118293 0 0.0230716 0.0563172 0.00205394 47 -0.0120172 0.0356152 0.00280342
91 1 0.480241 0.123505 0 6.96654e-06 0.000116645 0 0.0231911 0.0563658 0.000684521 47 -0.0119384 0.0355649 0.000934599
114 1 0.362247 0.165019 0 6.61045e-05 0.000161669 0 0.0196072 0.0587705 0.00444836 48 -0.0162132 0.0400133 0.00600211
115 1 0.401595 0.165007 0 4.73301e-05 0.000160202 0 0.0200679 0.0589342 0.003193 48 -0.0159066 0.039824 0.00431501
116 1 0.440953 0.165 0 2.74497e-05 0.000161574 0 0.0203647 0.0590484 0.00192117 48 -0.0157136 0.0397085 0.00259877
117 1 0.480317 0.164997 0 1.00487e-05 0.000162216 0 0.0205102 0.059107 0.000641195 48 -0.0156205 0.039654 0.000867745
14 1 0.52 0 0 0 0 0 0.0335458 0.0545872 -0.000736377 28 -0.00238532 0.0278118 -0.001026
15 1 0.56 0 0 0 0 0 0.0335191 0.0545621 -0.00221375 28 -0.00240189 0.0278311 -0.0030843
16 1 0.6 0 0 0 0 0 0.0334694 0.0545204 -0.00370554 28 -0.00243717 0.0278759 -0.00516227
17 1 0.64 0 0 0 0 0 0.033404 0.0544809 -0.00522327 28 -0.00249598 0.0279602 -0.00727556
40 1 0.519916 0.0410741 0 -2.77203e-06 3.62714e-05 0 0.0302988 0.0541053 -0.000719809 35 -0.0048247 0.0293057 -0.000997982
41 1 0.559749 0.0410738 0 -8.16042e-06 3.68222e-05 0 0.0302521 0.0540818 -0.00216357 35 -0.00485848 0.0293372 -0.00299937
42 1 0.59958 0.0410733 0 -1.36804e-05 3.63916e-05 0 0.0301595 0.0540431 -0.00361986 35 -0.00493014 0.0294076 -0.00501719
43 1 0.639407 0.0410729 0 -1.9503e-05 3.66256e-05 0 0.0300226 0.0540066 -0.00509834 35 -0.00504884 0.0295331 -0.00706393
66 1 0.519838 0.0821898 0 -5.31406e-06 7.12415e-05 0 0.0264393 0.0543676 -0.000707501 42 -0.00816892 0.0318324 -0.000974064
67 1 0.559513 0.08219 0 -1.51274e-05 7.13871e-05 0 0.0263556 0.054331 -0.00212515 42 -0.00822561 0.0318733 -0.00292527
68 1 0.599184 0.0821908 0 -2.5548e-05 6.99638e-05 0 0.0261853 0.0542641 -0.00355069 42 -0.00834518 0.0319632 -0.00488555
69 1 0.63885 0.0821932 0 -3.58835e-05 7.07618e-05 0 0.0259211 0.0541797 -0.00498932 42 -0.00854124 0.0321188 -0.00686048
92 1 0.519759 0.123505 0 -6.96654e-06 0.000116645 0 0.0231911 0.0563658 -0.000684521 47 -0.0119384 0.0355649 -0.000934599
93 1 0.559276 0.123506 0 -2.30334e-05 0.000118293 0 0.0230716 0.0563172 -0.00205394 47 -0.0120172 0.0356152 -0.00280342
94 1 0.598788 0.123509 0 -3.79725e-05 0.00011766 0 0.0228271 0.0562247 -0.00342405 47 -0.0121819 0.0357236 -0.00467037
95 1 0.638291 0.123516 0 -5.3952e-05 0.000118196 0 0.0224455 0.0560975 -0.00479365 47 -0.0124482 0.0359064 -0.00653143
118 1 0.519683 0.164997 0 -1.00487e-05 0.000162216 0 0.0205102 0.059107 -0.000641195 48 -0.0156205 0.039654 -0.000867745
119 1 0.559047 0.165 0 -2.74497e-05 0.000161574 0 0.0203647 0.0590484 -0.00192117 48 -0.0157136 0.0397085 -0.00259877
120 1 0.598405 0.165007 0 -4.73301e-05 0.000160202 0 0.0200679 0.0589342 -0.003193 48 -0.0159066 0.039824 -0.00431501
121 1 0.637753 0.165019 0 -6.61045e-05 0.000161669 0 0.0196072 0.0587705 -0.00444836 48 -0.0162132 0.0400133 -0.00600211
18 1 0.68 0 0 0 0 0 0.0333348 0.0544758 -0.00678183 28 -0.00258726 0.0281081 -0.00944431
19 1 0.72 0 0 0 0 0 0.03328 0.0545572 -0.00840186 28 -0.00272691 0.02836 -0.0116961
20 1 0.76 0 0 0 0 0 0.0332649 0.0548109 -0.0101134 28 -0.00294452 0.028785 -0.0140708
21 1 0.8 0 0 0 0 0 0.0333256 0.0553854 -0.011962 28 -0.00329843 0.029508 -0.0166271
44 1 0.67923 0.0410735 0 -2.52478e-05 3.60826e-05 0 0.0298419 0.0540014 -0.00661047 35 -0.00523117 0.0297416 -0.00915414
45 1 0.719046 0.0410761 0 -3.12057e-05 3.51796e-05 0 0.0296157 0.054073 -0.00817017 35 -0.0055057 0.0300789 -0.0113048
46 1 0.758851 0.0410824 0 -3.7796e-05 3.5658e-05 0 0.0293336 0.0542911 -0.00979368 35 -0.00592276 0.0306195 -0.0135344
47 1 0.798639 0.0410957 0 -4.47262e-05 3.43328e-05 0 0.0289617 0.0547618 -0.0114963 35 -0.00657402 0.0314875 -0.0158555
70 1 0.678506 0.0821988 0 -4.70322e-05 7.08517e-05 0 0.0255498 0.0540988 -0.00644571 42 -0.00883747 0.0323688 -0.00885412
71 1 0.718147 0.0822102 0 -5.84488e-05 7.20251e-05 0 0.0250465 0.0540522 -0.00792239 42 -0.00927274 0.0327579 -0.0108662
72 1 0.757767 0.0822318 0 -7.06496e-05 7.1739e-05 0 0.0243647 0.0540805 -0.00941564 42 -0.00991032 0.0333538 -0.0128852
73 1 0.797355 0.0822707 0 -8.35485e-05 7.3386e-05 0 0.0234168 0.0542316 -0.0109053 42 -0.0108523 0.0342555 -0.0148716
96 1 0.67778 0.12353 0 -6.92398e-05 0.000116545 0 0.021906 0.05595 -0.00615831 47 -0.012842 0.0361898 -0.00837716
97 1 0.71725 0.123553 0 -8.62161e-05 0.000115843 0 0.0211742 0.0558014 -0.00750706 47 -0.0134027 0.0366123 -0.0101875
98 1 0.756692 0.123595 0 -0.000103072 0.000115351 0 0.0201951 0.0556727 -0.00881596 47 -0.0141886 0.0372262 -0.0119219
99 1 0.796094 0.123664 0 -0.000121416 0.000115301 0 0.0188822 0.0555787 -0.0100361 47 -0.0152799 0.0380948 -0.0135009
122 1 0.677086 0.165042 0 -8.72931e-05 0.000162345 0 0.018962 0.0585653 -0.0056737 48 -0.0166552 0.040296 -0.00763766
123 1 0.716396 0.165079 0 -0.000107187 0.000163433 0 0.0181011 0.0583275 -0.00684626 48 -0.0172632 0.0406979 -0.00918517
124 1 0.755676 0.165141 0 -0.000129713 0.000165258 0 0.0169801 0.0580619 -0.0079279 48 -0.0180765 0.0412476 -0.0105849
125 1 0.794917 0.165239 0 -0.000152467 0.000166485 0 0.0155382 0.0577584 -0.00885608 48 -0.0191386 0.0419672 -0.0117408
22 1 0.84 0 0 0 0 0 0.033527 0.0565575 -0.0140227 28 -0.00389955 0.0307631 -0.0194593
23 1 0.88 0 0 0 0 0 0.0340099 0.0588342 -0.0164293 27 -0.00493342 0.0329719 -0.0227337
24 1 0.92 0 0 0 0 0 0.0355215 0.0631676 -0.0193571 24 -0.00633274 0.0366266 -0.0266812
25 1 0.96 0 0 0 0 0 0.0398328 0.0705708 -0.0228019 20 -0.00718798 0.0416365 -0.0313555
26 1 1 0 0 0 0 0 0.0501186 0.0820853 -0.0262736 16 -0.00535247 0.0469059 -0.0363001
48 1 0.838398 0.041122 0 -5.17289e-05 3.52571e-05 0 0.0284221 0.0556437 -0.0132856 35 -0.00762014 0.0328855 -0.018262
49 1 0.878105 0.0411764 0 -6.14002e-05 3.53432e-05 0 0.0275612 0.0571374 -0.0151545 34 -0.00930963 0.0351044 -0.0207138
50 1 0.917709 0.0412908 0 -7.24354e-05 3.80277e-05 0 0.0267423 0.0596324 -0.017094 30 -0.0115519 0.0382874 -0.0231896
51 1 0.957127 0.0415045 0 -8.92087e-05 4.22627e-05 0 0.0245323 0.0616163 -0.0189285 25 -0.0146518 0.0418828 -0.0254412
52 1 0.996224 0.041887 0 -0.000114518 5.06308e-05 0 0.00951051 0.0543732 -0.0201316 20 -0.0231001 0.0447722 -0.0264107
74 1 0.836894 0.0823403 0 -9.84984e-05 7.42862e-05 0 0.0220542 0.0545544 -0.0123386 42 -0.0122516 0.0355973 -0.0167328
75 1 0.876358 0.0824654 0 -0.000114195 7.58544e-05 0 0.0200678 0.0550818 -0.0136218 41 -0.0142993 0.0375305 -0.0183097
76 1 0.915709 0.0826897 0 -0.00013366 7.99636e-05 0 0.0180439 0.0562306 -0.0147681 36 -0.0167264 0.0400698 -0.0196334
77 1 0.954907 0.0830666 0 -0.000156751 8.72334e-05 0 0.0148359 0.0567161 -0.0157135 30 -0.019726 0.042701 -0.0206416
78 1 0.993924 0.0836293 0 -0.000184575 9.9969e-05 0 0.00573063 0.0527255 -0.0159835 24 -0.0250128 0.0447316 -0.0205531
100 1 0.835442 0.123779 0 -0.00014083 0.000116217 0 0.0171154 0.0555138 -0.0110796 47 -0.0167715 0.0392782 -0.0147858
101 1 0.874713 0.12397 0 -0.000162686 0.00011954 0 0.0147588 0.055429 -0.0118236 46 -0.0187422 0.0407981 -0.0155875
102 1 0.913887 0.12428 0 -0.000186665 0.000125422 0 0.0122827 0.0555347 -0.0123107 41 -0.0209055 0.042547 -0.0159925
103 1 0.952948 0.124753 0 -0.00021313 0.000135429 0 0.00896146 0.0549749 -0.0126386 34 -0.0233604 0.0441712 -0.0161771
104 1 0.991886 0.125402 0 -0.000243434 0.000148983 0 0.00152839 0.051239 -0.0124394 27 -0.0273618 0.0453183 -0.0155438
126 1 0.834105 0.165394 0 -0.000176692 0.000169566 0 0.0137035 0.0573738 -0.00953816 48 -0.0204819 0.04285 -0.0125133
127 1 0.873229 0.165633 0 -0.000202453 0.000172408 0 0.0113996 0.0567986 -0.00986905 47 -0.0221022 0.0438262 -0.0127488
128 1 0.912279 0.165995 0 -0.0002299 0.000177712 0 0.00889454 0.0560397 -0.00993014 42 -0.0237721 0.0447292 -0.0125942
129 1 0.951249 0.166511 0 -0.000259106 0.000186083 0 0.00533481 0.0543054 -0.00986325 35 -0.0257381 0.045353 -0.0122794
130 1 0.990134 0.16718 0 -0.000290331 0.000198973 0 -0.00166929 0.049973 -0.00942534 28 -0.0290303 0.0456482 -0.0113942
131 1 0.0113179 0.208936 0 0.00032427 0.000246405 0 -0.00356383 0.0489672 0.00708474 28 -0.0298387 0.0455699 0.00828841
132 1 0.0501787 0.208296 0 0.000292726 0.000235939 0 0.00282246 0.0535454 0.00756097 35 -0.0271919 0.0458874 0.00915222
133 1 0.0890912 0.207779 0 0.000262109 0.000226945 0 0.00633063 0.056061 0.00779318 42 -0.0257128 0.0460422 0.00964378
134 1 0.128054 0.207398 0 0.000232747 0.000220678 0 0.00869973 0.0575025 0.00795535 47 -0.0245514 0.0458887 0.0100637
135 1 0.167068 0.207131 0 0.000204395 0.00021744 0 0.0108015 0.0585179 0.00789321 48 -0.0233631 0.0454833 0.0101745
157 1 0.0124992 0.250668 0 0.000346224 0.000294152 0 -0.00455574 0.0482316 0.00521632 28 -0.0301133 0.045289 0.00589744
158 1 0.0513507 0.250088 0 0.000315274 0.000287513 0 0.00103249 0.0527352 0.00565325 35 -0.0280701 0.0460238 0.00664305
159 1 0.0902281 0.249602 0 0.00028485 0.000282019 0 0.004332 0.0557238 0.00594316 42 -0.0270244 0.0467531 0.00716693
160 1 0.129132 0.249228 0 0.000254738 0.000279415 0 0.00649901 0.0576724 0.00620763 47 -0.0263154 0.04721 0.00768368
161 1 0.168066 0.248955 0 0.000225364 0.000276228 0 0.00834466 0.0590564 0.0063029 48 -0.0255517 0.0473276 0.00797845
183 1 0.0134447 0.292383 0 0.000358385 0.000339997 0 -0.00500413 0.0477619 0.00377092 28 -0.0301355 0.0449965 0.00411193
184 1 0.0522936 0.291879 0 0.000327607 0.00033563 0 -0.000179201 0.0520577 0.00413358 35 -0.0285897 0.0460013 0.00470709
185 1 0.0911496 0.291445 0 0.000296689 0.000331689 0 0.00284541 0.0552991 0.00441694 42 -0.0279037 0.0471338 0.00518401
186 1 0.130013 0.291099 0 0.000266011 0.000327725 0 0.00478448 0.0575951 0.0047052 47 -0.0275717 0.0480588 0.00569432
187 1 0.168889 0.290839 0 0.000235021 0.000325668 0 0.00636661 0.0592659 0.00487546 48 -0.0271846 0.0486174 0.00605839
209 1 0.0141858 0.334085 0 0.000360861 0.00038573 0 -0.00515124 0.0475014 0.0026704 28 -0.0300592 0.0447643 0.00280443
210 1 0.0530348 0.333666 0 0.000331265 0.000385982 0 -0.000973 0.051556 0.00295089 35 -0.0288973 0.045937 0.00325259
211 1 0.0918777 0.333299 0 0.00030192 0.000384694 0 0.00177642 0.0549114 0.00319465 42 -0.0284923 0.0473415 0.00364661
212 1 0.130714 0.332998 0 0.00027166 0.000385549 0 0.00349735 0.0574321 0.00346012 47 -0.0284577 0.0486098 0.00409348
213 1 0.169549 0.332766 0 0.000242081 0.000384862 0 0.00483818 0.0593141 0.00364906 48 -0.0283821 0.0495189 0.00445206
136 1 0.206132 0.20695 0 0.000177634 0.000215502 0 0.0125374 0.0592132 0.0074958 48 -0.0222934 0.0449866 0.00978866
137 1 0.245238 0.206829 0 0.000150995 0.000215897 0 0.0139592 0.0597321 0.00683413 48 -0.021384 0.0445115 0.00900486
138 1 0.284379 0.206751 0 0.000127171 0.000214681 0 0.0151053 0.0601446 0.0059867 48 -0.0206447 0.0441085 0.00793767
139 1 0.323549 0.2067 0 0.000101993 0.000216536 0 0.0160103 0.060481 0.00501538 48 -0.0200652 0.0437909 0.00667908
162 1 0.207033 0.248762 0 0.00019572 0.000274004 0 0.00990437 0.0600372 0.00610924 48 -0.0247967 0.0472314 0.00785566
163 1 0.246031 0.248629 0 0.00016859 0.000272046 0 0.0112221 0.0607682 0.00566633 48 -0.0241017 0.0470435 0.00736637
164 1 0.285057 0.248539 0 0.000140345 0.000270446 0 0.0123171 0.0613334 0.00503276 48 -0.0234991 0.0468371 0.00659341
165 1 0.324107 0.24848 0 0.000114285 0.000269654 0 0.0132043 0.0617769 0.00426179 48 -0.023002 0.0466492 0.00561405
188 1 0.207783 0.29065 0 0.000205778 0.000324442 0 0.00772469 0.0604923 0.00481335 48 -0.0267355 0.0488912 0.00609372
189 1 0.246697 0.290515 0 0.000175715 0.000324744 0 0.0089007 0.0614193 0.00453506 48 -0.0262712 0.0489922 0.00581702
190 1 0.285631 0.290422 0 0.000147357 0.000323701 0 0.0099037 0.062134 0.00408015 48 -0.0258329 0.0489999 0.00528231
191 1 0.324582 0.290359 0 0.000119535 0.000323105 0 0.0107353 0.062687 0.00349044 48 -0.0254477 0.0489644 0.00454887
214 1 0.208389 0.332593 0 0.00021199 0.000383856 0 0.00600069 0.0607391 0.00366137 48 -0.0282028 0.0501086 0.00456541
215 1 0.247238 0.332467 0 0.000182523 0.000382661 0 0.00702792 0.0618357 0.00349822 48 -0.0279557 0.0504722 0.00442932
216 1 0.286099 0.332379 0 0.000153682 0.0003822 0 0.00792413 0.0626862 0.00318389 48 -0.0276827 0.0506859 0.00407547
217 1 0.324971 0.332317 0 0.000124552 0.000381629 0 0.00868288 0.0633428 0.00274893 48 -0.0274173 0.0508044 0.0035462
140 1 0.36274 0.206669 0 7.95808e-05 0.000215185 0 0.0167027 0.0607514 0.00396352 48 -0.0196281 0.0435545 0.00529456
141 1 0.401946 0.206651 0 5.57763e-05 0.000216746 0 0.017204 0.0609568 0.00286075 48 -0.0193166 0.0433894 0.0038294
142 1 0.441164 0.206641 0 3.42327e-05 0.000215788 0 0.0175298 0.0610955 0.00172726 48 -0.0191168 0.0432855 0.0023151
143 1 0.480387 0.206636 0 1.04778e-05 0.000214513 0 0.0176903 0.0611655 0.000577449 48 -0.0190193 0.0432356 0.000774454
166 1 0.363175 0.248442 0 8.77761e-05 0.000269312 0 0.0138968 0.0621202 0.00339523 48 -0.0226119 0.0464956 0.00448984
167 1 0.402258 0.248419 0 6.29144e-05 0.000268516 0 0.0144056 0.0623732 0.0024646 48 -0.0223256 0.0463811 0.00326776
168 1 0.441351 0.248406 0 3.66332e-05 0.00026854 0 0.0147397 0.0625405 0.00149351 48 -0.0221381 0.0463059 0.00198346
169 1 0.48045 0.2484 0 1.28643e-05 0.000269467 0 0.0149052 0.0626239 0.000500189 48 -0.0220455 0.0462689 0.0006648
192 1 0.363548 0.290318 0 9.20756e-05 0.000322518 0 0.0113967 0.0631075 0.0028023 48 -0.0251307 0.048915 0.0036692
193 1 0.402525 0.290292 0 6.49786e-05 0.000321029 0 0.0118898 0.0634125 0.00204549 48 -0.0248897 0.0488686 0.00268686
194 1 0.441512 0.290277 0 3.95735e-05 0.000321923 0 0.0122168 0.0636115 0.00124397 48 -0.0247281 0.0488341 0.00163728
195 1 0.480503 0.29027 0 1.27041e-05 0.000320735 0 0.0123798 0.0637099 0.000417341 48 -0.0246471 0.0488159 0.000549828
218 1 0.363854 0.332277 0 9.68848e-05 0.000382784 0 0.00929693 0.0638388 0.0022226 48 -0.0271837 0.0508655 0.00288308
219 1 0.402746 0.33225 0 6.90568e-05 0.000382236 0 0.00976096 0.0641958 0.00163063 48 -0.0269976 0.0508939 0.00212321
220 1 0.441645 0.332235 0 4.0913e-05 0.000382707 0 0.0100717 0.0644272 0.000994946 48 -0.0268689 0.0509053 0.00129856
221 1 0.480548 0.332228 0 1.38233e-05 0.000381757 0 0.0102274 0.0645411 0.00033434 48 -0.0268033 0.0509089 0.000436863
144 1 0.519613 0.206636 0 -1.04778e-05 0.000214513 0 0.0176903 0.0611655 -0.000577449 48 -0.0190193 0.0432356 -0.000774454
145 1 0.558836 0.206641 0 -3.42327e-05 0.000215788 0 0.0175298 0.0610955 -0.00172726 48 -0.0191168 0.0432855 -0.0023151
146 1 0.598054 0.206651 0 -5.57763e-05 0.000216746 0 0.017204 0.0609568 -0.00286075 48 -0.0193166 0.0433894 -0.0038294
147 1 0.63726 0.206669 0 -7.95808e-05 0.000215185 0 0.0167027 0.0607514 -0.00396352 48 -0.0196281 0.0435545 -0.00529456
170 1 0.51955 0.2484 0 -1.28643e-05 0.000269467 0 0.0149052 0.0626239 -0.000500189 48 -0.0220455 0.0462689 -0.0006648
171 1 0.558649 0.248406 0 -3.66332e-05 0.00026854 0 0.0147397 0.0625405 -0.00149351 48 -0.0221381 0.0463059 -0.00198346
172 1 0.597742 0.248419 0 -6.29144e-05 0.000268516 0 0.0144056 0.0623732 -0.0024646 48 -0.0223256 0.0463811 -0.00326776
173 1 0.636825 0.248442 0 -8.77761e-05 0.000269312 0 0.0138968 0.0621202 -0.00339523 48 -0.0226119 0.0464956 -0.00448984
196 1 0.519497 0.29027 0 -1.27041e-05 0.000320735 0 0.0123798 0.0637099 -0.000417341 48 -0.0246471 0.0488159 -0.000549828
197 1 0.558488 0.290277 0 -3.95735e-05 0.000321923 0 0.0122168 0.0636115 -0.00124397 48 -0.0247281 0.0488341 -0.00163728
198 1 0.597475 0.290292 0 -6.49786e-05 0.000321029 0 0.0118898 0.0634125 -0.00204549 48 -0.0248897 0.0488686 -0.00268686
199 1 0.636452 0.290318 0 -9.20756e-05 0.000322518 0 0.0113967 0.0631075 -0.0028023 48 -0.0251307 0.048915 -0.0036692
222 1 0.519452 0.332228 0 -1.38233e-05 0.000381757 0 0.0102274 0.0645411 -0.00033434 48 -0.0268033 0.0509089 -0.000436863
223 1 0.558355 0.332235 0 -4.0913e-05 0.000382707 0 0.0100717 0.0644272 -0.000994946 48 -0.0268689 0.0509053 -0.00129856
224 1 0.597254 0.33225 0 -6.90568e-05 0.000382236 0 0.00976096 0.0641958 -0.00163063 48 -0.0269976 0.0508939 -0.00212321
225 1 0.636146 0.332277 0 -9.68848e-05 0.000382784 0 0.00929693 0.0638388 -0.0022226 48 -0.0271837 0.0508655 -0.00288308
148 1 0.676451 0.2067 0 -0.000101993 0.000216536 0 0.0160103 0.060481 -0.00501538 48 -0.0200652 0.0437909 -0.00667908
149 1 0.715621 0.206751 0 -0.000127171 0.000214681 0 0.0151053 0.0601446 -0.0059867 48 -0.0206447 0.0441085 -0.00793767
150 1 0.754762 0.206829 0 -0.000150995 0.000215897 0 0.0139592 0.0597321 -0.00683413 48 -0.021384 0.0445115 -0.00900486
151 1 0.793868 0.20695 0 -0.000177634 0.000215502 0 0.0125374 0.0592132 -0.0074958 48 -0.0222934 0.0449866 -0.00978866
174 1 0.675893 0.24848 0 -0.000114285 0.000269654 0 0.0132043 0.0617769 -0.00426179 48 -0.023002 0.0466492 -0.00561405
175 1 0.714943 0.248539 0 -0.000140345 0.000270446 0 0.0123171 0.0613334 -0.00503276 48 -0.0234991 0.0468371 -0.00659341
176 1 0.753969 0.248629 0 -0.00016859 0.000272046 0 0.0112221 0.0607682 -0.00566633 48 -0.0241017 0.0470435 -0.00736637
177 1 0.792967 0.248762 0 -0.00019572 0.000274004 0 0.00990437 0.0600372 -0.00610924 48 -0.0247967 0.0472314 -0.00785566
200 1 0.675418 0.290359 0 -0.000119535 0.000323105 0 0.0107353 0.062687 -0.00349044 48 -0.0254477 0.0489644 -0.00454887
201 1 0.714369 0.290422 0 -0.000147357 0.000323701 0 0.0099037 0.062134 -0.00408015 48 -0.0258329 0.0489999 -0.00528231
202 1 0.753303 0.290515 0 -0.000175715 0.000324744 0 0.0089007 0.0614193 -0.00453506 48 -0.0262712 0.0489922 -0.00581702
203 1 0.792217 0.29065 0 -0.000205778 0.000324442 0 0.00772469 0.0604923 -0.00481335 48 -0.0267355 0.0488912 -0.00609372
226 1 0.675029 0.332317 0 -0.000124552 0.000381629 0 0.00868288 0.0633428 -0.00274893 48 -0.0274173 0.0508044 -0.0035462
227 1 0.713901 0.332379 0 -0.000153682 0.0003822 0 0.00792413 0.0626862 -0.00318389 48 -0.0276827 0.0506859 -0.00407547
228 1 0.752762 0.332467 0 -0.000182523 0.000382661 0 0.00702792 0.0618357 -0.00349822 48 -0.0279557 0.0504722 -0.00442932
229 1 0.791611 0.332593 0 -0.00021199 0.000383856 0 0.00600069 0.0607391 -0.00366137 48 -0.0282028 0.0501086 -0.00456541
152 1 0.832932 0.207131 0 -0.000204395 0.00021744 0 0.0108015 0.0585179 -0.00789321 48 -0.0233631 0.0454833 -0.0101745
153 1 0.871946 0.207398 0 -0.000232747 0.000220678 0 0.00869973 0.0575025 -0.00795535 47 -0.0245514 0.0458887 -0.0100637
154 1 0.910909 0.207779 0 -0.000262109 0.000226945 0 0.00633063 0.056061 -0.00779318 42 -0.0257128 0.0460422 -0.00964378
155 1 0.949821 0.208296 0 -0.000292726 0.000235939 0 0.00282246 0.0535454 -0.00756097 35 -0.0271919 0.0458874 -0.00915222
156 1 0.988682 0.208936 0 -0.00032427 0.000246405 0 -0.00356383 0.0489672 -0.00708474 28 -0.0298387 0.0455699 -0.00828841
178 1 0.831934 0.248955 0 -0.000225364 0.000276228 0 0.00834466 0.0590564 -0.0063029 48 -0.0255517 0.0473276 -0.00797845
179 1 0.870868 0.249228 0 -0.000254738 0.000279415 0 0.00649901 0.0576724 -0.00620763 47 -0.0263154 0.04721 -0.00768368
180 1 0.909772 0.249602 0 -0.00028485 0.000282019 0 0.004332 0.0557238 -0.00594316 42 -0.0270244 0.0467531 -0.00716693
181 1 0.948649 0.250088 0 -0.000315274 0.000287513 0 0.00103249 0.0527352 -0.00565325 35 -0.0280701 0.0460238 -0.00664305
182 1 0.987501 0.250668 0 -0.000346224 0.000294152 0 -0.00455574 0.0482316 -0.00521632 28 -0.0301133 0.045289 -0.00589744
204 1 0.831111 0.290839 0 -0.000235021 0.000325668 0 0.00636661 0.0592659 -0.00487546 48 -0.0271846 0.0486174 -0.00605839
205 1 0.869987 0.291099 0 -0.000266011 0.000327725 0 0.00478448 0.0575951 -0.0047052 47 -0.0275717 0.0480588 -0.00569432
206 1 0.90885 0.291445 0 -0.000296689 0.000331689 0 0.00284541 0.0552991 -0.00441694 42 -0.0279037 0.0471338 -0.00518401
207 1 0.947706 0.291879 0 -0.000327607 0.00033563 0 -0.000179201 0.0520577 -0.00413358 35 -0.0285897 0.0460013 -0.00470709
208 1 0.986555 0.292383 0 -0.000358385 0.000339997 0 -0.00500413 0.0477619 -0.00377092 28 -0.0301355 0.0449965 -0.00411193
230 1 0.830451 0.332766 0 -0.000242081 0.000384862 0 0.00483818 0.0593141 -0.00364906 48 -0.0283821 0.0495189 -0.00445206
231 1 0.869286 0.332998 0 -0.00027166 0.000385549 0 0.00349735 0.0574321 -0.00346012 47 -0.0284577 0.0486098 -0.00409348
232 1 0.908122 0.333299 0 -0.00030192 0.000384694 0 0.00177642 0.0549114 -0.00319465 42 -0.0284923 0.0473415 -0.00364661
233 1 0.946965 0.333666 0 -0.000331265 0.000385982 0 -0.000973 0.051556 -0.00295089 35 -0.0288973 0.045937 -0.00325259
234 1 0.985814 0.334085 0 -0.000360861 0.00038573 0 -0.00515124 0.0475014 -0.0026704 28 -0.0300592 0.0447643 -0.00280443
235 1 0.0147488 0.375778 0 0.000357053 0.000429524 0 -0.00515039 0.0473806 0.00183324 28 -0.0299603 0.0446036 0.00185502
236 1 0.0535986 0.375451 0 0.000327782 0.000432303 0 -0.00148137 0.0512106 0.00203666 35 -0.0290813 0.0458769 0.00217395
237 1 0.0924334 0.375158 0 0.000298421 0.000432876 0 0.00102937 0.0546024 0.00222747 42 -0.028885 0.0474587 0.00247465
238 1 0.131252 0.374915 0 0.000268959 0.000434421 0 0.00256394 0.0572616 0.00244556 47 -0.0290731 0.0489688 0.00283104
239 1 0.170058 0.374723 0 0.000239186 0.000433208 0 0.00370269 0.0592917 0.00261746 48 -0.0292397 0.0501422 0.00313899
261 1 0.0151542 0.417468 0 0.00034642 0.000473885 0 -0.00509275 0.0473415 0.00118686 28 -0.0298737 0.0445044 0.00116189
262 1 0.0540048 0.417233 0 0.000319168 0.000479446 0 -0.00179608 0.0509896 0.00132278 35 -0.0291917 0.0458352 0.00137219
263 1 0.0928345 0.417021 0 0.000290781 0.000483042 0 0.000529031 0.0543803 0.00145738 42 -0.0291415 0.0475277 0.00158093
264 1 0.131641 0.416842 0 0.00026253 0.00048686 0 0.00191952 0.0571199 0.00161682 47 -0.0294863 0.0491993 0.00183679
265 1 0.170428 0.416699 0 0.000233841 0.000488412 0 0.00290368 0.059248 0.00175059 48 -0.0298285 0.0505595 0.00206896
287 1 0.0154169 0.459155 0 0.000332524 0.000516461 0 -0.00503093 0.0473412 0.000668437 28 -0.0298134 0.0444513 0.000639269
288 1 0.054268 0.459013 0 0.000305298 0.000524 0 -0.00197712 0.0508627 0.000745897 35 -0.0292558 0.0458126 0.000758169
289 1 0.0930947 0.458885 0 0.000278403 0.0005291 0 0.000222529 0.0542406 0.000825482 42 -0.0292975 0.0475687 0.000880468
290 1 0.131894 0.458776 0 0.000251047 0.000532519 0 0.00151585 0.0570231 0.000922086 47 -0.0297416 0.0493387 0.00103395
291 1 0.170669 0.458688 0 0.000223697 0.000536132 0 0.00239617 0.0592101 0.00100626 48 -0.0301974 0.0508175 0.00117757
313 1 0.0155468 0.500841 0 0.000315088 0.000558438 0 -0.00499549 0.04735 0.000223538 28 -0.0297851 0.0444312 0.000214201
314 1 0.054398 0.500794 0 0.000289183 0.000567785 0 -0.00206015 0.0508078 0.000248597 35 -0.0292872 0.0458057 0.000252673
315 1 0.0932232 0.500751 0 0.000263125 0.000575428 0 7.65503e-05 0.054176 0.000274956 42 -0.0293733 0.0475909 0.000293175
316 1 0.132019 0.500714 0 0.000237096 0.000581396 0 0.00132126 0.0569772 0.000307638 47 -0.0298654 0.0494074 0.000345053
317 1 0.170788 0.500685 0 0.000211216 0.000585416 0 0.0021497 0.0591916 0.000336697 48 -0.0303768 0.0509436 0.000394426
240 1 0.208859 0.374577 0 0.00020907 0.000434142 0 0.00469496 0.0608683 0.00266256 48 -0.0292807 0.0509839 0.00327374
241 1 0.247661 0.374469 0 0.000180488 0.00043369 0 0.00558637 0.0621019 0.00257438 48 -0.0292196 0.0515674 0.00322137
242 1 0.286466 0.374392 0 0.000151173 0.00043272 0 0.00637977 0.063067 0.00236637 48 -0.0290942 0.0519607 0.00299822
243 1 0.325278 0.374338 0 0.000123147 0.000432624 0 0.00706415 0.0638139 0.00205934 48 -0.0289406 0.0522187 0.00263256
266 1 0.209202 0.416589 0 0.000205942 0.000489655 0 0.00376216 0.0609326 0.00180014 48 -0.0300351 0.0515875 0.00218763
267 1 0.24797 0.416507 0 0.000176965 0.000490942 0 0.00454343 0.0622685 0.00175704 48 -0.0301184 0.0523394 0.00217742
268 1 0.286736 0.416448 0 0.000149287 0.000491576 0 0.00525056 0.0633219 0.00162781 48 -0.0301113 0.0528746 0.00204545
269 1 0.325504 0.416406 0 0.000121426 0.0004914 0 0.00587033 0.0641402 0.00142558 48 -0.0300497 0.0532455 0.00180916
292 1 0.209426 0.45862 0 0.00019645 0.000537141 0 0.00316322 0.0609635 0.00104248 48 -0.0305138 0.0519675 0.00125717
293 1 0.248173 0.45857 0 0.000169621 0.000537342 0 0.00386771 0.0623668 0.0010242 48 -0.030695 0.0528326 0.00126142
294 1 0.286914 0.458533 0 0.000142451 0.00053679 0 0.00451352 0.0634799 0.000954084 48 -0.0307698 0.0534652 0.00119273
295 1 0.325653 0.458506 0 0.000116522 0.000536317 0 0.0050865 0.0643474 0.000839252 48 -0.030773 0.0539149 0.0010604
318 1 0.209537 0.500662 0 0.00018512 0.000587474 0 0.00287062 0.0609784 0.00034995 48 -0.0307476 0.0521538 0.000422726
319 1 0.248273 0.500646 0 0.000159509 0.00059056 0 0.00353599 0.062415 0.000344891 48 -0.0309779 0.0530754 0.000425696
320 1 0.287002 0.500634 0 0.000134698 0.000592091 0 0.0041501 0.0635579 0.000322189 48 -0.0310943 0.0537572 0.000403821
321 1 0.325728 0.500626 0 0.000108911 0.000593033 0 0.00469862 0.0644502 0.000284088 48 -0.0311307 0.0542471 0.000359998
244 1 0.364097 0.374302 0 9.52642e-05 0.000430189 0 0.00762681 0.0643775 0.00167522 48 -0.0287876 0.0523827 0.0021551
245 1 0.402921 0.374279 0 6.74135e-05 0.000429641 0 0.00805726 0.064782 0.00123448 48 -0.0286564 0.0524827 0.00159498
246 1 0.441751 0.374265 0 4.0476e-05 0.000428313 0 0.00834802 0.0650434 0.000755387 48 -0.0285615 0.0525389 0.000978623
247 1 0.480583 0.374258 0 1.36927e-05 0.000429586 0 0.00849449 0.0651716 0.000254199 48 -0.0285119 0.052564 0.00032975
270 1 0.364276 0.416378 0 9.36005e-05 0.00049239 0 0.00638682 0.0647583 0.00116533 48 -0.0299648 0.0534948 0.00148929
271 1 0.403051 0.416359 0 6.70907e-05 0.000492409 0 0.00678613 0.0652016 0.000861777 48 -0.0298809 0.053655 0.00110665
272 1 0.441829 0.416348 0 4.0063e-05 0.000492931 0 0.00705794 0.0654878 0.000528537 48 -0.0298156 0.0537495 0.000680765
273 1 0.480609 0.416343 0 1.29514e-05 0.000491203 0 0.00719549 0.0656282 0.00017806 48 -0.0297802 0.0537931 0.000229679
296 1 0.364394 0.458489 0 9.02709e-05 0.000536031 0 0.00556889 0.0650036 0.0006884 48 -0.0307367 0.0542246 0.000876379
297 1 0.403136 0.458477 0 6.42191e-05 0.000534413 0 0.00594482 0.0654743 0.00051036 48 -0.0306871 0.0544279 0.000653082
298 1 0.441881 0.45847 0 3.85575e-05 0.000534835 0 0.00620207 0.0657781 0.000313527 48 -0.0306434 0.05455 0.000402498
299 1 0.480627 0.458467 0 1.28413e-05 0.000535221 0 0.00633269 0.065927 0.000105715 48 -0.0306185 0.0546071 0.000135925
322 1 0.364453 0.50062 0 8.48088e-05 0.000592836 0 0.00516303 0.0651257 0.00023348 48 -0.0311196 0.0545876 0.000298182
323 1 0.403179 0.500617 0 5.98641e-05 0.000593396 0 0.00552651 0.0656104 0.000173343 48 -0.0310877 0.0548133 0.000222568
324 1 0.441907 0.500615 0 3.59052e-05 0.000592332 0 0.00577604 0.0659232 0.000106586 48 -0.0310554 0.0549496 0.000137315
325 1 0.480635 0.500614 0 1.22657e-05 0.000591793 0 0.00590292 0.0660765 3.59587e-05 48 -0.0310359 0.0550136 4.64005e-05
248 1 0.519417 0.374258 0 -1.36927e-05 0.000429586 0 0.00849449 0.0651716 -0.000254199 48 -0.0285119 0.052564 -0.00032975
249 1 0.558249 0.374265 0 -4.0476e-05 0.000428313 0 0.00834802 0.0650434 -0.000755387 48 -0.0285615 0.0525389 -0.000978623
250 1 0.597079 0.374279 0 -6.74135e-05 0.000429641 0 0.00805726 0.064782 -0.00123448 48 -0.0286564 0.0524827 -0.00159498
251 1 0.635903 0.374302 0 -9.52642e-05 0.000430189 0 0.00762681 0.0643775 -0.00167522 48 -0.0287876 0.0523827 -0.0021551
274 1 0.519391 0.416343 0 -1.29514e-05 0.000491203 0 0.00719549 0.0656282 -0.00017806 48 -0.0297802 0.0537931 -0.000229679
275 1 0.558171 0.416348 0 -4.0063e-05 0.000492931 0 0.00705794 0.0654878 -0.000528537 48 -0.0298156 0.0537495 -0.000680765
276 1 0.596949 0.416359 0 -6.70907e-05 0.000492409 0 0.00678613 0.0652016 -0.000861777 48 -0.0298809 0.053655 -0.00110665
277 1 0.635724 0.416378 0 -9.36005e-05 0.00049239 0 0.00638682 0.0647583 -0.00116533 48 -0.0299648 0.0534948 -0.00148929
300 1 0.519373 0.458467 0 -1.28413e-05 0.000535221 0 0.00633269 0.065927 -0.000105715 48 -0.0306185 0.0546071 -0.000135925
301 1 0.558119 0.45847 0 -3.85575e-05 0.000534835 0 0.00620207 0.0657781 -0.000313527 48 -0.0306434 0.05455 -0.000402498
302 1 0.596864 0.458477 0 -6.42191e-05 0.000534413 0 0.00594482 0.0654743 -0.00051036 48 -0.0306871 0.0544279 -0.000653082
303 1 0.635606 0.458489 0 -9.02709e-05 0.000536031 0 0.00556889 0.0650036 -0.0006884 48 -0.0307367 0.0542246 -0.000876379
326 1 0.519365 0.500614 0 -1.22657e-05 0.000591793 0 0.00590292 0.0660765 -3.59587e-05 48 -0.0310359 0.0550136 -4.64005e-05
327 1 0.558093 0.500615 0 -3.59052e-05 0.000592332 0 0.00577604 0.0659232 -0.000106586 48 -0.0310554 0.0549496 -0.000137315
328 1 0.596821 0.500617 0 -5.98641e-05 0.000593396 0 0.00552651 0.0656104 -0.000173343 48 -0.0310877 0.0548133 -0.000222568
329 1 0.635547 0.50062 0 -8.48088e-05 0.000592836 0 0.00516303 0.0651257 -0.00023348 48 -0.0311196 0.0545876 -0.000298182
252 1 0.674722 0.374338 0 -0.000123147 0.000432624 0 0.00706415 0.0638139 -0.00205934 48 -0.0289406 0.0522187 -0.00263256
253 1 0.713534 0.374392 0 -0.000151173 0.00043272 0 0.00637977 0.063067 -0.00236637 48 -0.0290942 0.0519607 -0.00299822
254 1 0.752339 0.374469 0 -0.000180488 0.00043369 0 0.00558637 0.0621019 -0.00257438 48 -0.0292196 0.0515674 -0.00322137
255 1 0.791141 0.374577 0 -0.00020907 0.000434142 0 0.00469496 0.0608683 -0.00266256 48 -0.0292807 0.0509839 -0.00327374
278 1 0.674496 0.416406 0 -0.000121426 0.0004914 0 0.00587033 0.0641402 -0.00142558 48 -0.0300497 0.0532455 -0.00180916
279 1 0.713264 0.416448 0 -0.000149287 0.000491576 0 0.00525056 0.0633219 -0.00162781 48 -0.0301113 0.0528746 -0.00204545
280 1 0.75203 0.416507 0 -0.000176965 0.000490942 0 0.00454343 0.0622685 -0.00175704 48 -0.0301184 0.0523394 -0.00217742
281 1 0.790798 0.416589 0 -0.000205942 0.000489655 0 0.00376216 0.0609326 -0.00180014 48 -0.0300351 0.0515875 -0.00218763
304 1 0.674347 0.458506 0 -0.000116522 0.000536317 0 0.0050865 0.0643474 -0.000839252 48 -0.030773 0.0539149 -0.0010604
305 1 0.713086 0.458533 0 -0.000142451 0.00053679 0 0.00451352 0.0634799 -0.000954084 48 -0.0307698 0.0534652 -0.00119273
306 1 0.751827 0.45857 0 -0.000169621 0.000537342 0 0.00386771 0.0623668 -0.0010242 48 -0.030695 0.0528326 -0.00126142
307 1 0.790574 0.45862 0 -0.00019645 0.000537141 0 0.00316322 0.0609635 -0.00104248 48 -0.0305138 0.0519675 -0.00125717
330 1 0.674272 0.500626 0 -0.000108911 0.000593033 0 0.00469862 0.0644502 -0.000284088 48 -0.0311307 0.0542471 -0.000359998
331 1 0.712998 0.500634 0 -0.000134698 0.000592091 0 0.0041501 0.0635579 -0.000322189 48 -0.0310943 0.0537572 -0.000403821
332 1 0.751727 0.500646 0 -0.000159509 0.00059056 0 0.00353599 0.062415 -0.000344891 48 -0.0309779 0.0530754 -0.000425696
333 1 0.790463 0.500662 0 -0.00018512 0.000587474 0 0.00287062 0.0609784 -0.00034995 48 -0.0307476 0.0521538 -0.000422726
256 1 0.829942 0.374723 0 -0.000239186 0.000433208 0 0.00370269 0.0592917 -0.00261746 48 -0.0292397 0.0501422 -0.00313899
257 1 0.868748 0.374915 0 -0.000268959 0.000434421 0 0.00256394 0.0572616 -0.00244556 47 -0.0290731 0.0489688 -0.00283104
258 1 0.907567 0.375158 0 -0.000298421 0.000432876 0 0.00102937 0.0546024 -0.00222747 42 -0.028885 0.0474587 -0.00247465
259 1 0.946401 0.375451 0 -0.000327782 0.000432303 0 -0.00148137 0.0512106 -0.00203666 35 -0.0290813 0.0458769 -0.00217395
260 1 0.985251 0.375778 0 -0.000357053 0.000429524 0 -0.00515039 0.0473806 -0.00183324 28 -0.0299603 0.0446036 -0.00185502
282 1 0.829572 0.416699 0 -0.000233841 0.000488412 0 0.00290368 0.059248 -0.00175059 48 -0.0298285 0.0505595 -0.00206896
283 1 0.868359 0.416842 0 -0.00026253 0.00048686 0 0.00191952 0.0571199 -0.00161682 47 -0.0294863 0.0491993 -0.00183679
284 1 0.907166 0.417021 0 -0.000290781 0.000483042 0 0.000529031 0.0543803 -0.00145738 42 -0.0291415 0.0475277 -0.00158093
285 1 0.945995 0.417233 0 -0.000319168 0.000479446 0 -0.00179608 0.0509896 -0.00132278 35 -0.0291917 0.0458352 -0.00137219
286 1 0.984846 0.417468 0 -0.00034642 0.000473885 0 -0.00509275 0.0473415 -0.00118686 28 -0.0298737 0.0445044 -0.00116189
308 1 0.829331 0.458688 0 -0.000223697 0.000536132 0 0.00239617 0.0592101 -0.00100626 48 -0.0301974 0.0508175 -0.00117757
309 1 0.868106 0.458776 0 -0.000251047 0.000532519 0 0.00151585 0.0570231 -0.000922086 47 -0.0297416 0.0493387 -0.00103395
310 1 0.906905 0.458885 0 -0.000278403 0.0005291 0 0.000222529 0.0542406 -0.000825482 42 -0.0292975 0.0475687 -0.000880468
311 1 0.945732 0.459013 0 -0.000305298 0.000524 0 -0.00197712 0.0508627 -0.000745897 35 -0.0292558 0.0458126 -0.000758169
312 1 0.984583 0.459155 0 -0.000332524 0.000516461 0 -0.00503093 0.0473412 -0.000668437 28 -0.0298134 0.0444513 -0.000639269
334 1 0.829212 0.500685 0 -0.000211216 0.000585416 0 0.0021497 0.0591916 -0.000336697 48 -0.0303768 0.0509436 -0.000394426
335 1 0.867981 0.500714 0 -0.000237096 0.000581396 0 0.00132126 0.0569772 -0.000307638 47 -0.0298654 0.0494074 -0.000345053
336 1 0.906777 0.500751 0 -0.000263125 0.000575428 0 7.65503e-05 0.054176 -0.000274956 42 -0.0293733 0.0475909 -0.000293175
337 1 0.945602 0.500794 0 -0.000289183 0.000567785 0 -0.00206015 0.0508078 -0.000248597 35 -0.0292872 0.0458057 -0.000252673
338 1 0.984453 0.500841 0 -0.000315088 0.000558438 0 -0.00499549 0.04735 -0.000223538 28 -0.0297851 0.0444312 -0.000214201
339 2 0.0155485 0.542527 0 0.000295682 0.000599871 0 -0.00499804 0.0473549 -0.000197848 28 -0.0297898 0.0444372 -0.000179676
340 2 0.0543995 0.542574 0 0.00027096 0.000609969 0 -0.00206168 0.0508137 -0.000222946 35 -0.0292916 0.0458121 -0.000217733
341 2 0.0932245 0.542616 0 0.000246062 0.000617059 0 7.5733e-05 0.0541827 -0.000249039 42 -0.0293775 0.0475976 -0.000257265
342 2 0.13202 0.542654 0 0.000221687 0.000623998 0 0.0013206 0.056984 -0.000280418 47 -0.0298696 0.0494142 -0.000306441
343 2 0.170789 0.542684 0 0.000197418 0.000628496 0 0.00214923 0.0591985 -0.000308076 48 -0.0303809 0.0509504 -0.000352903
365 2 0.0154219 0.584214 0 0.00027562 0.000639508 0 -0.0050396 0.0473548 -0.00064377 28 -0.0298276 0.044469 -0.000605972
366 2 0.0542725 0.584354 0 0.000251729 0.00065092 0 -0.00198173 0.0508799 -0.000721264 35 -0.0292688 0.0458313 -0.000724459
367 2 0.0930987 0.584482 0 0.00022815 0.000660596 0 0.000219927 0.05426 -0.000800566 42 -0.0293101 0.0475885 -0.000845791
368 2 0.131897 0.584592 0 0.000204645 0.000668033 0 0.00151401 0.0570436 -0.000895895 47 -0.0297542 0.0493591 -0.000996642
369 2 0.170672 0.584681 0 0.000181552 0.000673221 0 0.0023949 0.0592307 -0.000978689 48 -0.0302097 0.0508379 -0.00113743
391 2 0.0151623 0.625902 0 0.000255148 0.000678907 0 -0.00510645 0.0473643 -0.00116387 28 -0.0298969 0.0445338 -0.00113052
392 2 0.054012 0.626136 0 0.000232346 0.000689803 0 -0.00180336 0.0510181 -0.00129989 35 -0.0292129 0.0458661 -0.00134058
393 2 0.0928409 0.626348 0 0.000209659 0.00069895 0 0.000524996 0.0544124 -0.00143438 42 -0.029162 0.0475602 -0.00154863
394 2 0.131646 0.626527 0 0.000187643 0.000706417 0 0.00191674 0.0571535 -0.00159263 47 -0.0295067 0.0492328 -0.00180207
395 2 0.170432 0.626671 0 0.000166303 0.00071309 0 0.00290178 0.0592817 -0.00172511 48 -0.0298485 0.0505928 -0.0020316
417 2 0.0147596 0.667592 0 0.000234852 0.000716859 0 -0.0051686 0.0474125 -0.00181302 28 -0.0299922 0.0446442 -0.00182693
418 2 0.0536083 0.66792 0 0.000212707 0.000727955 0 -0.00149066 0.0512503 -0.00201668 35 -0.0291102 0.0459195 -0.00214588
419 2 0.0924419 0.668212 0 0.000191796 0.000738153 0 0.00102453 0.054647 -0.00220733 42 -0.028913 0.0475034 -0.00244592
420 2 0.131259 0.668456 0 0.000170896 0.000745359 0 0.00256085 0.0573081 -0.00242436 47 -0.0291008 0.0490146 -0.00280015
421 2 0.170064 0.668649 0 0.000151335 0.000751063 0 0.00370094 0.0593382 -0.00259504 48 -0.0292666 0.0501875 -0.0031057
344 2 0.209538 0.542708 0 0.000173294 0.000631959 0 0.00287034 0.0609851 -0.000320836 48 -0.0307515 0.0521604 -0.000379747
345 2 0.248274 0.542727 0 0.000149752 0.000633915 0 0.0035359 0.0624214 -0.000316446 48 -0.0309815 0.0530817 -0.000383134
346 2 0.287002 0.542741 0 0.00012586 0.000634002 0 0.00415033 0.0635639 -0.000295609 48 -0.0310975 0.0537629 -0.000363629
347 2 0.325728 0.542751 0 0.000102637 0.000634037 0 0.00469917 0.0644558 -0.000260532 48 -0.0311335 0.0542523 -0.000324095
370 2 0.209429 0.584751 0 0.000159272 0.000676275 0 0.00316258 0.0609836 -0.00101443 48 -0.0305254 0.0519872 -0.00121563
371 2 0.248175 0.584804 0 0.000136708 0.000678682 0 0.00386791 0.0623861 -0.000996756 48 -0.0307055 0.0528512 -0.00122024
372 2 0.286915 0.584843 0 0.000114933 0.000679425 0 0.00451461 0.0634981 -0.000928413 48 -0.0307791 0.0534823 -0.00115383
373 2 0.325655 0.584871 0 9.39888e-05 0.000682049 0 0.00508848 0.0643645 -0.000816477 48 -0.030781 0.0539305 -0.00102563
396 2 0.209206 0.626783 0 0.00014532 0.000717276 0 0.00376135 0.0609656 -0.00177415 48 -0.0300539 0.0516196 -0.00214893
397 2 0.247973 0.626867 0 0.000124949 0.000721073 0 0.00454396 0.0623 -0.00173156 48 -0.0301355 0.0523696 -0.00213902
398 2 0.286739 0.626928 0 0.000105008 0.000723543 0 0.00525255 0.0633516 -0.00160396 48 -0.0301264 0.0529024 -0.00200916
399 2 0.325506 0.626972 0 8.50576e-05 0.000723125 0 0.00587382 0.064168 -0.00140438 48 -0.0300626 0.0532707 -0.00177669
422 2 0.208864 0.668797 0 0.000131784 0.000754015 0 0.00469482 0.0609138 -0.00263959 48 -0.029306 0.0510275 -0.00323919
423 2 0.247664 0.668906 0 0.000113645 0.000756339 0 0.00558803 0.0621453 -0.00255178 48 -0.0292424 0.0516082 -0.003187
424 2 0.286469 0.668985 0 9.52785e-05 0.000756979 0 0.00638345 0.0631079 -0.0023451 48 -0.0291142 0.0519982 -0.00296564
425 2 0.32528 0.669041 0 7.74125e-05 0.000758052 0 0.00706988 0.0638522 -0.00204037 48 -0.0289576 0.0522526 -0.00260335
348 2 0.364453 0.542759 0 7.93499e-05 0.000633777 0 0.00516388 0.065131 -0.00021396 48 -0.0311219 0.0545924 -0.000268259
349 2 0.403179 0.542764 0 5.71525e-05 0.000634346 0 0.00552761 0.0656154 -0.000158732 48 -0.0310897 0.0548176 -0.000200079
350 2 0.441907 0.542767 0 3.37164e-05 0.000634359 0 0.00577733 0.065928 -9.75559e-05 48 -0.0310571 0.0549537 -0.000123377
351 2 0.480635 0.542769 0 1.14462e-05 0.000635256 0 0.00590433 0.0660812 -3.28973e-05 48 -0.0310375 0.0550176 -4.16707e-05
374 2 0.364395 0.584891 0 7.26014e-05 0.000681573 0 0.00557175 0.0650197 -0.000669516 48 -0.0307435 0.0542387 -0.000847384
375 2 0.403137 0.584904 0 5.12724e-05 0.000681434 0 0.00594835 0.0654894 -0.000496219 48 -0.0306928 0.0544408 -0.000631283
376 2 0.441881 0.584912 0 3.14512e-05 0.000680484 0 0.00620609 0.0657925 -0.000304773 48 -0.0306485 0.054562 -0.000388971
377 2 0.480627 0.584916 0 9.82786e-06 0.000679767 0 0.00633694 0.0659411 -0.000102747 48 -0.0306231 0.0546185 -0.000131334
400 2 0.364277 0.627003 0 6.57836e-05 0.000723767 0 0.0063917 0.0647843 -0.00114772 48 -0.0299756 0.0535176 -0.0014622
401 2 0.403052 0.627023 0 4.69411e-05 0.00072404 0 0.00679219 0.0652261 -0.000848584 48 -0.02989 0.0536758 -0.00108628
402 2 0.441829 0.627035 0 2.76888e-05 0.000724933 0 0.00706481 0.0655112 -0.000520371 48 -0.0298235 0.0537688 -0.000668123
403 2 0.48061 0.627041 0 9.42578e-06 0.000724979 0 0.00720276 0.065651 -0.000175297 48 -0.0297875 0.0538116 -0.000225394
426 2 0.364098 0.669079 0 6.01375e-05 0.000759246 0 0.00763442 0.0644134 -0.00165942 48 -0.0288018 0.0524133 -0.00213067
427 2 0.402922 0.669104 0 4.29602e-05 0.000758299 0 0.00806637 0.0648156 -0.00122261 48 -0.0286683 0.0525105 -0.00157658
428 2 0.441751 0.669119 0 2.55695e-05 0.000758236 0 0.00835821 0.0650755 -0.000748025 48 -0.0285717 0.0525647 -0.000967195
429 2 0.480583 0.669126 0 8.80913e-06 0.000758273 0 0.00850523 0.0652029 -0.000251705 48 -0.0285212 0.0525887 -0.000325874
352 2 0.519365 0.542769 0 -1.14462e-05 0.000635256 0 0.00590433 0.0660812 3.28973e-05 48 -0.0310375 0.0550176 4.16707e-05
353 2 0.558093 0.542767 0 -3.37164e-05 0.000634359 0 0.00577733 0.065928 9.75559e-05 48 -0.0310571 0.0549537 0.000123377
354 2 0.596821 0.542764 0 -5.71525e-05 0.000634346 0 0.00552761 0.0656154 0.000158732 48 -0.0310897 0.0548176 0.000200079
355 2 0.635547 0.542759 0 -7.93499e-05 0.000633777 0 0.00516388 0.065131 0.00021396 48 -0.0311219 0.0545924 0.000268259
378 2 0.519373 0.584916 0 -9.82786e-06 0.000679767 0 0.00633694 0.0659411 0.000102747 48 -0.0306231 0.0546185 0.000131334
379 2 0.558119 0.584912 0 -3.14512e-05 0.000680484 0 0.00620609 0.0657925 0.000304773 48 -0.0306485 0.054562 0.000388971
380 2 0.596863 0.584904 0 -5.12724e-05 0.000681434 0 0.00594835 0.0654894 0.000496219 48 -0.0306928 0.0544408 0.000631283
381 2 0.635605 0.584891 0 -7.26014e-05 0.000681573 0 0.00557175 0.0650197 0.000669516 48 -0.0307435 0.0542387 0.000847384
404 2 0.51939 0.627041 0 -9.42578e-06 0.000724979 0 0.00720276 0.065651 0.000175297 48 -0.0297875 0.0538116 0.000225394
405 2 0.558171 0.627035 0 -2.76888e-05 0.000724933 0 0.00706481 0.0655112 0.000520371 48 -0.0298235 0.0537688 0.000668123
406 2 0.596948 0.627023 0 -4.69411e-05 0.00072404 0 0.00679219 0.0652261 0.000848584 48 -0.02989 0.0536758 0.00108628
407 2 0.635723 0.627003 0 -6.57836e-05 0.000723767 0 0.0063917 0.0647843 0.00114772 48 -0.0299756 0.0535176 0.0014622
430 2 0.519417 0.669126 0 -8.80913e-06 0.000758273 0 0.00850523 0.0652029 0.000251705 48 -0.0285212 0.0525887 0.000325874
431 2 0.558249 0.669119 0 -2.55695e-05 0.000758236 0 0.00835821 0.0650755 0.000748025 48 -0.0285717 0.0525647 0.000967195
432 2 0.597078 0.669104 0 -4.29602e-05 0.000758299 0 0.00806637 0.0648156 0.00122261 48 -0.0286683 0.0525105 0.00157658
433 2 0.635902 0.669079 0 -6.01375e-05 0.000759246 0 0.00763442 0.0644134 0.00165942 48 -0.0288018 0.0524133 0.00213067
356 2 0.674272 0.542751 0 -0.000102637 0.000634037 0 0.00469917 0.0644558 0.000260532 48 -0.0311335 0.0542523 0.000324095
357 2 0.712998 0.542741 0 -0.00012586 0.000634002 0 0.00415033 0.0635639 0.000295609 48 -0.0310975 0.0537629 0.000363629
358 2 0.751726 0.542727 0 -0.000149752 0.000633915 0 0.0035359 0.0624214 0.000316446 48 -0.0309815 0.0530817 0.000383134
359 2 0.790462 0.542708 0 -0.000173294 0.000631959 0 0.00287034 0.0609851 0.000320836 48 -0.0307515 0.0521604 0.000379747
382 2 0.674345 0.584871 0 -9.39888e-05 0.000682049 0 0.00508848 0.0643645 0.000816477 48 -0.030781 0.0539305 0.00102563
383 2 0.713085 0.584843 0 -0.000114933 0.000679425 0 0.00451461 0.0634981 0.000928413 48 -0.0307791 0.0534823 0.00115383
384 2 0.751825 0.584804 0 -0.000136708 0.000678682 0 0.00386791 0.0623861 0.000996756 48 -0.0307055 0.0528512 0.00122024
385 2 0.790571 0.584751 0 -0.000159272 0.000676275 0 0.00316258 0.0609836 0.00101443 48 -0.0305254 0.0519872 0.00121563
408 2 0.674494 0.626972 0 -8.50576e-05 0.000723125 0 0.00587382 0.064168 0.00140438 48 -0.0300626 0.0532707 0.00177669
409 2 0.713261 0.626928 0 -0.000105008 0.000723543 0 0.00525255 0.0633516 0.00160396 48 -0.0301264 0.0529024 0.00200916
410 2 0.752027 0.626867 0 -0.000124949 0.000721073 0 0.00454396 0.0623 0.00173156 48 -0.0301355 0.0523696 0.00213902
411 2 0.790794 0.626783 0 -0.00014532 0.000717276 0 0.00376135 0.0609656 0.00177415 48 -0.0300539 0.0516196 0.00214893
434 2 0.67472 0.669041 0 -7.74125e-05 0.000758052 0 0.00706988 0.0638522 0.00204037 48 -0.0289576 0.0522526 0.00260335
435 2 0.713531 0.668985 0 -9.52785e-05 0.000756979 0 0.00638345 0.0631079 0.0023451 48 -0.0291142 0.0519982 0.00296564
436 2 0.752336 0.668906 0 -0.000113645 0.000756339 0 0.00558803 0.0621453 0.00255178 48 -0.0292424 0.0516082 0.003187
437 2 0.791136 0.668797 0 -0.000131784 0.000754015 0 0.00469482 0.0609138 0.00263959 48 -0.029306 0.0510275 0.00323919
360 2 0.829211 0.542684 0 -0.000197418 0.000628496 0 0.00214923 0.0591985 0.000308076 48 -0.0303809 0.0509504 0.000352903
361 2 0.86798 0.542654 0 -0.000221687 0.000623998 0 0.0013206 0.056984 0.000280418 47 -0.0298696 0.0494142 0.000306441
362 2 0.906775 0.542616 0 -0.000246062 0.000617059 0 7.5733e-05 0.0541827 0.000249039 42 -0.0293775 0.0475976 0.000257265
363 2 0.9456 0.542574 0 -0.00027096 0.000609969 0 -0.00206168 0.0508137 0.000222946 35 -0.0292916 0.0458121 0.000217733
364 2 0.984452 0.542527 0 -0.000295682 0.000599871 0 -0.00499804 0.0473549 0.000197848 28 -0.0297898 0.0444372 0.000179676
386 2 0.829328 0.584681 0 -0.000181552 0.000673221 0 0.0023949 0.0592307 0.000978689 48 -0.0302097 0.0508379 0.00113743
387 2 0.868103 0.584592 0 -0.000204645 0.000668033 0 0.00151401 0.0570436 0.000895895 47 -0.0297542 0.0493591 0.000996642
388 2 0.906901 0.584482 0 -0.00022815 0.000660596 0 0.000219927 0.05426 0.000800566 42 -0.0293101 0.0475885 0.000845791
389 2 0.945727 0.584354 0 -0.000251729 0.00065092 0 -0.00198173 0.0508799 0.000721264 35 -0.0292688 0.0458313 0.000724459
390 2 0.984578 0.584214 0 -0.00027562 0.000639508 0 -0.0050396 0.0473548 0.00064377 28 -0.0298276 0.044469 0.000605972
412 2 0.829568 0.626671 0 -0.000166303 0.00071309 0 0.00290178 0.0592817 0.00172511 48 -0.0298485 0.0505928 0.0020316
413 2 0.868354 0.626527 0 -0.000187643 0.000706417 0 0.00191674 0.0571535 0.00159263 47 -0.0295067 0.0492328 0.00180207
414 2 0.907159 0.626348 0 -0.000209659 0.00069895 0 0.000524996 0.0544124 0.00143438 42 -0.029162 0.0475602 0.00154863
415 2 0.945988 0.626136 0 -0.000232346 0.000689803 0 -0.00180336 0.0510181 0.00129989 35 -0.0292129 0.0458661 0.00134058
416 2 0.984838 0.625902 0 -0.000255148 0.000678907 0 -0.00510645 0.0473643 0.00116387 28 -0.0298969 0.0445338 0.00113052
438 2 0.829936 0.668649 0 -0.000151335 0.000751063 0 0.00370094 0.0593382 0.00259504 48 -0.0292666 0.0501875 0.0031057
439 2 0.868741 0.668456 0 -0.000170896 0.000745359 0 0.00256085 0.0573081 0.00242436 47 -0.0291008 0.0490146 0.00280015
440 2 0.907558 0.668212 0 -0.000191796 0.000738153 0 0.00102453 0.054647 0.00220733 42 -0.028913 0.0475034 0.00244592
441 2 0.946392 0.66792 0 -0.000212707 0.000727955 0 -0.00149066 0.0512503 0.00201668 35 -0.0291102 0.0459195 0.00214588
442 2 0.98524 0.667592 0 -0.000234852 0.000716859 0 -0.0051686 0.0474125 0.00181302 28 -0.0299922 0.0446442 0.00182693
443 2 0.0141988 0.709288 0 0.000215115 0.000752787 0 -0.00517308 0.0475423 -0.00265362 28 -0.030099 0.0448156 -0.00278041
444 2 0.0530464 0.709706 0 0.000194188 0.000763491 0 -0.000983839 0.0516064 -0.00293443 35 -0.0289333 0.0459907 -0.00322881
445 2 0.0918879 0.710074 0 0.00017338 0.000773975 0 0.00177127 0.0549676 -0.00317821 42 -0.028527 0.0473974 -0.00362251
446 2 0.130723 0.710375 0 0.000154078 0.000781762 0 0.00349455 0.0574906 -0.00344277 47 -0.0284918 0.0486668 -0.00406759
447 2 0.169556 0.710608 0 0.000134838 0.000789082 0 0.00483721 0.0593725 -0.00363055 48 -0.0284149 0.0495751 -0.00442405
469 2 0.0134594 0.750991 0 0.000195547 0.000788693 0 -0.00502809 0.0478122 -0.00375846 28 -0.0301823 0.0450581 -0.004093
470 2 0.0523066 0.751496 0 0.000175361 0.000799609 0 -0.000190054 0.0521191 -0.00412163 35 -0.0286318 0.0460654 -0.00468887
471 2 0.091161 0.75193 0 0.000156008 0.000808681 0 0.00284126 0.0553668 -0.00440508 42 -0.0279439 0.0472001 -0.00516572
472 2 0.130023 0.752276 0 0.000137603 0.000815445 0 0.00478326 0.057665 -0.00469252 47 -0.027611 0.0481258 -0.0056746
473 2 0.168897 0.752537 0 0.000121174 0.000820579 0 0.00636781 0.0593356 -0.00486167 48 -0.0272221 0.048683 -0.00603681
495 2 0.0125149 0.792708 0 0.00017605 0.000822132 0 -0.0045812 0.0482908 -0.00520908 28 -0.0301663 0.0453602 -0.00588479
496 2 0.0513645 0.793289 0 0.000156746 0.00083168 0 0.00102285 0.052807 -0.00564666 35 -0.0281172 0.0460974 -0.00663153
497 2 0.09024 0.793776 0 0.000138154 0.000842349 0 0.00433036 0.0558025 -0.00593666 42 -0.0270689 0.0468286 -0.00715557
498 2 0.129142 0.794151 0 0.000121603 0.000849388 0 0.00650112 0.0577534 -0.00620033 47 -0.0263583 0.0472856 -0.00767115
499 2 0.168074 0.794425 0 0.000105302 0.000854946 0 0.00834988 0.0591368 -0.0062944 48 -0.0255921 0.0474009 -0.00796421
521 2 0.0113337 0.834444 0 0.000156149 0.000855722 0 -0.0035879 0.0490367 -0.00708349 28 -0.0298966 0.0456507 -0.00828305
522 2 0.0501924 0.835084 0 0.000137155 0.000865332 0 0.00281729 0.0536292 -0.0075605 35 -0.0272424 0.0459701 -0.00914854
523 2 0.0891029 0.835601 0 0.000120412 0.000873831 0 0.0063345 0.0561516 -0.00779275 42 -0.0257598 0.046126 -0.00964044
524 2 0.128064 0.835984 0 0.000103827 0.000879381 0 0.00870819 0.057595 -0.00795399 47 -0.0245959 0.0459716 -0.0100593
525 2 0.167076 0.836251 0 8.9772e-05 0.000884595 0 0.0108137 0.0586094 -0.0078904 48 -0.0234043 0.045563 -0.0101684
448 2 0.208395 0.710783 0 0.000117827 0.000793629 0 0.00600181 0.0607959 -0.00364225 48 -0.0282333 0.0501623 -0.0045362
449 2 0.247243 0.71091 0 9.96188e-05 0.000797374 0 0.00703143 0.06189 -0.00347924 48 -0.0279832 0.0505224 -0.00440012
450 2 0.286103 0.711001 0 8.36474e-05 0.000800111 0 0.00793021 0.0627373 -0.0031659 48 -0.0277065 0.0507317 -0.00404764
451 2 0.324974 0.711064 0 6.78136e-05 0.000800562 0 0.00869144 0.0633905 -0.00273277 48 -0.0274375 0.0508458 -0.00352114
474 2 0.20779 0.752728 0 0.000103998 0.000824271 0 0.00772846 0.0605598 -0.0047988 48 -0.02677 0.0489535 -0.00607091
475 2 0.246702 0.752864 0 8.98669e-05 0.000826061 0 0.00890734 0.0614837 -0.00452031 48 -0.0263019 0.0490501 -0.0057939
476 2 0.285634 0.752959 0 7.44645e-05 0.000828308 0 0.00991326 0.0621946 -0.00406595 48 -0.0258593 0.0490526 -0.00526005
477 2 0.324584 0.753024 0 6.02676e-05 0.000828143 0 0.0107477 0.0627436 -0.00347753 48 -0.0254697 0.0490118 -0.00452864
500 2 0.207039 0.794619 0 9.10212e-05 0.00086012 0 0.00991276 0.0601151 -0.00609971 48 -0.0248334 0.0473008 -0.00784001
501 2 0.246036 0.794753 0 7.69541e-05 0.000861112 0 0.0112337 0.0608424 -0.0056562 48 -0.0241339 0.0471076 -0.00734997
502 2 0.285061 0.794844 0 6.44969e-05 0.000863002 0 0.0123319 0.0614032 -0.00502264 48 -0.0235265 0.0468953 -0.00657721
503 2 0.32411 0.794905 0 5.16762e-05 0.000864405 0 0.0132221 0.0618422 -0.00425232 48 -0.0230245 0.0467014 -0.00559901
526 2 0.206138 0.836433 0 7.70917e-05 0.000887213 0 0.0125531 0.0593017 -0.00749153 48 -0.0223302 0.0450615 -0.00978067
527 2 0.245243 0.836555 0 6.42336e-05 0.00088994 0 0.0139782 0.0598163 -0.00682873 48 -0.0214159 0.0445803 -0.00899552
528 2 0.284383 0.836635 0 5.32186e-05 0.000892106 0 0.0151276 0.060224 -0.00598068 48 -0.0206714 0.0441709 -0.00792769
529 2 0.323551 0.836686 0 4.32787e-05 0.000891264 0 0.0160356 0.0605554 -0.00500933 48 -0.0200867 0.0438469 -0.00666931
452 2 0.363856 0.711106 0 5.20335e-05 0.000801669 0 0.00930774 0.0638834 -0.00220908 48 -0.0272003 0.0509027 -0.00286207
453 2 0.402748 0.711134 0 3.66569e-05 0.00080169 0 0.00977363 0.0642377 -0.00162045 48 -0.0270113 0.0509276 -0.00210735
454 2 0.441646 0.71115 0 2.23639e-05 0.000802119 0 0.0100857 0.0644672 -0.000988609 48 -0.0268806 0.0509364 -0.00128868
455 2 0.480548 0.711157 0 6.83124e-06 0.000801364 0 0.0102421 0.0645801 -0.000332193 48 -0.0268139 0.0509387 -0.000433512
478 2 0.363549 0.753067 0 4.68283e-05 0.000828238 0 0.0114117 0.0631604 -0.00279137 48 -0.0251486 0.0489576 -0.00365211
479 2 0.402527 0.753094 0 3.3345e-05 0.000828288 0 0.0119069 0.0634622 -0.0020372 48 -0.0249042 0.0489071 -0.00267389
480 2 0.441513 0.75311 0 1.94578e-05 0.000828352 0 0.0122354 0.063659 -0.00123878 48 -0.0247402 0.0488696 -0.00162919
481 2 0.480504 0.753117 0 7.23945e-06 0.000828824 0 0.0123991 0.0637562 -0.000415579 48 -0.024658 0.0488499 -0.000547074
504 2 0.363177 0.794944 0 4.00534e-05 0.000864846 0 0.0139173 0.0621812 -0.00338706 48 -0.02263 0.0465422 -0.00447694
505 2 0.402259 0.794968 0 2.82585e-05 0.000865963 0 0.0144282 0.0624307 -0.00245831 48 -0.0223399 0.0464232 -0.00325787
506 2 0.441352 0.794982 0 1.70996e-05 0.000864863 0 0.0147638 0.0625954 -0.00148955 48 -0.0221498 0.0463448 -0.00197724
507 2 0.48045 0.794988 0 5.49181e-06 0.000865168 0 0.0149301 0.0626774 -0.000498839 48 -0.0220558 0.046306 -0.000662683
530 2 0.362741 0.836718 0 3.23383e-05 0.000891984 0 0.0167305 0.0608211 -0.00395807 48 -0.0196451 0.0436047 -0.00528588
531 2 0.401947 0.836738 0 2.32419e-05 0.000890844 0 0.0172338 0.0610226 -0.00285641 48 -0.0193297 0.0434347 -0.00382257
532 2 0.441164 0.836748 0 1.3964e-05 0.000891103 0 0.0175611 0.0611586 -0.00172447 48 -0.0191272 0.0433275 -0.00231074
533 2 0.480387 0.836753 0 4.13548e-06 0.000890927 0 0.0177223 0.0612271 -0.000576494 48 -0.0190283 0.0432758 -0.000772962
456 2 0.519452 0.711157 0 -6.83124e-06 0.000801364 0 0.0102421 0.0645801 0.000332193 48 -0.0268139 0.0509387 0.000433512
457 2 0.558354 0.71115 0 -2.23639e-05 0.000802119 0 0.0100857 0.0644672 0.000988609 48 -0.0268806 0.0509364 0.00128868
458 2 0.597252 0.711134 0 -3.66569e-05 0.00080169 0 0.00977363 0.0642377 0.00162045 48 -0.0270113 0.0509276 0.00210735
459 2 0.636144 0.711106 0 -5.20335e-05 0.000801669 0 0.00930774 0.0638834 0.00220908 48 -0.0272003 0.0509027 0.00286207
482 2 0.519496 0.753117 0 -7.23945e-06 0.000828824 0 0.0123991 0.0637562 0.000415579 48 -0.024658 0.0488499 0.000547074
483 2 0.558487 0.75311 0 -1.94578e-05 0.000828352 0 0.0122354 0.063659 0.00123878 48 -0.0247402 0.0488696 0.00162919
484 2 0.597473 0.753094 0 -3.3345e-05 0.000828288 0 0.0119069 0.0634622 0.0020372 48 -0.0249042 0.0489071 0.00267389
485 2 0.636451 0.753067 0 -4.68283e-05 0.000828238 0 0.0114117 0.0631604 0.00279137 48 -0.0251486 0.0489576 0.00365211
508 2 0.51955 0.794988 0 -5.49181e-06 0.000865168 0 0.0149301 0.0626774 0.000498839 48 -0.0220558 0.046306 0.000662683
509 2 0.558648 0.794982 0 -1.70996e-05 0.000864863 0 0.0147638 0.0625954 0.00148955 48 -0.0221498 0.0463448 0.00197724
510 2 0.597741 0.794968 0 -2.82585e-05 0.000865963 0 0.0144282 0.0624307 0.00245831 48 -0.0223399 0.0464232 0.00325787
511 2 0.636823 0.794944 0 -4.00534e-05 0.000864846 0 0.0139173 0.0621812 0.00338706 48 -0.02263 0.0465422 0.00447694
534 2 0.519613 0.836753 0 -4.13548e-06 0.000890927 0 0.0177223 0.0612271 0.000576494 48 -0.0190283 0.0432758 0.000772962
535 2 0.558836 0.836748 0 -1.3964e-05 0.000891103 0 0.0175611 0.0611586 0.00172447 48 -0.0191272 0.0433275 0.00231074
536 2 0.598053 0.836738 0 -2.32419e-05 0.000890844 0 0.0172338 0.0610226 0.00285641 48 -0.0193297 0.0434347 0.00382257
537 2 0.637259 0.836718 0 -3.23383e-05 0.000891984 0 0.0167305 0.0608211 0.00395807 48 -0.0196451 0.0436047 0.00528588
460 2 0.675026 0.711064 0 -6.78136e-05 0.000800562 0 0.00869144 0.0633905 0.00273277 48 -0.0274375 0.0508458 0.00352114
461 2 0.713897 0.711001 0 -8.36474e-05 0.000800111 0 0.00793021 0.0627373 0.0031659 48 -0.0277065 0.0507317 0.00404764
462 2 0.752757 0.71091 0 -9.96188e-05 0.000797374 0 0.00703143 0.06189 0.00347924 48 -0.0279832 0.0505224 0.00440012
463 2 0.791605 0.710783 0 -0.000117827 0.000793629 0 0.00600181 0.0607959 0.00364225 48 -0.0282333 0.0501623 0.0045362
486 2 0.675416 0.753024 0 -6.02676e-05 0.000828143 0 0.0107477 0.0627436 0.00347753 48 -0.0254697 0.0490118 0.00452864
487 2 0.714366 0.752959 0 -7.44645e-05 0.000828308 0 0.00991326 0.0621946 0.00406595 48 -0.0258593 0.0490526 0.00526005
488 2 0.753298 0.752864 0 -8.98669e-05 0.000826061 0 0.00890734 0.0614837 0.00452031 48 -0.0263019 0.0490501 0.0057939
489 2 0.79221 0.752728 0 -0.000103998 0.000824271 0 0.00772846 0.0605598 0.0047988 48 -0.02677 0.0489535 0.00607091
512 2 0.67589 0.794905 0 -5.16762e-05 0.000864405 0 0.0132221 0.0618422 0.00425232 48 -0.0230245 0.0467014 0.00559901
513 2 0.714939 0.794844 0 -6.44969e-05 0.000863002 0 0.0123319 0.0614032 0.00502264 48 -0.0235265 0.0468953 0.00657721
514 2 0.753964 0.794753 0 -7.69541e-05 0.000861112 0 0.0112337 0.0608424 0.0056562 48 -0.0241339 0.0471076 0.00734997
515 2 0.792961 0.794619 0 -9.10212e-05 0.00086012 0 0.00991276 0.0601151 0.00609971 48 -0.0248334 0.0473008 0.00784001
538 2 0.676449 0.836686 0 -4.32787e-05 0.000891264 0 0.0160356 0.0605554 0.00500933 48 -0.0200867 0.0438469 0.00666931
539 2 0.715617 0.836635 0 -5.32186e-05 0.000892106 0 0.0151276 0.060224 0.00598068 48 -0.0206714 0.0441709 0.00792769
540 2 0.754757 0.836555 0 -6.42336e-05 0.00088994 0 0.0139782 0.0598163 0.00682873 48 -0.0214159 0.0445803 0.00899552
541 2 0.793862 0.836433 0 -7.70917e-05 0.000887213 0 0.0125531 0.0593017 0.00749153 48 -0.0223302 0.0450615 0.00978067
464 2 0.830444 0.710608 0 -0.000134838 0.000789082 0 0.00483721 0.0593725 0.00363055 48 -0.0284149 0.0495751 0.00442405
465 2 0.869277 0.710375 0 -0.000154078 0.000781762 0 0.00349455 0.0574906 0.00344277 47 -0.0284918 0.0486668 0.00406759
466 2 0.908112 0.710074 0 -0.00017338 0.000773975 0 0.00177127 0.0549676 0.00317821 42 -0.028527 0.0473974 0.00362251
467 2 0.946954 0.709706 0 -0.000194188 0.000763491 0 -0.000983839 0.0516064 0.00293443 35 -0.0289333 0.0459907 0.00322881
468 2 0.985801 0.709288 0 -0.000215115 0.000752787 0 -0.00517308 0.0475423 0.00265362 28 -0.030099 0.0448156 0.00278041
490 2 0.831103 0.752537 0 -0.000121174 0.000820579 0 0.00636781 0.0593356 0.00486167 48 -0.0272221 0.048683 0.00603681
491 2 0.869977 0.752276 0 -0.000137603 0.000815445 0 0.00478326 0.057665 0.00469252 47 -0.027611 0.0481258 0.0056746
492 2 0.908839 0.75193 0 -0.000156008 0.000808681 0 0.00284126 0.0553668 0.00440508 42 -0.0279439 0.0472001 0.00516572
493 2 0.947693 0.751496 0 -0.000175361 0.000799609 0 -0.000190054 0.0521191 0.00412163 35 -0.0286318 0.0460654 0.00468887
494 2 0.986541 0.750991 0 -0.000195547 0.000788693 0 -0.00502809 0.0478122 0.00375846 28 -0.0301823 0.0450581 0.004093
516 2 0.831926 0.794425 0 -0.000105302 0.000854946 0 0.00834988 0.0591368 0.0062944 48 -0.0255921 0.0474009 0.00796421
517 2 0.870858 0.794151 0 -0.000121603 0.000849388 0 0.00650112 0.0577534 0.00620033 47 -0.0263583 0.0472856 0.00767115
518 2 0.90976 0.793776 0 -0.000138154 0.000842349 0 0.00433036 0.0558025 0.00593666 42 -0.0270689 0.0468286 0.00715557
519 2 0.948636 0.793289 0 -0.000156746 0.00083168 0 0.00102285 0.052807 0.00564666 35 -0.0281172 0.0460974 0.00663153
520 2 0.987485 0.792708 0 -0.00017605 0.000822132 0 -0.0045812 0.0482908 0.00520908 28 -0.0301663 0.0453602 0.00588479
542 2 0.832924 0.836251 0 -8.9772e-05 0.000884595 0 0.0108137 0.0586094 0.0078904 48 -0.0234043 0.045563 0.0101684
543 2 0.871936 0.835984 0 -0.000103827 0.000879381 0 0.00870819 0.057595 0.00795399 47 -0.0245959 0.0459716 0.0100593
544 2 0.910897 0.835601 0 -0.000120412 0.000873831 0 0.0063345 0.0561516 0.00779275 42 -0.0257598 0.046126 0.00964044
545 2 0.949808 0.835084 0 -0.000137155 0.000865332 0 0.00281729 0.0536292 0.0075605 35 -0.0272424 0.0459701 0.00914854
546 2 0.988666 0.834444 0 -0.000156149 0.000855722 0 -0.0035879 0.0490367 0.00708349 28 -0.0298966 0.0456507 0.00828305
547 2 0.00988101 0.876202 0 0.000134371 0.000886212 0 -0.00168684 0.0500565 -0.00943107 28 -0.0290912 0.0457392 -0.0113976
548 2 0.0487643 0.876872 0 0.000116878 0.000895223 0 0.00533928 0.0544045 -0.0098699 35 -0.0257897 0.045445 -0.0122851
549 2 0.0877321 0.877389 0 0.000100599 0.000902843 0 0.00890922 0.0561453 -0.00993638 42 -0.0238191 0.044821 -0.0125999
550 2 0.126779 0.877752 0 8.68995e-05 0.000909049 0 0.0114194 0.0569053 -0.0098739 47 -0.0221457 0.0439157 -0.0127531
551 2 0.165902 0.877992 0 7.43804e-05 0.000912436 0 0.0137277 0.0574791 -0.00954106 48 -0.0205212 0.0429353 -0.0125155
573 2 0.00812777 0.917984 0 0.000110528 0.000917237 0 0.00152287 0.0513373 -0.0124532 27 -0.027422 0.0454212 -0.0155576
574 2 0.0470625 0.918635 0 9.41073e-05 0.000925309 0 0.00898013 0.0550887 -0.0126529 34 -0.0234094 0.0442735 -0.0161935
575 2 0.0861219 0.919108 0 7.91179e-05 0.000932795 0 0.0123115 0.0556537 -0.0123238 41 -0.020949 0.0426471 -0.0160081
576 2 0.125294 0.919418 0 6.6934e-05 0.000936543 0 0.0147928 0.055548 -0.0118344 46 -0.0187814 0.0408943 -0.0156007
577 2 0.164564 0.919609 0 5.63979e-05 0.000939476 0 0.0171537 0.0556308 -0.0110876 47 -0.0168059 0.0393692 -0.0147958
599 2 0.00608675 0.959761 0 8.34135e-05 0.000946707 0 0.005738 0.0528289 -0.0160073 24 -0.0250667 0.0448476 -0.0205783
600 2 0.0451018 0.960324 0 6.8108e-05 0.000951929 0 0.0148673 0.0568333 -0.0157356 30 -0.0197675 0.0428142 -0.0206689
601 2 0.0842977 0.960702 0 5.67314e-05 0.000956803 0 0.0180834 0.05635 -0.0147871 36 -0.0167619 0.0401786 -0.0196585
602 2 0.123648 0.960927 0 4.64263e-05 0.000959578 0 0.0201113 0.0551995 -0.0136372 41 -0.0143303 0.0376339 -0.0183307
603 2 0.16311 0.961052 0 3.91519e-05 0.000961274 0 0.0221009 0.054669 -0.0123504 42 -0.0122781 0.035695 -0.0167492
625 2 0.00378256 1.00151 0 5.27675e-05 0.000972688 0 0.00951858 0.0544545 -0.0201706 20 -0.0231433 0.0449017 -0.0264485
626 2 0.0428774 1.00189 0 3.91245e-05 0.000977131 0 0.0245687 0.0617179 -0.0189588 25 -0.0146816 0.0420068 -0.0254791
627 2 0.082295 1.0021 0 2.97419e-05 0.000979661 0 0.0267831 0.0597328 -0.0171176 30 -0.0115764 0.0384044 -0.0232227
628 2 0.121898 1.00222 0 2.43186e-05 0.000981542 0 0.0276033 0.0572341 -0.0151731 34 -0.00933023 0.0352149 -0.0207409
629 2 0.161604 1.00227 0 1.9475e-05 0.000981633 0 0.0284646 0.0557353 -0.0132997 35 -0.00763722 0.0329897 -0.018283
651 2 0 1.0434 0 0 0.001 0 0.0501462 0.0821369 -0.0263114 16 -0.00536295 0.0470529 -0.0363609
652 2 0.04 1.0434 0 0 0.001 0 0.0398413 0.0706023 -0.0228346 20 -0.00720239 0.0417734 -0.0314061
653 2 0.08 1.0434 0 0 0.001 0 0.035523 0.0631888 -0.0193834 24 -0.00634609 0.0367539 -0.0267219
654 2 0.12 1.0434 0 0 0.001 0 0.0340085 0.0588484 -0.0164494 27 -0.00494442 0.0330915 -0.0227653
655 2 0.16 1.0434 0 0 0.001 0 0.0335234 0.0565659 -0.0140373 28 -0.00390849 0.0308766 -0.0194831
552 2 0.205089 0.878147 0 6.28862e-05 0.000915389 0 0.0155659 0.0578602 -0.00885691 48 -0.0191731 0.0420468 -0.0117404
553 2 0.244328 0.878246 0 5.39532e-05 0.00091555 0 0.017011 0.0581591 -0.00792695 48 -0.0181059 0.0413208 -0.0105823
554 2 0.283607 0.878309 0 4.42223e-05 0.000916461 0 0.0181349 0.0584194 -0.00684404 48 -0.0172874 0.0407644 -0.00918106
555 2 0.322916 0.878347 0 3.55351e-05 0.000917388 0 0.0189982 0.0586518 -0.00567079 48 -0.0166743 0.040356 -0.0076328
578 2 0.20391 0.919725 0 4.75303e-05 0.000943049 0 0.0189237 0.0556918 -0.0100413 47 -0.0153095 0.0381798 -0.0135074
579 2 0.243311 0.919795 0 3.91151e-05 0.000943224 0 0.020239 0.0557806 -0.0088187 47 -0.0142133 0.0373047 -0.0119252
580 2 0.282752 0.919837 0 3.25627e-05 0.000944649 0 0.0212201 0.0559038 -0.0075079 47 -0.0134227 0.0366842 -0.0101884
581 2 0.322221 0.919862 0 2.547e-05 0.000944581 0 0.0219536 0.0560469 -0.00615787 47 -0.0128574 0.0362554 -0.00837634
604 2 0.202648 0.961122 0 3.27097e-05 0.000962135 0 0.0234652 0.0543417 -0.0109135 42 -0.0108745 0.0343471 -0.0148833
605 2 0.242235 0.961161 0 2.73861e-05 0.000961519 0 0.024414 0.054185 -0.0094209 42 -0.00992854 0.0334392 -0.0128929
606 2 0.281854 0.961183 0 2.22045e-05 0.00096321 0 0.0250962 0.0541507 -0.00792527 42 -0.00928713 0.0328372 -0.0108707
607 2 0.321495 0.961195 0 1.84312e-05 0.000962039 0 0.0255997 0.0541914 -0.00644692 42 -0.00884833 0.0324424 -0.00885621
630 2 0.201362 1.0023 0 1.65481e-05 0.000983234 0 0.0290037 0.054848 -0.0115063 35 -0.00658811 0.0315858 -0.0158708
631 2 0.24115 1.00231 0 1.3549e-05 0.000982693 0 0.0293743 0.054371 -0.00980033 35 -0.00593411 0.0307121 -0.0135449
632 2 0.280954 1.00232 0 1.11451e-05 0.000983175 0 0.0296546 0.0541456 -0.0081742 35 -0.0055145 0.0301658 -0.0113116
633 2 0.32077 1.00232 0 8.81803e-06 0.000982964 0 0.029879 0.0540675 -0.00661258 35 -0.00523765 0.0298234 -0.00915805
656 2 0.2 1.0434 0 0 0.001 0 0.0333192 0.0553873 -0.0119722 28 -0.0033057 0.0296161 -0.0166441
657 2 0.24 1.0434 0 0 0.001 0 0.0332551 0.0548056 -0.0101199 28 -0.00295031 0.0288879 -0.0140823
658 2 0.28 1.0434 0 0 0.001 0 0.0332667 0.0545444 -0.00840557 28 -0.00273135 0.0284578 -0.0117035
659 2 0.32 1.0434 0 0 0.001 0 0.033318 0.0544556 -0.00678357 28 -0.00259047 0.0282012 -0.00944847
556 2 0.362248 0.87837 0 2.77767e-05 0.000916892 0 0.0196456 0.058852 -0.00444536 48 -0.0162278 0.0400674 -0.00599732
557 2 0.401595 0.878384 0 1.96805e-05 0.000918486 0 0.020108 0.0590116 -0.00319044 48 -0.0159175 0.0398733 -0.00431099
558 2 0.440953 0.878391 0 1.1478e-05 0.00091829 0 0.0204059 0.0591228 -0.00191945 48 -0.0157219 0.0397544 -0.00259611
559 2 0.480317 0.878394 0 4.18547e-06 0.000918305 0 0.020552 0.0591799 -0.000640598 48 -0.0156274 0.0396981 -0.000866826
582 2 0.36171 0.919875 0 1.98014e-05 0.000944562 0 0.0224944 0.0561892 -0.00479255 47 -0.0124597 0.0359665 -0.00652976
583 2 0.401213 0.919883 0 1.35373e-05 0.00094374 0 0.022877 0.0563122 -0.00342283 47 -0.0121901 0.0357792 -0.0046686
584 2 0.440724 0.919886 0 8.27379e-06 0.000942401 0 0.0231222 0.0564017 -0.00205304 47 -0.012023 0.0356676 -0.00280211
585 2 0.480241 0.919888 0 2.7862e-06 0.00094334 0 0.0232421 0.0564487 -0.000684187 47 -0.0119431 0.0356156 -0.000934119
608 2 0.361151 0.961201 0 1.35965e-05 0.000961836 0 0.025971 0.0542668 -0.0049895 42 -0.00854898 0.0321873 -0.00686108
609 2 0.400816 0.961204 0 9.91401e-06 0.000963377 0 0.0262351 0.0543467 -0.00355037 42 -0.00835041 0.0320276 -0.00488537
610 2 0.440487 0.961205 0 5.91645e-06 0.000963386 0 0.0264055 0.0544104 -0.00212478 42 -0.00822907 0.0319349 -0.00292491
611 2 0.480162 0.961205 0 1.96428e-06 0.000962871 0 0.0264891 0.0544453 -0.00070735 42 -0.00817148 0.0318924 -0.000973906
634 2 0.360593 1.00232 0 7.04932e-06 0.000983241 0 0.030058 0.0540667 -0.00509923 35 -0.0050533 0.0296103 -0.00706594
635 2 0.400421 1.00232 0 4.79908e-06 0.000982726 0 0.0301937 0.0540983 -0.00362007 35 -0.00493293 0.0294811 -0.00501803
636 2 0.440251 1.00232 0 2.92124e-06 0.000982048 0 0.0302852 0.0541334 -0.00216349 35 -0.00486012 0.0294081 -0.0029996
637 2 0.480084 1.00232 0 1.00037e-06 0.000982674 0 0.0303313 0.0541551 -0.000719773 35 -0.00482577 0.0293753 -0.000998041
660 2 0.36 1.0434 0 0 0.001 0 0.0333839 0.0544541 -0.00522376 28 -0.00249813 0.0280492 -0.0072776
661 2 0.4 1.0434 0 0 0.001 0 0.0334468 0.0544882 -0.0037054 28 -0.00243843 0.0279616 -0.00516305
662 2 0.44 1.0434 0 0 0.001 0 0.0334947 0.0545261 -0.00221348 28 -0.00240254 0.0279144 -0.0030845
663 2 0.48 1.0434 0 0 0.001 0 0.0335203 0.0545492 -0.000736253 28 -0.00238567 0.0278939 -0.00102602
560 2 0.519683 0.878394 0 -4.18547e-06 0.000918305 0 0.020552 0.0591799 0.000640598 48 -0.0156274 0.0396981 0.000866826
561 2 0.559047 0.878391 0 -1.1478e-05 0.00091829 0 0.0204059 0.0591228 0.00191945 48 -0.0157219 0.0397544 0.00259611
562 2 0.598405 0.878384 0 -1.96805e-05 0.000918486 0 0.020108 0.0590116 0.00319044 48 -0.0159175 0.0398733 0.00431099
563 2 0.637752 0.87837 0 -2.77767e-05 0.000916892 0 0.0196456 0.058852 0.00444536 48 -0.0162278 0.0400674 0.00599732
586 2 0.519759 0.919888 0 -2.7862e-06 0.00094334 0 0.0232421 0.0564487 0.000684187 47 -0.0119431 0.0356156 0.000934119
587 2 0.559276 0.919886 0 -8.27379e-06 0.000942401 0 0.0231222 0.0564017 0.00205304 47 -0.012023 0.0356676 0.00280211
588 2 0.598787 0.919883 0 -1.35373e-05 0.00094374 0 0.022877 0.0563122 0.00342283 47 -0.0121901 0.0357792 0.0046686
589 2 0.63829 0.919875 0 -1.98014e-05 0.000944562 0 0.0224944 0.0561892 0.00479255 47 -0.0124597 0.0359665 0.00652976
612 2 0.519838 0.961205 0 -1.96428e-06 0.000962871 0 0.0264891 0.0544453 0.00070735 42 -0.00817148 0.0318924 0.000973906
613 2 0.559513 0.961205 0 -5.91645e-06 0.000963386 0 0.0264055 0.0544104 0.00212478 42 -0.00822907 0.0319349 0.00292491
614 2 0.599184 0.961204 0 -9.91401e-06 0.000963377 0 0.0262351 0.0543467 0.00355037 42 -0.00835041 0.0320276 0.00488537
615 2 0.638849 0.961201 0 -1.35965e-05 0.000961836 0 0.025971 0.0542668 0.0049895 42 -0.00854898 0.0321873 0.00686108
638 2 0.519916 1.00232 0 -1.00037e-06 0.000982674 0 0.0303313 0.0541551 0.000719773 35 -0.00482577 0.0293753 0.000998041
639 2 0.559749 1.00232 0 -2.92124e-06 0.000982048 0 0.0302852 0.0541334 0.00216349 35 -0.00486012 0.0294081 0.0029996
640 2 0.599579 1.00232 0 -4.79908e-06 0.000982726 0 0.0301937 0.0540983 0.00362007 35 -0.00493293 0.0294811 0.00501803
641 2 0.639407 1.00232 0 -7.04932e-06 0.000983241 0 0.030058 0.0540667 0.00509923 35 -0.0050533 0.0296103 0.00706594
664 2 0.52 1.0434 0 0 0.001 0 0.0335203 0.0545492 0.000736253 28 -0.00238567 0.0278939 0.00102602
665 2 0.56 1.0434 0 0 0.001 0 0.0334947 0.0545261 0.00221348 28 -0.00240254 0.0279144 0.0030845
666 2 0.6 1.0434 0 0 0.001 0 0.0334468 0.0544882 0.0037054 28 -0.00243843 0.0279616 0.00516305
667 2 0.64 1.0434 0 0 0.001 0 0.0333839 0.0544541 0.00522376 28 -0.00249813 0.0280492 0.0072776
564 2 0.677084 0.878347 0 -3.55351e-05 0.000917388 0 0.0189982 0.0586518 0.00567079 48 -0.0166743 0.040356 0.0076328
565 2 0.716393 0.878309 0 -4.42223e-05 0.000916461 0 0.0181349 0.0584194 0.00684404 48 -0.0172874 0.0407644 0.00918106
566 2 0.755672 0.878246 0 -5.39532e-05 0.00091555 0 0.017011 0.0581591 0.00792695 48 -0.0181059 0.0413208 0.0105823
567 2 0.794911 0.878147 0 -6.28862e-05 0.000915389 0 0.0155659 0.0578602 0.00885691 48 -0.0191731 0.0420468 0.0117404
590 2 0.677779 0.919862 0 -2.547e-05 0.000944581 0 0.0219536 0.0560469 0.00615787 47 -0.0128574 0.0362554 0.00837634
591 2 0.717248 0.919837 0 -3.25627e-05 0.000944649 0 0.0212201 0.0559038 0.0075079 47 -0.0134227 0.0366842 0.0101884
592 2 0.756689 0.919795 0 -3.91151e-05 0.000943224 0 0.020239 0.0557806 0.0088187 47 -0.0142133 0.0373047 0.0119252
593 2 0.79609 0.919725 0 -4.75303e-05 0.000943049 0 0.0189237 0.0556918 0.0100413 47 -0.0153095 0.0381798 0.0135074
616 2 0.678505 0.961195 0 -1.84312e-05 0.000962039 0 0.0255997 0.0541914 0.00644692 42 -0.00884833 0.0324424 0.00885621
617 2 0.718146 0.961183 0 -2.22045e-05 0.00096321 0 0.0250962 0.0541507 0.00792527 42 -0.00928713 0.0328372 0.0108707
618 2 0.757765 0.961161 0 -2.73861e-05 0.000961519 0 0.024414 0.054185 0.0094209 42 -0.00992854 0.0334392 0.0128929
619 2 0.797352 0.961122 0 -3.27097e-05 0.000962135 0 0.0234652 0.0543417 0.0109135 42 -0.0108745 0.0343471 0.0148833
642 2 0.67923 1.00232 0 -8.81803e-06 0.000982964 0 0.029879 0.0540675 0.00661258 35 -0.00523765 0.0298234 0.00915805
643 2 0.719046 1.00232 0 -1.11451e-05 0.000983175 0 0.0296546 0.0541456 0.0081742 35 -0.0055145 0.0301658 0.0113116
644 2 0.75885 1.00231 0 -1.3549e-05 0.000982693 0 0.0293743 0.054371 0.00980033 35 -0.00593411 0.0307121 0.0135449
645 2 0.798638 1.0023 0 -1.65481e-05 0.000983234 0 0.0290037 0.054848 0.0115063 35 -0.00658811 0.0315858 0.0158708
668 2 0.68 1.0434 0 0 0.001 0 0.033318 0.0544556 0.00678357 28 -0.00259047 0.0282012 0.00944847
669 2 0.72 1.0434 0 0 0.001 0 0.0332667 0.0545444 0.00840557 28 -0.00273135 0.0284578 0.0117035
670 2 0.76 1.0434 0 0 0.001 0 0.0332551 0.0548056 0.0101199 28 -0.00295031 0.0288879 0.0140823
671 2 0.8 1.0434 0 0 0.001 0 0.0333192 0.0553873 0.0119722 28 -0.0033057 0.0296161 0.0166441
568 2 0.834098 0.877992 0 -7.43804e-05 0.000912436 0 0.0137277 0.0574791 0.00954106 48 -0.0205212 0.0429353 0.0125155
569 2 0.873221 0.877752 0 -8.68995e-05 0.000909049 0 0.0114194 0.0569053 0.0098739 47 -0.0221457 0.0439157 0.0127531
570 2 0.912268 0.877389 0 -0.000100599 0.000902843 0 0.00890922 0.0561453 0.00993638 42 -0.0238191 0.044821 0.0125999
571 2 0.951236 0.876872 0 -0.000116878 0.000895223 0 0.00533928 0.0544045 0.0098699 35 -0.0257897 0.045445 0.0122851
572 2 0.990119 0.876202 0 -0.000134371 0.000886212 0 -0.00168684 0.0500565 0.00943107 28 -0.0290912 0.0457392 0.0113976
594 2 0.835436 0.919609 0 -5.63979e-05 0.000939476 0 0.0171537 0.0556308 0.0110876 47 -0.0168059 0.0393692 0.0147958
595 2 0.874706 0.919418 0 -6.6934e-05 0.000936543 0 0.0147928 0.055548 0.0118344 46 -0.0187814 0.0408943 0.0156007
596 2 0.913878 0.919108 0 -7.91179e-05 0.000932795 0 0.0123115 0.0556537 0.0123238 41 -0.020949 0.0426471 0.0160081
597 2 0.952937 0.918635 0 -9.41073e-05 0.000925309 0 0.00898013 0.0550887 0.0126529 34 -0.0234094 0.0442735 0.0161935
598 2 0.991872 0.917984 0 -0.000110528 0.000917237 0 0.00152287 0.0513373 0.0124532 27 -0.027422 0.0454212 0.0155576
620 2 0.83689 0.961052 0 -3.91519e-05 0.000961274 0 0.0221009 0.054669 0.0123504 42 -0.0122781 0.035695 0.0167492
621 2 0.876352 0.960927 0 -4.64263e-05 0.000959578 0 0.0201113 0.0551995 0.0136372 41 -0.0143303 0.0376339 0.0183307
622 2 0.915702 0.960702 0 -5.67314e-05 0.000956803 0 0.0180834 0.05635 0.0147871 36 -0.0167619 0.0401786 0.0196585
623 2 0.954898 0.960324 0 -6.8108e-05 0.000951929 0 0.0148673 0.0568333 0.0157356 30 -0.0197675 0.0428142 0.0206689
624 2 0.993913 0.959761 0 -8.34135e-05 0.000946707 0 0.005738 0.0528289 0.0160073 24 -0.0250667 0.0448476 0.0205783
646 2 0.838396 1.00227 0 -1.9475e-05 0.000981633 0 0.0284646 0.0557353 0.0132997 35 -0.00763722 0.0329897 0.018283
647 2 0.878102 1.00222 0 -2.43186e-05 0.000981542 0 0.0276033 0.0572341 0.0151731 34 -0.00933023 0.0352149 0.0207409
648 2 0.917705 1.0021 0 -2.97419e-05 0.000979661 0 0.0267831 0.0597328 0.0171176 30 -0.0115764 0.0384044 0.0232227
649 2 0.957123 1.00189 0 -3.91245e-05 0.000977131 0 0.0245687 0.0617179 0.0189588 25 -0.0146816 0.0420068 0.0254791
650 2 0.996217 1.00151 0 -5.27675e-05 0.000972688 0 0.00951858 0.0544545 0.0201706 20 -0.0231433 0.0449017 0.0264485
672 2 0.84 1.0434 0 0 0.001 0 0.0335234 0.0565659 0.0140373 28 -0.00390849 0.0308766 0.0194831
673 2 0.88 1.0434 0 0 0.001 0 0.0340085 0.0588484 0.0164494 27 -0.00494442 0.0330915 0.0227653
674 2 0.92 1.0434 0 0 0.001 0 0.035523 0.0631888 0.0193834 24 -0.00634609 0.0367539 0.0267219
675 2 0.96 1.0434 0 0 0.001 0 0.0398413 0.0706023 0.0228346 20 -0.00720239 0.0417734 0.0314061
676 2 1 1.0434 0 0 0.001 0 0.0501462 0.0821369 0.0263114 16 -0.00536295 0.0470529 0.0363609
