1 1 0 0 0 0 0 0 0.0261533 0.0434888 0.0133695 16 -0.00277919 0.0234814 0.018578
2 1 0.04 0 0 0 0 0 0.0206291 0.0370526 0.011558 20 -0.00371911 0.0207991 0.0160228
3 1 0.08 0 0 0 0 0 0.018248 0.0328254 0.00980759 24 -0.00326346 0.0182583 0.0136152
4 1 0.12 0 0 0 0 0 0.0173866 0.0303397 0.00833234 27 -0.00253071 0.0164245 0.0115923
5 1 0.16 0 0 0 0 0 0.0171125 0.029045 0.00711889 28 -0.00199247 0.0153417 0.00991972
27 1 0.00193541 0.0409977 0 5.46327e-05 3.26036e-05 0 0.00495352 0.0285714 0.0099732 20 -0.0120066 0.022381 0.013478
28 1 0.041466 0.0407805 0 4.06134e-05 2.4374e-05 0 0.0126472 0.0321427 0.00949955 25 -0.00757518 0.0209284 0.0130105
29 1 0.0811665 0.0406613 0 2.98917e-05 1.8797e-05 0 0.0137069 0.0309062 0.0086161 30 -0.00595727 0.0191136 0.0118611
30 1 0.120964 0.040599 0 2.38891e-05 1.42455e-05 0 0.0140863 0.0294535 0.00766516 34 -0.00478322 0.0175149 0.0105958
31 1 0.160814 0.0405703 0 1.90966e-05 1.11356e-05 0 0.014515 0.0285833 0.00673705 35 -0.00390143 0.0164173 0.00934145
53 1 0.00310813 0.0818915 0 9.24503e-05 6.41694e-05 0 0.00300216 0.0274747 0.00785448 24 -0.0129422 0.0223458 0.0105019
54 1 0.0426016 0.0815818 0 7.6807e-05 4.62657e-05 0 0.00759688 0.0294144 0.00781504 30 -0.0102026 0.0213308 0.0105732
55 1 0.0821886 0.0813758 0 6.29546e-05 3.57237e-05 0 0.00920738 0.0290506 0.00739354 36 -0.00863749 0.0200122 0.0100696
56 1 0.121856 0.081255 0 5.23748e-05 2.45989e-05 0 0.0102437 0.0283683 0.00686095 41 -0.00736292 0.0187435 0.00940111
57 1 0.161581 0.0811889 0 4.57092e-05 1.89947e-05 0 0.0112716 0.0280337 0.00624325 42 -0.00629001 0.017788 0.00859618
79 1 0.00415284 0.122798 0 0.000134227 9.67554e-05 0 0.000763197 0.0264789 0.00604783 27 -0.0141723 0.0226245 0.00796059
80 1 0.0436059 0.122444 0 0.000115523 7.84139e-05 0 0.00454511 0.0283653 0.00623063 34 -0.0120922 0.0220626 0.00831271
81 1 0.083123 0.122188 0 0.000100836 6.2959e-05 0 0.00624844 0.0286165 0.00612237 41 -0.0108083 0.0212602 0.00823625
82 1 0.122699 0.122022 0 8.71484e-05 4.99014e-05 0 0.00753861 0.028529 0.00593024 46 -0.00966952 0.0203938 0.00804313
83 1 0.162325 0.121921 0 7.36452e-05 4.26625e-05 0 0.00876603 0.0285374 0.0055932 47 -0.00863314 0.0196428 0.00763669
105 1 0.00505243 0.163703 0 0.000179429 0.000129379 0 -0.00094173 0.0256317 0.00452503 28 -0.0150477 0.0227605 0.00584833
106 1 0.0444795 0.163341 0 0.000159657 0.000103822 0 0.00266009 0.0278839 0.00481721 35 -0.013328 0.0226359 0.00633116
107 1 0.08395 0.163062 0 0.000140772 8.30756e-05 0 0.00451313 0.0287982 0.00490485 42 -0.0122981 0.022346 0.00651419
108 1 0.123461 0.162868 0 0.000123259 6.92839e-05 0 0.00582917 0.0291965 0.00492691 47 -0.0114187 0.0219094 0.00661071
109 1 0.163012 0.162741 0 0.000107276 5.24071e-05 0 0.00703328 0.0294804 0.00480107 48 -0.0105646 0.02143 0.00649663
6 1 0.2 0 0 0 0 0 0.0170096 0.0283891 0.0060758 28 -0.00168176 0.0147485 0.00847382
7 1 0.24 0 0 0 0 0 0.0169877 0.0280704 0.00513767 28 -0.00149992 0.014422 0.00716909
8 1 0.28 0 0 0 0 0 0.0170061 0.0279282 0.00426813 28 -0.00138851 0.0142397 0.00595757
9 1 0.32 0 0 0 0 0 0.0170435 0.027879 0.00344482 28 -0.00131702 0.0141379 0.00480931
32 1 0.200692 0.0405568 0 1.61988e-05 9.79572e-06 0 0.0147913 0.028075 0.00583648 35 -0.00335861 0.0157429 0.00810733
33 1 0.240584 0.0405501 0 1.28707e-05 1.00401e-05 0 0.0149878 0.0278043 0.00497407 35 -0.00302228 0.0153367 0.00691673
34 1 0.280485 0.040547 0 1.006e-05 7.36651e-06 0 0.0151402 0.0276764 0.00414962 35 -0.00280746 0.0150921 0.0057741
35 1 0.320391 0.0405457 0 7.50735e-06 6.20241e-06 0 0.0152639 0.0276301 0.00335709 35 -0.00266608 0.014945 0.0046733
58 1 0.201346 0.0811528 0 3.69929e-05 1.12972e-05 0 0.0119784 0.0278245 0.0055308 42 -0.00555968 0.017136 0.00763805
59 1 0.241136 0.081133 0 3.19659e-05 5.27042e-06 0 0.0124724 0.027719 0.00478001 42 -0.00506958 0.016707 0.00661347
60 1 0.280942 0.0811221 0 2.61075e-05 2.61475e-06 0 0.0128298 0.0276867 0.00402315 42 -0.00473845 0.0164301 0.00557293
61 1 0.32076 0.0811164 0 2.1035e-05 8.36823e-07 0 0.013095 0.0276989 0.0032733 42 -0.00451237 0.0162537 0.00453777
84 1 0.201991 0.121861 0 6.44522e-05 3.47287e-05 0 0.00968457 0.0285375 0.00508431 47 -0.00785011 0.0190634 0.00697187
85 1 0.241686 0.121825 0 5.36712e-05 3.22576e-05 0 0.0103674 0.0285595 0.00447378 47 -0.00727802 0.0186438 0.00615181
86 1 0.281401 0.121804 0 4.56392e-05 2.81637e-05 0 0.0108779 0.0286064 0.00381218 47 -0.0068662 0.0183517 0.00525177
87 1 0.32113 0.121792 0 3.73184e-05 2.02151e-05 0 0.0112605 0.0286689 0.00312787 47 -0.00657221 0.018154 0.00431443
110 1 0.202596 0.16266 0 9.19408e-05 4.31788e-05 0 0.00798876 0.0296563 0.00447897 48 -0.009856 0.0209961 0.0060951
111 1 0.242207 0.162609 0 7.77136e-05 3.5469e-05 0 0.00873924 0.0297905 0.00401954 48 -0.00929532 0.0206445 0.00549054
112 1 0.281839 0.162578 0 6.33228e-05 2.62545e-05 0 0.00932338 0.0299086 0.0034752 48 -0.00886551 0.0203784 0.00475915
113 1 0.321486 0.162558 0 5.00785e-05 2.10444e-05 0 0.00977295 0.0300165 0.00288137 48 -0.00854364 0.0201857 0.00395285
10 1 0.36 0 0 0 0 0 0.0170863 0.0278763 0.00265282 28 -0.00127017 0.0140825 0.00370406
11 1 0.4 0 0 0 0 0 0.0171252 0.0278927 0.00188176 28 -0.00123986 0.0140536 0.00262767
12 1 0.44 0 0 0 0 0 0.0171542 0.0279113 0.0011241 28 -0.00122163 0.0140396 0.00156976
13 1 0.48 0 0 0 0 0 0.0171695 0.0279229 0.000373901 28 -0.00121305 0.0140342 0.000522151
36 1 0.360301 0.0405455 0 6.00339e-06 3.00608e-06 0 0.0153632 0.0276266 0.00258878 35 -0.00257197 0.0148574 0.00360477
37 1 0.400214 0.0405457 0 4.23589e-06 3.66389e-06 0 0.0154384 0.0276409 0.00183778 35 -0.00251052 0.0148069 0.00255949
38 1 0.440128 0.0405459 0 1.94599e-06 4.49362e-06 0 0.0154892 0.0276579 0.0010983 35 -0.00247332 0.0147796 0.00152978
39 1 0.480042 0.0405461 0 1.08991e-06 2.63013e-06 0 0.0155149 0.0276686 0.000365393 35 -0.00245576 0.0147677 0.000508977
62 1 0.360585 0.0811137 0 1.63513e-05 1.71954e-06 0 0.0132916 0.0277323 0.00253343 42 -0.00435829 0.0161431 0.00351395
63 1 0.400415 0.0811125 0 1.10613e-05 -2.80794e-06 0 0.013432 0.0277703 0.00180267 42 -0.00425608 0.016076 0.00250123
64 1 0.440248 0.0811121 0 7.42373e-06 -3.86533e-06 0 0.0135227 0.0278013 0.00107882 42 -0.00419357 0.0160381 0.00149719
65 1 0.480082 0.081112 0 1.85263e-06 -3.61184e-06 0 0.0135673 0.0278184 0.000359148 42 -0.0041639 0.0160211 0.000498472
88 1 0.36087 0.121785 0 2.78042e-05 1.95376e-05 0 0.0115434 0.0287349 0.00243471 47 -0.00636552 0.0180235 0.00336115
89 1 0.400617 0.121781 0 2.02441e-05 1.6909e-05 0 0.011744 0.0287935 0.00173889 47 -0.00622541 0.0179406 0.00240191
90 1 0.440368 0.12178 0 1.19025e-05 1.55517e-05 0 0.0118727 0.0288366 0.00104297 47 -0.00613851 0.0178919 0.00144114
91 1 0.480123 0.121779 0 4.54782e-06 1.5474e-05 0 0.0119356 0.0288593 0.000347583 47 -0.00609693 0.0178694 0.000480355
114 1 0.361145 0.162547 0 3.90395e-05 1.61089e-05 0 0.0101105 0.0301111 0.00225937 48 -0.00830919 0.0200514 0.0031033
115 1 0.400813 0.16254 0 2.72933e-05 1.34054e-05 0 0.0103519 0.0301873 0.00162167 48 -0.00814619 0.0199622 0.00222921
116 1 0.440486 0.162537 0 1.56246e-05 1.07206e-05 0 0.0105078 0.030241 0.000975619 48 -0.00804334 0.019908 0.0013418
117 1 0.480162 0.162535 0 5.09206e-06 8.87629e-06 0 0.0105843 0.0302686 0.000325597 48 -0.0079936 0.0198825 0.000447913
14 1 0.52 0 0 0 0 0 0.0171695 0.0279229 -0.000373901 28 -0.00121305 0.0140342 -0.000522151
15 1 0.56 0 0 0 0 0 0.0171542 0.0279113 -0.0011241 28 -0.00122163 0.0140396 -0.00156976
16 1 0.6 0 0 0 0 0 0.0171252 0.0278927 -0.00188176 28 -0.00123986 0.0140536 -0.00262767
17 1 0.64 0 0 0 0 0 0.0170863 0.0278763 -0.00265282 28 -0.00127017 0.0140825 -0.00370406
40 1 0.519958 0.0405461 0 -1.08991e-06 2.63013e-06 0 0.0155149 0.0276686 -0.000365393 35 -0.00245576 0.0147677 -0.000508977
41 1 0.559872 0.0405459 0 -1.94599e-06 4.49362e-06 0 0.0154892 0.0276579 -0.0010983 35 -0.00247332 0.0147796 -0.00152978
42 1 0.599786 0.0405457 0 -4.23589e-06 3.66389e-06 0 0.0154384 0.0276409 -0.00183778 35 -0.00251052 0.0148069 -0.00255949
43 1 0.639699 0.0405455 0 -6.00339e-06 3.00608e-06 0 0.0153632 0.0276266 -0.00258878 35 -0.00257197 0.0148574 -0.00360477
66 1 0.519918 0.081112 0 -1.85263e-06 -3.61184e-06 0 0.0135673 0.0278184 -0.000359148 42 -0.0041639 0.0160211 -0.000498472
67 1 0.559752 0.0811121 0 -7.42373e-06 -3.86533e-06 0 0.0135227 0.0278013 -0.00107882 42 -0.00419357 0.0160381 -0.00149719
68 1 0.599585 0.0811125 0 -1.10613e-05 -2.80794e-06 0 0.013432 0.0277703 -0.00180267 42 -0.00425608 0.016076 -0.00250123
69 1 0.639415 0.0811137 0 -1.63513e-05 1.71954e-06 0 0.0132916 0.0277323 -0.00253343 42 -0.00435829 0.0161431 -0.00351395
92 1 0.519877 0.121779 0 -4.54782e-06 1.5474e-05 0 0.0119356 0.0288593 -0.000347583 47 -0.00609693 0.0178694 -0.000480355
93 1 0.559632 0.12178 0 -1.19025e-05 1.55517e-05 0 0.0118727 0.0288366 -0.00104297 47 -0.00613851 0.0178919 -0.00144114
94 1 0.599383 0.121781 0 -2.02441e-05 1.6909e-05 0 0.011744 0.0287935 -0.00173889 47 -0.00622541 0.0179406 -0.00240191
95 1 0.63913 0.121785 0 -2.78042e-05 1.95376e-05 0 0.0115434 0.0287349 -0.00243471 47 -0.00636552 0.0180235 -0.00336115
118 1 0.519838 0.162535 0 -5.09206e-06 8.87629e-06 0 0.0105843 0.0302686 -0.000325597 48 -0.0079936 0.0198825 -0.000447913
119 1 0.559514 0.162537 0 -1.56246e-05 1.07206e-05 0 0.0105078 0.030241 -0.000975619 48 -0.00804334 0.019908 -0.0013418
120 1 0.599187 0.16254 0 -2.72933e-05 1.34054e-05 0 0.0103519 0.0301873 -0.00162167 48 -0.00814619 0.0199622 -0.00222921
121 1 0.638855 0.162547 0 -3.90395e-05 1.61089e-05 0 0.0101105 0.0301111 -0.00225937 48 -0.00830919 0.0200514 -0.0031033
18 1 0.68 0 0 0 0 0 0.0170435 0.027879 -0.00344482 28 -0.00131702 0.0141379 -0.00480931
19 1 0.72 0 0 0 0 0 0.0170061 0.0279282 -0.00426813 28 -0.00138851 0.0142397 -0.00595757
20 1 0.76 0 0 0 0 0 0.0169877 0.0280704 -0.00513767 28 -0.00149992 0.014422 -0.00716909
21 1 0.8 0 0 0 0 0 0.0170096 0.0283891 -0.0060758 28 -0.00168176 0.0147485 -0.00847382
44 1 0.679609 0.0405457 0 -7.50735e-06 6.20241e-06 0 0.0152639 0.0276301 -0.00335709 35 -0.00266608 0.014945 -0.0046733
45 1 0.719515 0.040547 0 -1.006e-05 7.36651e-06 0 0.0151402 0.0276764 -0.00414962 35 -0.00280746 0.0150921 -0.0057741
46 1 0.759416 0.0405501 0 -1.28707e-05 1.00401e-05 0 0.0149878 0.0278043 -0.00497407 35 -0.00302228 0.0153367 -0.00691673
47 1 0.799308 0.0405568 0 -1.61988e-05 9.79572e-06 0 0.0147913 0.028075 -0.00583648 35 -0.00335861 0.0157429 -0.00810733
70 1 0.67924 0.0811164 0 -2.1035e-05 8.36823e-07 0 0.013095 0.0276989 -0.0032733 42 -0.00451237 0.0162537 -0.00453777
71 1 0.719058 0.0811221 0 -2.61075e-05 2.61475e-06 0 0.0128298 0.0276867 -0.00402315 42 -0.00473845 0.0164301 -0.00557293
72 1 0.758864 0.081133 0 -3.19659e-05 5.27042e-06 0 0.0124724 0.027719 -0.00478001 42 -0.00506958 0.016707 -0.00661347
73 1 0.798654 0.0811528 0 -3.69929e-05 1.12972e-05 0 0.0119784 0.0278245 -0.0055308 42 -0.00555968 0.017136 -0.00763805
96 1 0.67887 0.121792 0 -3.73184e-05 2.02151e-05 0 0.0112605 0.0286689 -0.00312787 47 -0.00657221 0.018154 -0.00431443
97 1 0.718599 0.121804 0 -4.56392e-05 2.81637e-05 0 0.0108779 0.0286064 -0.00381218 47 -0.0068662 0.0183517 -0.00525177
98 1 0.758314 0.121825 0 -5.36712e-05 3.22576e-05 0 0.0103674 0.0285595 -0.00447378 47 -0.00727802 0.0186438 -0.00615181
99 1 0.798009 0.121861 0 -6.44522e-05 3.47287e-05 0 0.00968457 0.0285375 -0.00508431 47 -0.00785011 0.0190634 -0.00697187
122 1 0.678514 0.162558 0 -5.00785e-05 2.10444e-05 0 0.00977295 0.0300165 -0.00288137 48 -0.00854364 0.0201857 -0.00395285
123 1 0.718161 0.162578 0 -6.33228e-05 2.62545e-05 0 0.00932338 0.0299086 -0.0034752 48 -0.00886551 0.0203784 -0.00475915
124 1 0.757793 0.162609 0 -7.77136e-05 3.5469e-05 0 0.00873924 0.0297905 -0.00401954 48 -0.00929532 0.0206445 -0.00549054
125 1 0.797404 0.16266 0 -9.19408e-05 4.31788e-05 0 0.00798876 0.0296563 -0.00447897 48 -0.009856 0.0209961 -0.0060951
22 1 0.84 0 0 0 0 0 0.0171125 0.029045 -0.00711889 28 -0.00199247 0.0153417 -0.00991972
23 1 0.88 0 0 0 0 0 0.0173866 0.0303397 -0.00833234 27 -0.00253071 0.0164245 -0.0115923
24 1 0.92 0 0 0 0 0 0.018248 0.0328254 -0.00980759 24 -0.00326346 0.0182583 -0.0136152
25 1 0.96 0 0 0 0 0 0.0206291 0.0370526 -0.011558 20 -0.00371911 0.0207991 -0.0160228
26 1 1 0 0 0 0 0 0.0261533 0.0434888 -0.0133695 16 -0.00277919 0.0234814 -0.018578
48 1 0.839186 0.0405703 0 -1.90966e-05 1.11356e-05 0 0.014515 0.0285833 -0.00673705 35 -0.00390143 0.0164173 -0.00934145
49 1 0.879036 0.040599 0 -2.38891e-05 1.42455e-05 0 0.0140863 0.0294535 -0.00766516 34 -0.00478322 0.0175149 -0.0105958
50 1 0.918833 0.0406613 0 -2.98917e-05 1.8797e-05 0 0.0137069 0.0309062 -0.0086161 30 -0.00595727 0.0191136 -0.0118611
51 1 0.958534 0.0407805 0 -4.06134e-05 2.4374e-05 0 0.0126472 0.0321427 -0.00949955 25 -0.00757518 0.0209284 -0.0130105
52 1 0.998065 0.0409977 0 -5.46327e-05 3.26036e-05 0 0.00495352 0.0285714 -0.0099732 20 -0.0120066 0.022381 -0.013478
74 1 0.838419 0.0811889 0 -4.57092e-05 1.89947e-05 0 0.0112716 0.0280337 -0.00624325 42 -0.00629001 0.017788 -0.00859618
75 1 0.878144 0.081255 0 -5.23748e-05 2.45989e-05 0 0.0102437 0.0283683 -0.00686095 41 -0.00736292 0.0187435 -0.00940111
76 1 0.917811 0.0813758 0 -6.29546e-05 3.57237e-05 0 0.00920738 0.0290506 -0.00739354 36 -0.00863749 0.0200122 -0.0100696
77 1 0.957398 0.0815818 0 -7.6807e-05 4.62657e-05 0 0.00759688 0.0294144 -0.00781504 30 -0.0102026 0.0213308 -0.0105732
78 1 0.996892 0.0818915 0 -9.24503e-05 6.41694e-05 0 0.00300216 0.0274747 -0.00785448 24 -0.0129422 0.0223458 -0.0105019
100 1 0.837675 0.121921 0 -7.36452e-05 4.26625e-05 0 0.00876603 0.0285374 -0.0055932 47 -0.00863314 0.0196428 -0.00763669
101 1 0.877301 0.122022 0 -8.71484e-05 4.99014e-05 0 0.00753861 0.028529 -0.00593024 46 -0.00966952 0.0203938 -0.00804313
102 1 0.916877 0.122188 0 -0.000100836 6.2959e-05 0 0.00624844 0.0286165 -0.00612237 41 -0.0108083 0.0212602 -0.00823625
103 1 0.956394 0.122444 0 -0.000115523 7.84139e-05 0 0.00454511 0.0283653 -0.00623063 34 -0.0120922 0.0220626 -0.00831271
104 1 0.995847 0.122798 0 -0.000134227 9.67554e-05 0 0.000763197 0.0264789 -0.00604783 27 -0.0141723 0.0226245 -0.00796059
126 1 0.836988 0.162741 0 -0.000107276 5.24071e-05 0 0.00703328 0.0294804 -0.00480107 48 -0.0105646 0.02143 -0.00649663
127 1 0.876539 0.162868 0 -0.000123259 6.92839e-05 0 0.00582917 0.0291965 -0.00492691 47 -0.0114187 0.0219094 -0.00661071
128 1 0.91605 0.163062 0 -0.000140772 8.30756e-05 0 0.00451313 0.0287982 -0.00490485 42 -0.0122981 0.022346 -0.00651419
129 1 0.95552 0.163341 0 -0.000159657 0.000103822 0 0.00266009 0.0278839 -0.00481721 35 -0.013328 0.0226359 -0.00633116
130 1 0.994948 0.163703 0 -0.000179429 0.000129379 0 -0.00094173 0.0256317 -0.00452503 28 -0.0150477 0.0227605 -0.00584833
131 1 0.00579858 0.204592 0 0.00022654 0.000163104 0 -0.00195429 0.024957 0.00335595 28 -0.0154624 0.0226807 0.00425886
132 1 0.0452137 0.204247 0 0.000206095 0.000138135 0 0.00134945 0.0273654 0.00365428 35 -0.0140774 0.0228696 0.00472979
133 1 0.0846552 0.203969 0 0.000184267 0.000114733 0 0.00319095 0.0287164 0.00381811 42 -0.0133033 0.0229778 0.00500427
134 1 0.124122 0.203765 0 0.000164172 9.52578e-05 0 0.00444356 0.0294951 0.00394779 47 -0.0126933 0.0229227 0.00523832
135 1 0.163616 0.203623 0 0.000145801 8.22713e-05 0 0.00554628 0.0300262 0.00395635 48 -0.012067 0.0227311 0.00530408
157 1 0.00640538 0.245465 0 0.000276301 0.000199108 0 -0.00249462 0.0244437 0.00243157 28 -0.0155903 0.0224922 0.00302663
158 1 0.0458166 0.245152 0 0.000253164 0.000169661 0 0.000410442 0.0268306 0.00269758 35 -0.0145214 0.0228945 0.00343489
159 1 0.0852405 0.244892 0 0.000230544 0.000147655 0 0.0021541 0.0284473 0.00288241 42 -0.0139763 0.0232963 0.00372536
160 1 0.124677 0.244692 0 0.00020827 0.000126588 0 0.00330641 0.0295072 0.00305678 47 -0.0136075 0.0235523 0.00400903
161 1 0.16413 0.244548 0 0.000185272 0.000110196 0 0.00427839 0.0302443 0.00314089 48 -0.0132071 0.0236255 0.00417045
183 1 0.00689014 0.286325 0 0.000325869 0.000231144 0 -0.00274719 0.0240918 0.00172406 28 -0.0155818 0.0222967 0.00210116
184 1 0.0463008 0.286055 0 0.000300192 0.000201877 0 -0.00022666 0.0263816 0.00194151 35 -0.014774 0.0228366 0.00242886
185 1 0.0857145 0.285823 0 0.000276662 0.000175675 0 0.00138042 0.028141 0.00211501 42 -0.01442 0.0234441 0.00269305
186 1 0.125131 0.285639 0 0.000249687 0.000155164 0 0.00241714 0.0293929 0.00229373 47 -0.0142532 0.0239387 0.00297179
187 1 0.164554 0.285501 0 0.000221993 0.000135931 0 0.00325371 0.0302896 0.00241029 48 -0.0140543 0.0242356 0.00316873
209 1 0.00726873 0.327175 0 0.000372602 0.000267105 0 -0.00283716 0.0238697 0.00119096 28 -0.0155194 0.0221334 0.00141856
210 1 0.0466803 0.326952 0 0.000347128 0.000242962 0 -0.000644743 0.0260396 0.00135793 35 -0.0149135 0.0227581 0.0016669
211 1 0.086088 0.326756 0 0.000318791 0.000216958 0 0.000822987 0.0278641 0.00150438 42 -0.0147091 0.0235037 0.00188561
212 1 0.125491 0.326597 0 0.000290915 0.000198826 0 0.00174776 0.0292395 0.00166415 47 -0.0147021 0.0241729 0.00212904
213 1 0.164893 0.326473 0 0.000261556 0.000180749 0 0.00245993 0.0302533 0.00178412 48 -0.0146706 0.0246476 0.00232196
136 1 0.203135 0.203528 0 0.000126251 6.81884e-05 0 0.00645278 0.0303753 0.00377987 48 -0.0115009 0.0224884 0.00510317
137 1 0.242677 0.203465 0 0.000108807 5.62524e-05 0 0.00719445 0.0306277 0.00345779 48 -0.0110179 0.0222548 0.00469064
138 1 0.282237 0.203424 0 9.21191e-05 5.12886e-05 0 0.00779283 0.0308252 0.00303428 48 -0.010624 0.0220571 0.00412969
139 1 0.321812 0.203398 0 7.5006e-05 4.6356e-05 0 0.00826608 0.0309852 0.00254402 48 -0.0103142 0.0219018 0.00347042
162 1 0.203599 0.244446 0 0.000161854 9.87782e-05 0 0.00509516 0.0307525 0.00306686 48 -0.0128073 0.0235831 0.00410687
163 1 0.243085 0.244376 0 0.000139196 8.68988e-05 0 0.00578436 0.0311221 0.00285669 48 -0.0124362 0.0234908 0.00384783
164 1 0.282586 0.244329 0 0.000117349 7.74674e-05 0 0.00635763 0.0314031 0.00254319 48 -0.0121124 0.0233878 0.00343956
165 1 0.322099 0.244298 0 9.46825e-05 6.42626e-05 0 0.00682292 0.0316211 0.00215617 48 -0.0118437 0.0232933 0.00292451
188 1 0.203986 0.2854 0 0.000196814 0.000119799 0 0.00396717 0.0309344 0.00240068 48 -0.0138175 0.0243792 0.00318811
189 1 0.243428 0.285329 0 0.000169297 0.00010701 0 0.00458406 0.0314126 0.00227385 48 -0.0135684 0.0244305 0.00304085
190 1 0.282881 0.28528 0 0.000141845 9.6978e-05 0 0.0051109 0.0317758 0.00205193 48 -0.0133305 0.0244322 0.00275753
191 1 0.322344 0.285247 0 0.000116284 9.02631e-05 0 0.00554873 0.0320536 0.00175823 48 -0.0131195 0.024411 0.00237105
214 1 0.204298 0.326382 0 0.000231614 0.000166139 0 0.00307272 0.0310083 0.00180896 48 -0.0145784 0.0249506 0.00238235
215 1 0.243707 0.326315 0 0.000201077 0.000152917 0 0.00361319 0.0315802 0.00173942 48 -0.0144452 0.0251331 0.00230963
216 1 0.283123 0.326267 0 0.000170096 0.000139571 0 0.00408533 0.0320178 0.00158906 48 -0.0142948 0.0252364 0.00212216
217 1 0.322544 0.326234 0 0.000139057 0.00013117 0 0.00448597 0.0323521 0.00137486 48 -0.0141469 0.0252904 0.00184361
140 1 0.361398 0.203382 0 5.77911e-05 4.28962e-05 0 0.00862886 0.0311138 0.00201111 48 -0.0100798 0.0217865 0.00274785
141 1 0.400993 0.203372 0 4.20709e-05 3.66621e-05 0 0.00889205 0.0312117 0.00145165 48 -0.00991221 0.0217063 0.00198558
142 1 0.440594 0.203367 0 2.58914e-05 3.48806e-05 0 0.0090633 0.0312779 0.000876447 48 -0.00980449 0.021656 0.00119961
143 1 0.480198 0.203364 0 7.53165e-06 3.4648e-05 0 0.00914785 0.0313114 0.000293007 48 -0.00975178 0.0216318 0.000401168
166 1 0.361623 0.244278 0 7.31377e-05 5.74022e-05 0 0.00718697 0.0317889 0.00171873 48 -0.0116319 0.023216 0.00233587
167 1 0.401154 0.244266 0 5.1049e-05 5.44614e-05 0 0.00745493 0.0319121 0.00124785 48 -0.0114758 0.0231581 0.00169823
168 1 0.44069 0.244258 0 2.98586e-05 4.9221e-05 0 0.00763105 0.0319932 0.000756187 48 -0.0113733 0.02312 0.00102999
169 1 0.48023 0.244255 0 1.14026e-05 4.71151e-05 0 0.00771829 0.0320336 0.000253265 48 -0.0113225 0.0231012 0.000345105
192 1 0.361814 0.285224 0 9.05429e-05 8.23504e-05 0 0.0058976 0.0322631 0.00141279 48 -0.0129448 0.0243829 0.00190984
193 1 0.401291 0.28521 0 6.44552e-05 7.73624e-05 0 0.00615825 0.0324142 0.0010316 48 -0.0128113 0.0243567 0.00139685
194 1 0.440773 0.285202 0 3.8538e-05 7.34093e-05 0 0.00633154 0.0325126 0.000627439 48 -0.0127214 0.0243372 0.000850469
195 1 0.480257 0.285198 0 1.22632e-05 7.23891e-05 0 0.00641795 0.0325612 0.000210513 48 -0.0126763 0.024327 0.000285481
218 1 0.361972 0.326212 0 0.00010762 0.000120464 0 0.00481105 0.0326026 0.00111291 48 -0.0140155 0.0253154 0.00149662
219 1 0.401405 0.326198 0 7.70727e-05 0.000116243 0 0.00505727 0.0327818 0.000816969 48 -0.0139102 0.0253247 0.00110079
220 1 0.440841 0.326189 0 4.64511e-05 0.000108579 0 0.00522235 0.0328974 0.000498608 48 -0.0138372 0.0253269 0.000672643
221 1 0.48028 0.326185 0 1.55824e-05 0.000109 0 0.00530514 0.0329542 0.000167573 48 -0.0137998 0.0253268 0.000226185
144 1 0.519802 0.203364 0 -7.53165e-06 3.4648e-05 0 0.00914785 0.0313114 -0.000293007 48 -0.00975178 0.0216318 -0.000401168
145 1 0.559406 0.203367 0 -2.58914e-05 3.48806e-05 0 0.0090633 0.0312779 -0.000876447 48 -0.00980449 0.021656 -0.00119961
146 1 0.599007 0.203372 0 -4.20709e-05 3.66621e-05 0 0.00889205 0.0312117 -0.00145165 48 -0.00991221 0.0217063 -0.00198558
147 1 0.638602 0.203382 0 -5.77911e-05 4.28962e-05 0 0.00862886 0.0311138 -0.00201111 48 -0.0100798 0.0217865 -0.00274785
170 1 0.51977 0.244255 0 -1.14026e-05 4.71151e-05 0 0.00771829 0.0320336 -0.000253265 48 -0.0113225 0.0231012 -0.000345105
171 1 0.55931 0.244258 0 -2.98586e-05 4.9221e-05 0 0.00763105 0.0319932 -0.000756187 48 -0.0113733 0.02312 -0.00102999
172 1 0.598846 0.244266 0 -5.1049e-05 5.44614e-05 0 0.00745493 0.0319121 -0.00124785 48 -0.0114758 0.0231581 -0.00169823
173 1 0.638377 0.244278 0 -7.31377e-05 5.74022e-05 0 0.00718697 0.0317889 -0.00171873 48 -0.0116319 0.023216 -0.00233587
196 1 0.519743 0.285198 0 -1.22632e-05 7.23891e-05 0 0.00641795 0.0325612 -0.000210513 48 -0.0126763 0.024327 -0.000285481
197 1 0.559227 0.285202 0 -3.8538e-05 7.34093e-05 0 0.00633154 0.0325126 -0.000627439 48 -0.0127214 0.0243372 -0.000850469
198 1 0.598709 0.28521 0 -6.44552e-05 7.73624e-05 0 0.00615825 0.0324142 -0.0010316 48 -0.0128113 0.0243567 -0.00139685
199 1 0.638186 0.285224 0 -9.05429e-05 8.23504e-05 0 0.0058976 0.0322631 -0.00141279 48 -0.0129448 0.0243829 -0.00190984
222 1 0.51972 0.326185 0 -1.55824e-05 0.000109 0 0.00530514 0.0329542 -0.000167573 48 -0.0137998 0.0253268 -0.000226185
223 1 0.559159 0.326189 0 -4.64511e-05 0.000108579 0 0.00522235 0.0328974 -0.000498608 48 -0.0138372 0.0253269 -0.000672643
224 1 0.598595 0.326198 0 -7.70727e-05 0.000116243 0 0.00505727 0.0327818 -0.000816969 48 -0.0139102 0.0253247 -0.00110079
225 1 0.638028 0.326212 0 -0.00010762 0.000120464 0 0.00481105 0.0326026 -0.00111291 48 -0.0140155 0.0253154 -0.00149662
148 1 0.678188 0.203398 0 -7.5006e-05 4.6356e-05 0 0.00826608 0.0309852 -0.00254402 48 -0.0103142 0.0219018 -0.00347042
149 1 0.717763 0.203424 0 -9.21191e-05 5.12886e-05 0 0.00779283 0.0308252 -0.00303428 48 -0.010624 0.0220571 -0.00412969
150 1 0.757323 0.203465 0 -0.000108807 5.62524e-05 0 0.00719445 0.0306277 -0.00345779 48 -0.0110179 0.0222548 -0.00469064
151 1 0.796865 0.203528 0 -0.000126251 6.81884e-05 0 0.00645278 0.0303753 -0.00377987 48 -0.0115009 0.0224884 -0.00510317
174 1 0.677901 0.244298 0 -9.46825e-05 6.42626e-05 0 0.00682292 0.0316211 -0.00215617 48 -0.0118437 0.0232933 -0.00292451
175 1 0.717414 0.244329 0 -0.000117349 7.74674e-05 0 0.00635763 0.0314031 -0.00254319 48 -0.0121124 0.0233878 -0.00343956
176 1 0.756915 0.244376 0 -0.000139196 8.68988e-05 0 0.00578436 0.0311221 -0.00285669 48 -0.0124362 0.0234908 -0.00384783
177 1 0.796401 0.244446 0 -0.000161854 9.87782e-05 0 0.00509516 0.0307525 -0.00306686 48 -0.0128073 0.0235831 -0.00410687
200 1 0.677656 0.285247 0 -0.000116284 9.02631e-05 0 0.00554873 0.0320536 -0.00175823 48 -0.0131195 0.024411 -0.00237105
201 1 0.717119 0.28528 0 -0.000141845 9.6978e-05 0 0.0051109 0.0317758 -0.00205193 48 -0.0133305 0.0244322 -0.00275753
202 1 0.756572 0.285329 0 -0.000169297 0.00010701 0 0.00458406 0.0314126 -0.00227385 48 -0.0135684 0.0244305 -0.00304085
203 1 0.796014 0.2854 0 -0.000196814 0.000119799 0 0.00396717 0.0309344 -0.00240068 48 -0.0138175 0.0243792 -0.00318811
226 1 0.677456 0.326234 0 -0.000139057 0.00013117 0 0.00448597 0.0323521 -0.00137486 48 -0.0141469 0.0252904 -0.00184361
227 1 0.716877 0.326267 0 -0.000170096 0.000139571 0 0.00408533 0.0320178 -0.00158906 48 -0.0142948 0.0252364 -0.00212216
228 1 0.756293 0.326315 0 -0.000201077 0.000152917 0 0.00361319 0.0315802 -0.00173942 48 -0.0144452 0.0251331 -0.00230963
229 1 0.795702 0.326382 0 -0.000231614 0.000166139 0 0.00307272 0.0310083 -0.00180896 48 -0.0145784 0.0249506 -0.00238235
152 1 0.836384 0.203623 0 -0.000145801 8.22713e-05 0 0.00554628 0.0300262 -0.00395635 48 -0.012067 0.0227311 -0.00530408
153 1 0.875878 0.203765 0 -0.000164172 9.52578e-05 0 0.00444356 0.0294951 -0.00394779 47 -0.0126933 0.0229227 -0.00523832
154 1 0.915345 0.203969 0 -0.000184267 0.000114733 0 0.00319095 0.0287164 -0.00381811 42 -0.0133033 0.0229778 -0.00500427
155 1 0.954786 0.204247 0 -0.000206095 0.000138135 0 0.00134945 0.0273654 -0.00365428 35 -0.0140774 0.0228696 -0.00472979
156 1 0.994201 0.204592 0 -0.00022654 0.000163104 0 -0.00195429 0.024957 -0.00335595 28 -0.0154624 0.0226807 -0.00425886
178 1 0.83587 0.244548 0 -0.000185272 0.000110196 0 0.00427839 0.0302443 -0.00314089 48 -0.0132071 0.0236255 -0.00417045
179 1 0.875323 0.244692 0 -0.00020827 0.000126588 0 0.00330641 0.0295072 -0.00305678 47 -0.0136075 0.0235523 -0.00400903
180 1 0.91476 0.244892 0 -0.000230544 0.000147655 0 0.0021541 0.0284473 -0.00288241 42 -0.0139763 0.0232963 -0.00372536
181 1 0.954183 0.245152 0 -0.000253164 0.000169661 0 0.000410442 0.0268306 -0.00269758 35 -0.0145214 0.0228945 -0.00343489
182 1 0.993595 0.245465 0 -0.000276301 0.000199108 0 -0.00249462 0.0244437 -0.00243157 28 -0.0155903 0.0224922 -0.00302663
204 1 0.835446 0.285501 0 -0.000221993 0.000135931 0 0.00325371 0.0302896 -0.00241029 48 -0.0140543 0.0242356 -0.00316873
205 1 0.874869 0.285639 0 -0.000249687 0.000155164 0 0.00241714 0.0293929 -0.00229373 47 -0.0142532 0.0239387 -0.00297179
206 1 0.914285 0.285823 0 -0.000276662 0.000175675 0 0.00138042 0.028141 -0.00211501 42 -0.01442 0.0234441 -0.00269305
207 1 0.953699 0.286055 0 -0.000300192 0.000201877 0 -0.00022666 0.0263816 -0.00194151 35 -0.014774 0.0228366 -0.00242886
208 1 0.99311 0.286325 0 -0.000325869 0.000231144 0 -0.00274719 0.0240918 -0.00172406 28 -0.0155818 0.0222967 -0.00210116
230 1 0.835107 0.326473 0 -0.000261556 0.000180749 0 0.00245993 0.0302533 -0.00178412 48 -0.0146706 0.0246476 -0.00232196
231 1 0.874509 0.326597 0 -0.000290915 0.000198826 0 0.00174776 0.0292395 -0.00166415 47 -0.0147021 0.0241729 -0.00212904
232 1 0.913912 0.326756 0 -0.000318791 0.000216958 0 0.000822987 0.0278641 -0.00150438 42 -0.0147091 0.0235037 -0.00188561
233 1 0.95332 0.326952 0 -0.000347128 0.000242962 0 -0.000644743 0.0260396 -0.00135793 35 -0.0149135 0.0227581 -0.0016669
234 1 0.992731 0.327175 0 -0.000372602 0.000267105 0 -0.00283716 0.0238697 -0.00119096 28 -0.0155194 0.0221334 -0.00141856
235 1 0.00755439 0.368019 0 0.000415102 0.000301131 0 -0.00284287 0.0237382 0.000790689 28 -0.0154434 0.022009 0.00091879
236 1 0.0469673 0.367846 0 0.000389058 0.000272592 0 -0.000912005 0.0257925 0.000911523 35 -0.0149871 0.0226837 0.00109669
237 1 0.0863716 0.36769 0 0.000359852 0.000251688 0 0.000433296 0.0276381 0.00102492 42 -0.0148939 0.0235186 0.00126394
238 1 0.125766 0.367561 0 0.000329617 0.000231916 0 0.00126142 0.0290883 0.00115376 47 -0.0150069 0.0243102 0.00145741
239 1 0.165154 0.367459 0 0.000298206 0.0002137 0 0.00186857 0.0301833 0.00125894 48 -0.0151061 0.0249187 0.00162221
261 1 0.00775759 0.408859 0 0.000453572 0.000338412 0 -0.0028132 0.0236638 0.000486352 28 -0.0153732 0.0219193 0.000550275
262 1 0.0471718 0.408736 0 0.000424352 0.000316786 0 -0.00107537 0.0256223 0.000567167 35 -0.0150218 0.0226218 0.000668326
263 1 0.0865743 0.408624 0 0.00039476 0.000297797 0 0.000173094 0.0274666 0.000646674 42 -0.0150066 0.0235115 0.0007845
264 1 0.125964 0.408529 0 0.000361484 0.000275577 0 0.000925985 0.0289595 0.000739427 47 -0.015204 0.0243843 0.000922375
265 1 0.165342 0.408453 0 0.000326728 0.000261386 0 0.00145276 0.0301081 0.00081932 48 -0.0153981 0.0250872 0.00104556
287 1 0.00788612 0.449696 0 0.000484959 0.000374334 0 -0.00277826 0.0236199 0.00024693 28 -0.0153179 0.0218569 0.000270027
288 1 0.0473014 0.449623 0 0.000454815 0.000355721 0 -0.00116702 0.0255106 0.000293109 35 -0.0150325 0.0225732 0.000336993
289 1 0.0867032 0.449557 0 0.00042298 0.000338906 0 1.43942e-05 0.0273454 0.000339943 42 -0.0150666 0.0234933 0.000404871
290 1 0.12609 0.449499 0 0.00038931 0.000322985 0 0.00071581 0.0288598 0.000395013 47 -0.0153174 0.0244146 0.000486049
291 1 0.165463 0.449452 0 0.000351635 0.000309194 0 0.0011881 0.0300396 0.000443974 48 -0.0155729 0.0251771 0.000560692
313 1 0.00794504 0.490531 0 0.000507901 0.00040952 0 -0.0027484 0.023595 4.59822e-05 28 -0.0152789 0.0218161 4.17572e-05
314 1 0.0473612 0.490509 0 0.000477702 0.000394954 0 -0.00120498 0.025446 6.07044e-05 35 -0.015027 0.022537 6.29008e-05
315 1 0.0867631 0.490488 0 0.000445595 0.000380042 0 -5.93079e-05 0.0272716 7.61249e-05 42 -0.015085 0.0234695 8.48723e-05
316 1 0.126149 0.490469 0 0.000410031 0.000370655 0 0.000615424 0.0287934 9.3274e-05 47 -0.0153615 0.0244128 0.000109705
317 1 0.16552 0.490453 0 0.000372038 0.000355526 0 0.00105988 0.029987 0.000108706 48 -0.0156471 0.0252036 0.000132755
240 1 0.204539 0.367381 0 0.000262199 0.000198456 0 0.00239318 0.0310219 0.00129658 48 -0.0151326 0.0253489 0.00169373
241 1 0.243924 0.367324 0 0.000228307 0.000184469 0 0.00286352 0.0316694 0.00126324 48 -0.0150993 0.0256416 0.00166584
242 1 0.283311 0.367282 0 0.000193577 0.000172633 0 0.00328263 0.0321701 0.00116646 48 -0.0150279 0.0258344 0.00154843
243 1 0.322702 0.367252 0 0.000157639 0.000159517 0 0.00364523 0.0325541 0.00101781 48 -0.0149394 0.0259572 0.00135743
266 1 0.204714 0.408394 0 0.000291288 0.000245905 0 0.00190782 0.0310061 0.000855141 48 -0.0155143 0.0256116 0.00110838
267 1 0.244082 0.40835 0 0.000253475 0.000231818 0 0.00232072 0.0317098 0.000842425 48 -0.0155591 0.0259891 0.00110359
268 1 0.283449 0.408317 0 0.000215833 0.000222823 0 0.00269501 0.0322591 0.000784876 48 -0.0155517 0.026253 0.00103587
269 1 0.322818 0.408293 0 0.000177023 0.00021208 0 0.00302388 0.0326823 0.000689638 48 -0.0155128 0.0264319 0.000914945
292 1 0.204826 0.449415 0 0.000314346 0.000295517 0 0.00159515 0.0309751 0.000468772 48 -0.0157488 0.0257631 0.000602483
293 1 0.244184 0.449386 0 0.000273827 0.000280812 0 0.00196765 0.0317159 0.00046606 48 -0.0158471 0.026198 0.000606159
294 1 0.283539 0.449364 0 0.000231239 0.000266993 0 0.00230928 0.0322981 0.00043731 48 -0.0158846 0.0265109 0.000573449
295 1 0.322893 0.449348 0 0.000191363 0.000256221 0 0.00261299 0.0327483 0.000386286 48 -0.0158813 0.0267297 0.000509447
318 1 0.20488 0.490439 0 0.000331203 0.000342501 0 0.00144223 0.0309404 0.000117612 48 -0.0158529 0.0258201 0.000147051
319 1 0.244233 0.490428 0 0.000289825 0.000334391 0 0.00179347 0.0316998 0.000118776 48 -0.0159787 0.026284 0.000150779
320 1 0.283582 0.490419 0 0.000247592 0.000321474 0 0.00211759 0.0322988 0.000112574 48 -0.0160397 0.0266226 0.000144346
321 1 0.322929 0.490412 0 0.000202725 0.000310604 0 0.00240771 0.0327634 0.000100087 48 -0.0160556 0.0268624 0.000129191
244 1 0.362097 0.367232 0 0.000122186 0.000150375 0 0.00394415 0.0328416 0.00082919 48 -0.0148506 0.0260324 0.00110949
245 1 0.401495 0.367219 0 8.64956e-05 0.000146723 0 0.00417312 0.0330464 0.000611487 48 -0.0147742 0.0260763 0.000820024
246 1 0.440896 0.36721 0 5.1842e-05 0.000139749 0 0.00432795 0.0331782 0.00037429 48 -0.0147189 0.0260999 0.000502641
247 1 0.480298 0.367207 0 1.73729e-05 0.000136517 0 0.00440602 0.0332427 0.000125969 48 -0.0146899 0.0261101 0.000169276
270 1 0.362188 0.408276 0 0.000138425 0.000203472 0 0.00329855 0.0329995 0.000564755 48 -0.0154606 0.0265493 0.00075201
271 1 0.401561 0.408265 0 0.000100517 0.000194954 0 0.00351138 0.0332258 0.000418029 48 -0.0154096 0.0266229 0.000558021
272 1 0.440936 0.408258 0 6.0054e-05 0.000191405 0 0.0036565 0.0333714 0.0002565 48 -0.0153701 0.0266653 0.000342919
273 1 0.480312 0.408255 0 1.93533e-05 0.000191598 0 0.00372995 0.0334426 8.64276e-05 48 -0.0153488 0.0266846 0.000115628
296 1 0.362248 0.449337 0 0.000148446 0.000247924 0 0.00286935 0.0330867 0.000317577 48 -0.015856 0.0268775 0.000420504
297 1 0.401604 0.449329 0 0.000104846 0.000239752 0 0.00306961 0.0333282 0.000235724 48 -0.0158239 0.0269728 0.000312969
298 1 0.440962 0.449324 0 6.37389e-05 0.000234291 0 0.00320689 0.0334836 0.000144876 48 -0.0157963 0.027029 0.000192675
299 1 0.480321 0.449321 0 2.16201e-05 0.000228479 0 0.00327656 0.0335595 4.88434e-05 48 -0.0157807 0.027055 6.50124e-05
322 1 0.362277 0.490406 0 0.000158969 0.000301991 0 0.00265391 0.0331131 8.25656e-05 48 -0.0160449 0.0270267 0.000107053
323 1 0.401625 0.490402 0 0.000113604 0.00029507 0 0.00284687 0.0333628 6.1406e-05 48 -0.0160233 0.0271338 7.9844e-05
324 1 0.440975 0.4904 0 6.7723e-05 0.000291496 0 0.00297956 0.0335235 3.778e-05 48 -0.0160024 0.0271978 4.92074e-05
325 1 0.480325 0.490398 0 2.32218e-05 0.000290665 0 0.00304722 0.0336023 1.27315e-05 48 -0.0159901 0.0272275 1.65983e-05
248 1 0.519702 0.367207 0 -1.73729e-05 0.000136517 0 0.00440602 0.0332427 -0.000125969 48 -0.0146899 0.0261101 -0.000169276
249 1 0.559104 0.36721 0 -5.1842e-05 0.000139749 0 0.00432795 0.0331782 -0.00037429 48 -0.0147189 0.0260999 -0.000502641
250 1 0.598505 0.367219 0 -8.64956e-05 0.000146723 0 0.00417312 0.0330464 -0.000611487 48 -0.0147742 0.0260763 -0.000820024
251 1 0.637903 0.367232 0 -0.000122186 0.000150375 0 0.00394415 0.0328416 -0.00082919 48 -0.0148506 0.0260324 -0.00110949
274 1 0.519688 0.408255 0 -1.93533e-05 0.000191598 0 0.00372995 0.0334426 -8.64276e-05 48 -0.0153488 0.0266846 -0.000115628
275 1 0.559064 0.408258 0 -6.0054e-05 0.000191405 0 0.0036565 0.0333714 -0.0002565 48 -0.0153701 0.0266653 -0.000342919
276 1 0.598439 0.408265 0 -0.000100517 0.000194954 0 0.00351138 0.0332258 -0.000418029 48 -0.0154096 0.0266229 -0.000558021
277 1 0.637812 0.408276 0 -0.000138425 0.000203472 0 0.00329855 0.0329995 -0.000564755 48 -0.0154606 0.0265493 -0.00075201
300 1 0.519679 0.449321 0 -2.16201e-05 0.000228479 0 0.00327656 0.0335595 -4.88434e-05 48 -0.0157807 0.027055 -6.50124e-05
301 1 0.559038 0.449324 0 -6.37389e-05 0.000234291 0 0.00320689 0.0334836 -0.000144876 48 -0.0157963 0.027029 -0.000192675
302 1 0.598396 0.449329 0 -0.000104846 0.000239752 0 0.00306961 0.0333282 -0.000235724 48 -0.0158239 0.0269728 -0.000312969
303 1 0.637752 0.449337 0 -0.000148446 0.000247924 0 0.00286935 0.0330867 -0.000317577 48 -0.015856 0.0268775 -0.000420504
326 1 0.519675 0.490398 0 -2.32218e-05 0.000290665 0 0.00304722 0.0336023 -1.27315e-05 48 -0.0159901 0.0272275 -1.65983e-05
327 1 0.559025 0.4904 0 -6.7723e-05 0.000291496 0 0.00297956 0.0335235 -3.778e-05 48 -0.0160024 0.0271978 -4.92074e-05
328 1 0.598375 0.490402 0 -0.000113604 0.00029507 0 0.00284687 0.0333628 -6.1406e-05 48 -0.0160233 0.0271338 -7.9844e-05
329 1 0.637723 0.490406 0 -0.000158969 0.000301991 0 0.00265391 0.0331131 -8.25656e-05 48 -0.0160449 0.0270267 -0.000107053
252 1 0.677298 0.367252 0 -0.000157639 0.000159517 0 0.00364523 0.0325541 -0.00101781 48 -0.0149394 0.0259572 -0.00135743
253 1 0.716689 0.367282 0 -0.000193577 0.000172633 0 0.00328263 0.0321701 -0.00116646 48 -0.0150279 0.0258344 -0.00154843
254 1 0.756076 0.367324 0 -0.000228307 0.000184469 0 0.00286352 0.0316694 -0.00126324 48 -0.0150993 0.0256416 -0.00166584
255 1 0.795461 0.367381 0 -0.000262199 0.000198456 0 0.00239318 0.0310219 -0.00129658 48 -0.0151326 0.0253489 -0.00169373
278 1 0.677182 0.408293 0 -0.000177023 0.00021208 0 0.00302388 0.0326823 -0.000689638 48 -0.0155128 0.0264319 -0.000914945
279 1 0.716551 0.408317 0 -0.000215833 0.000222823 0 0.00269501 0.0322591 -0.000784876 48 -0.0155517 0.026253 -0.00103587
280 1 0.755918 0.40835 0 -0.000253475 0.000231818 0 0.00232072 0.0317098 -0.000842425 48 -0.0155591 0.0259891 -0.00110359
281 1 0.795286 0.408394 0 -0.000291288 0.000245905 0 0.00190782 0.0310061 -0.000855141 48 -0.0155143 0.0256116 -0.00110838
304 1 0.677107 0.449348 0 -0.000191363 0.000256221 0 0.00261299 0.0327483 -0.000386286 48 -0.0158813 0.0267297 -0.000509447
305 1 0.716461 0.449364 0 -0.000231239 0.000266993 0 0.00230928 0.0322981 -0.00043731 48 -0.0158846 0.0265109 -0.000573449
306 1 0.755816 0.449386 0 -0.000273827 0.000280812 0 0.00196765 0.0317159 -0.00046606 48 -0.0158471 0.026198 -0.000606159
307 1 0.795174 0.449415 0 -0.000314346 0.000295517 0 0.00159515 0.0309751 -0.000468772 48 -0.0157488 0.0257631 -0.000602483
330 1 0.677071 0.490412 0 -0.000202725 0.000310604 0 0.00240771 0.0327634 -0.000100087 48 -0.0160556 0.0268624 -0.000129191
331 1 0.716418 0.490419 0 -0.000247592 0.000321474 0 0.00211759 0.0322988 -0.000112574 48 -0.0160397 0.0266226 -0.000144346
332 1 0.755767 0.490428 0 -0.000289825 0.000334391 0 0.00179347 0.0316998 -0.000118776 48 -0.0159787 0.026284 -0.000150779
333 1 0.79512 0.490439 0 -0.000331203 0.000342501 0 0.00144223 0.0309404 -0.000117612 48 -0.0158529 0.0258201 -0.000147051
256 1 0.834846 0.367459 0 -0.000298206 0.0002137 0 0.00186857 0.0301833 -0.00125894 48 -0.0151061 0.0249187 -0.00162221
257 1 0.874234 0.367561 0 -0.000329617 0.000231916 0 0.00126142 0.0290883 -0.00115376 47 -0.0150069 0.0243102 -0.00145741
258 1 0.913628 0.36769 0 -0.000359852 0.000251688 0 0.000433296 0.0276381 -0.00102492 42 -0.0148939 0.0235186 -0.00126394
259 1 0.953033 0.367846 0 -0.000389058 0.000272592 0 -0.000912005 0.0257925 -0.000911523 35 -0.0149871 0.0226837 -0.00109669
260 1 0.992446 0.368019 0 -0.000415102 0.000301131 0 -0.00284287 0.0237382 -0.000790689 28 -0.0154434 0.022009 -0.00091879
282 1 0.834658 0.408453 0 -0.000326728 0.000261386 0 0.00145276 0.0301081 -0.00081932 48 -0.0153981 0.0250872 -0.00104556
283 1 0.874036 0.408529 0 -0.000361484 0.000275577 0 0.000925985 0.0289595 -0.000739427 47 -0.015204 0.0243843 -0.000922375
284 1 0.913426 0.408624 0 -0.00039476 0.000297797 0 0.000173094 0.0274666 -0.000646674 42 -0.0150066 0.0235115 -0.0007845
285 1 0.952828 0.408736 0 -0.000424352 0.000316786 0 -0.00107537 0.0256223 -0.000567167 35 -0.0150218 0.0226218 -0.000668326
286 1 0.992242 0.408859 0 -0.000453572 0.000338412 0 -0.0028132 0.0236638 -0.000486352 28 -0.0153732 0.0219193 -0.000550275
308 1 0.834537 0.449452 0 -0.000351635 0.000309194 0 0.0011881 0.0300396 -0.000443974 48 -0.0155729 0.0251771 -0.000560692
309 1 0.87391 0.449499 0 -0.00038931 0.000322985 0 0.00071581 0.0288598 -0.000395013 47 -0.0153174 0.0244146 -0.000486049
310 1 0.913297 0.449557 0 -0.00042298 0.000338906 0 1.43942e-05 0.0273454 -0.000339943 42 -0.0150666 0.0234933 -0.000404871
311 1 0.952699 0.449623 0 -0.000454815 0.000355721 0 -0.00116702 0.0255106 -0.000293109 35 -0.0150325 0.0225732 -0.000336993
312 1 0.992114 0.449696 0 -0.000484959 0.000374334 0 -0.00277826 0.0236199 -0.00024693 28 -0.0153179 0.0218569 -0.000270027
334 1 0.83448 0.490453 0 -0.000372038 0.000355526 0 0.00105988 0.029987 -0.000108706 48 -0.0156471 0.0252036 -0.000132755
335 1 0.873851 0.490469 0 -0.000410031 0.000370655 0 0.000615424 0.0287934 -9.3274e-05 47 -0.0153615 0.0244128 -0.000109705
336 1 0.913237 0.490488 0 -0.000445595 0.000380042 0 -5.93079e-05 0.0272716 -7.61249e-05 42 -0.015085 0.0234695 -8.48723e-05
337 1 0.952639 0.490509 0 -0.000477702 0.000394954 0 -0.00120498 0.025446 -6.07044e-05 35 -0.015027 0.022537 -6.29008e-05
338 1 0.992055 0.490531 0 -0.000507901 0.00040952 0 -0.0027484 0.023595 -4.59822e-05 28 -0.0152789 0.0218161 -4.17572e-05
339 2 0.00793714 0.531366 0 0.000523449 0.000450966 0 -0.00273436 0.0235787 -0.000142202 28 -0.0152588 0.0217937 -0.000169121
340 2 0.047354 0.531394 0 0.000493696 0.00044178 0 -0.00119804 0.0254227 -0.000156849 35 -0.0150087 0.0225125 -0.000190895
341 2 0.0867566 0.531418 0 0.000459979 0.000432664 0 -5.60968e-05 0.0272434 -0.000172289 42 -0.0150671 0.0234429 -0.000213878
342 2 0.126143 0.531438 0 0.00042371 0.000421205 0 0.000616961 0.028762 -0.000192899 47 -0.0153433 0.0243842 -0.000244959
343 2 0.165515 0.531454 0 0.000385874 0.00041034 0 0.00106047 0.0299542 -0.000211666 48 -0.0156288 0.0251742 -0.000274233
365 2 0.00786274 0.572199 0 0.000532302 0.000488916 0 -0.00273702 0.0235704 -0.000339806 28 -0.0152578 0.0217898 -0.000393272
366 2 0.04728 0.572277 0 0.000501386 0.000481637 0 -0.0011469 0.0254404 -0.000385379 35 -0.0149783 0.0225002 -0.00046018
367 2 0.0866839 0.572348 0 0.000467033 0.00047932 0 2.31232e-05 0.0272603 -0.000432132 42 -0.0150135 0.0234136 -0.000528854
368 2 0.126073 0.572406 0 0.000430063 0.000469211 0 0.000719397 0.0287654 -0.000490422 47 -0.0152634 0.0243295 -0.000615903
369 2 0.165448 0.572452 0 0.000390819 0.000464735 0 0.00118834 0.0299404 -0.00054257 48 -0.0155189 0.0250894 -0.000696489
391 2 0.00771976 0.613033 0 0.000533298 0.000529698 0 -0.00274794 0.0235801 -0.00057178 28 -0.0152749 0.0218085 -0.000664309
392 2 0.0471373 0.613161 0 0.000499441 0.000529427 0 -0.00104317 0.0255061 -0.000651656 35 -0.0149329 0.0225016 -0.000781749
393 2 0.0865433 0.613276 0 0.000466155 0.000528607 0 0.000186055 0.0273258 -0.000730842 42 -0.0149199 0.0233805 -0.000898334
394 2 0.125936 0.613371 0 0.000429773 0.000524938 0 0.000930563 0.0288043 -0.000826466 47 -0.0151162 0.024245 -0.00104146
395 2 0.165319 0.613446 0 0.000389097 0.000518345 0 0.0014517 0.0299451 -0.000909307 48 -0.0153105 0.024944 -0.0011701
417 2 0.00750376 0.653868 0 0.000523928 0.000570205 0 -0.00275408 0.0236226 -0.000864628 28 -0.0153087 0.0218565 -0.00101868
418 2 0.0469212 0.654046 0 0.000492183 0.000575411 0 -0.000869892 0.0256321 -0.00098429 35 -0.0148661 0.0225188 -0.00119545
419 2 0.0863302 0.654203 0 0.00045889 0.00057643 0 0.000448888 0.0274446 -0.00109697 42 -0.0147764 0.0233396 -0.0013624
420 2 0.12573 0.654333 0 0.000422629 0.000578804 0 0.00126518 0.0288757 -0.00122821 47 -0.0148884 0.0241206 -0.00156024
421 2 0.165123 0.654433 0 0.000384369 0.000575778 0 0.00186426 0.0299607 -0.00133617 48 -0.0149885 0.0247244 -0.00172996
344 2 0.204876 0.531464 0 0.000344114 0.000400193 0 0.00144161 0.0309069 -0.000220296 48 -0.0158352 0.0257907 -0.000289527
345 2 0.244229 0.531471 0 0.000301257 0.000389603 0 0.00179143 0.0316659 -0.000217321 48 -0.015962 0.0262552 -0.00028854
346 2 0.283579 0.531475 0 0.00025839 0.000378254 0 0.00211422 0.0322653 -0.000203136 48 -0.0160242 0.0265948 -0.000271698
347 2 0.322927 0.531478 0 0.000212378 0.000369871 0 0.00240282 0.0327303 -0.000179227 48 -0.0160414 0.0268358 -0.000241013
370 2 0.204814 0.572486 0 0.000348793 0.00045694 0 0.00159194 0.0308738 -0.000567232 48 -0.0156964 0.0256754 -0.000739338
371 2 0.244174 0.572511 0 0.000305698 0.000442205 0 0.00196064 0.0316146 -0.000560597 48 -0.0157976 0.0261121 -0.000738525
372 2 0.283531 0.572528 0 0.00025983 0.000435625 0 0.00229824 0.0321979 -0.000524257 48 -0.0158388 0.0264282 -0.00069589
373 2 0.322887 0.572539 0 0.000214828 0.000424496 0 0.00259805 0.03265 -0.0004624 48 -0.0158396 0.0266505 -0.000617099
396 2 0.204694 0.613502 0 0.000349143 0.000512941 0 0.00190091 0.0308399 -0.000945078 48 -0.0154294 0.0254685 -0.00123395
397 2 0.244065 0.613543 0 0.000305663 0.000506104 0 0.0023075 0.0315436 -0.000928959 48 -0.0154792 0.0258493 -0.00122524
398 2 0.283436 0.613571 0 0.000260885 0.000499007 0 0.00267494 0.0320945 -0.000864624 48 -0.015478 0.0261181 -0.00114857
399 2 0.322807 0.61359 0 0.000214659 0.000490709 0 0.00299731 0.0325206 -0.000759506 48 -0.0154458 0.0263031 -0.00101409
422 2 0.204512 0.654508 0 0.000343688 0.000570561 0 0.00238053 0.0307951 -0.0013741 48 -0.0150192 0.0251553 -0.00180273
423 2 0.243902 0.654562 0 0.000301062 0.000566227 0 0.00284182 0.0314424 -0.0013382 48 -0.0149929 0.0254527 -0.00177183
424 2 0.283294 0.6546 0 0.000257647 0.000554027 0 0.00325188 0.0319457 -0.00123589 48 -0.0149301 0.0256525 -0.00164702
425 2 0.322688 0.654625 0 0.000213285 0.000550582 0 0.00360554 0.0323336 -0.00107888 48 -0.0148507 0.0257835 -0.00144445
348 2 0.362275 0.531479 0 0.000165282 0.000361797 0 0.00264758 0.0330804 -0.00014743 48 -0.0160321 0.0270011 -0.000199013
349 2 0.401624 0.531479 0 0.000120286 0.000352222 0 0.00283961 0.0333308 -0.000109528 48 -0.0160116 0.0271094 -0.000148242
350 2 0.440974 0.531478 0 7.2537e-05 0.000347397 0 0.00297161 0.033492 -6.73704e-05 48 -0.0159916 0.0271741 -9.13445e-05
351 2 0.480325 0.531478 0 2.27687e-05 0.000343848 0 0.00303884 0.0335709 -2.27355e-05 48 -0.0159797 0.0272043 -3.08517e-05
374 2 0.362243 0.572546 0 0.000168314 0.000417356 0 0.00285087 0.0329904 -0.000379965 48 -0.0158182 0.026802 -0.000509043
375 2 0.401601 0.57255 0 0.000119301 0.000411924 0 0.00304817 0.0332339 -0.000282015 48 -0.0157895 0.0269005 -0.000378817
376 2 0.44096 0.572552 0 7.17653e-05 0.000408919 0 0.00318335 0.0333906 -0.000173366 48 -0.0157643 0.0269591 -0.000233261
377 2 0.48032 0.572553 0 2.49466e-05 0.000406168 0 0.00325203 0.0334674 -5.84722e-05 48 -0.01575 0.0269864 -7.87368e-05
400 2 0.362181 0.613603 0 0.000168551 0.000483093 0 0.00326622 0.0328413 -0.000622149 48 -0.0154001 0.0264265 -0.000833689
401 2 0.401556 0.61361 0 0.000120981 0.000476103 0 0.00347424 0.0330706 -0.000460718 48 -0.0153545 0.0265053 -0.000618904
402 2 0.440933 0.613615 0 7.28253e-05 0.000470912 0 0.00361592 0.0332183 -0.000282774 48 -0.0153189 0.0265515 -0.000380456
403 2 0.480311 0.613616 0 2.43198e-05 0.000470069 0 0.00368759 0.0332907 -9.5291e-05 48 -0.0152996 0.0265728 -0.000128304
426 2 0.362086 0.654641 0 0.000166048 0.000542892 0 0.0038964 0.0326254 -0.000879502 48 -0.0147706 0.0258669 -0.00118136
427 2 0.401488 0.654651 0 0.000120178 0.000539786 0 0.0041191 0.0328345 -0.000649 48 -0.0147016 0.0259179 -0.000873707
428 2 0.440892 0.654657 0 7.25548e-05 0.000536981 0 0.00426961 0.0329696 -0.000397441 48 -0.0146515 0.0259467 -0.000535795
429 2 0.480297 0.654659 0 2.38846e-05 0.000533152 0 0.00434545 0.0330359 -0.000133793 48 -0.0146253 0.0259597 -0.000180487
352 2 0.519675 0.531478 0 -2.27687e-05 0.000343848 0 0.00303884 0.0335709 2.27355e-05 48 -0.0159797 0.0272043 3.08517e-05
353 2 0.559026 0.531478 0 -7.2537e-05 0.000347397 0 0.00297161 0.033492 6.73704e-05 48 -0.0159916 0.0271741 9.13445e-05
354 2 0.598376 0.531479 0 -0.000120286 0.000352222 0 0.00283961 0.0333308 0.000109528 48 -0.0160116 0.0271094 0.000148242
355 2 0.637725 0.531479 0 -0.000165282 0.000361797 0 0.00264758 0.0330804 0.00014743 48 -0.0160321 0.0270011 0.000199013
378 2 0.51968 0.572553 0 -2.49466e-05 0.000406168 0 0.00325203 0.0334674 5.84722e-05 48 -0.01575 0.0269864 7.87368e-05
379 2 0.55904 0.572552 0 -7.17653e-05 0.000408919 0 0.00318335 0.0333906 0.000173366 48 -0.0157643 0.0269591 0.000233261
380 2 0.598399 0.57255 0 -0.000119301 0.000411924 0 0.00304817 0.0332339 0.000282015 48 -0.0157895 0.0269005 0.000378817
381 2 0.637757 0.572546 0 -0.000168314 0.000417356 0 0.00285087 0.0329904 0.000379965 48 -0.0158182 0.026802 0.000509043
404 2 0.519689 0.613616 0 -2.43198e-05 0.000470069 0 0.00368759 0.0332907 9.5291e-05 48 -0.0152996 0.0265728 0.000128304
405 2 0.559067 0.613615 0 -7.28253e-05 0.000470912 0 0.00361592 0.0332183 0.000282774 48 -0.0153189 0.0265515 0.000380456
406 2 0.598444 0.61361 0 -0.000120981 0.000476103 0 0.00347424 0.0330706 0.000460718 48 -0.0153545 0.0265053 0.000618904
407 2 0.637819 0.613603 0 -0.000168551 0.000483093 0 0.00326622 0.0328413 0.000622149 48 -0.0154001 0.0264265 0.000833689
430 2 0.519703 0.654659 0 -2.38846e-05 0.000533152 0 0.00434545 0.0330359 0.000133793 48 -0.0146253 0.0259597 0.000180487
431 2 0.559108 0.654657 0 -7.25548e-05 0.000536981 0 0.00426961 0.0329696 0.000397441 48 -0.0146515 0.0259467 0.000535795
432 2 0.598512 0.654651 0 -0.000120178 0.000539786 0 0.0041191 0.0328345 0.000649 48 -0.0147016 0.0259179 0.000873707
433 2 0.637914 0.654641 0 -0.000166048 0.000542892 0 0.0038964 0.0326254 0.000879502 48 -0.0147706 0.0258669 0.00118136
356 2 0.677073 0.531478 0 -0.000212378 0.000369871 0 0.00240282 0.0327303 0.000179227 48 -0.0160414 0.0268358 0.000241013
357 2 0.716421 0.531475 0 -0.00025839 0.000378254 0 0.00211422 0.0322653 0.000203136 48 -0.0160242 0.0265948 0.000271698
358 2 0.755771 0.531471 0 -0.000301257 0.000389603 0 0.00179143 0.0316659 0.000217321 48 -0.015962 0.0262552 0.00028854
359 2 0.795124 0.531464 0 -0.000344114 0.000400193 0 0.00144161 0.0309069 0.000220296 48 -0.0158352 0.0257907 0.000289527
382 2 0.677113 0.572539 0 -0.000214828 0.000424496 0 0.00259805 0.03265 0.0004624 48 -0.0158396 0.0266505 0.000617099
383 2 0.716469 0.572528 0 -0.00025983 0.000435625 0 0.00229824 0.0321979 0.000524257 48 -0.0158388 0.0264282 0.00069589
384 2 0.755826 0.572511 0 -0.000305698 0.000442205 0 0.00196064 0.0316146 0.000560597 48 -0.0157976 0.0261121 0.000738525
385 2 0.795186 0.572486 0 -0.000348793 0.00045694 0 0.00159194 0.0308738 0.000567232 48 -0.0156964 0.0256754 0.000739338
408 2 0.677193 0.61359 0 -0.000214659 0.000490709 0 0.00299731 0.0325206 0.000759506 48 -0.0154458 0.0263031 0.00101409
409 2 0.716564 0.613571 0 -0.000260885 0.000499007 0 0.00267494 0.0320945 0.000864624 48 -0.015478 0.0261181 0.00114857
410 2 0.755935 0.613543 0 -0.000305663 0.000506104 0 0.0023075 0.0315436 0.000928959 48 -0.0154792 0.0258493 0.00122524
411 2 0.795306 0.613502 0 -0.000349143 0.000512941 0 0.00190091 0.0308399 0.000945078 48 -0.0154294 0.0254685 0.00123395
434 2 0.677312 0.654625 0 -0.000213285 0.000550582 0 0.00360554 0.0323336 0.00107888 48 -0.0148507 0.0257835 0.00144445
435 2 0.716706 0.6546 0 -0.000257647 0.000554027 0 0.00325188 0.0319457 0.00123589 48 -0.0149301 0.0256525 0.00164702
436 2 0.756098 0.654562 0 -0.000301062 0.000566227 0 0.00284182 0.0314424 0.0013382 48 -0.0149929 0.0254527 0.00177183
437 2 0.795488 0.654508 0 -0.000343688 0.000570561 0 0.00238053 0.0307951 0.0013741 48 -0.0150192 0.0251553 0.00180273
360 2 0.834485 0.531454 0 -0.000385874 0.00041034 0 0.00106047 0.0299542 0.000211666 48 -0.0156288 0.0251742 0.000274233
361 2 0.873857 0.531438 0 -0.00042371 0.000421205 0 0.000616961 0.028762 0.000192899 47 -0.0153433 0.0243842 0.000244959
362 2 0.913243 0.531418 0 -0.000459979 0.000432664 0 -5.60968e-05 0.0272434 0.000172289 42 -0.0150671 0.0234429 0.000213878
363 2 0.952646 0.531394 0 -0.000493696 0.00044178 0 -0.00119804 0.0254227 0.000156849 35 -0.0150087 0.0225125 0.000190895
364 2 0.992063 0.531366 0 -0.000523449 0.000450966 0 -0.00273436 0.0235787 0.000142202 28 -0.0152588 0.0217937 0.000169121
386 2 0.834552 0.572452 0 -0.000390819 0.000464735 0 0.00118834 0.0299404 0.00054257 48 -0.0155189 0.0250894 0.000696489
387 2 0.873927 0.572406 0 -0.000430063 0.000469211 0 0.000719397 0.0287654 0.000490422 47 -0.0152634 0.0243295 0.000615903
388 2 0.913316 0.572348 0 -0.000467033 0.00047932 0 2.31232e-05 0.0272603 0.000432132 42 -0.0150135 0.0234136 0.000528854
389 2 0.95272 0.572277 0 -0.000501386 0.000481637 0 -0.0011469 0.0254404 0.000385379 35 -0.0149783 0.0225002 0.00046018
390 2 0.992137 0.572199 0 -0.000532302 0.000488916 0 -0.00273702 0.0235704 0.000339806 28 -0.0152578 0.0217898 0.000393272
412 2 0.834681 0.613446 0 -0.000389097 0.000518345 0 0.0014517 0.0299451 0.000909307 48 -0.0153105 0.024944 0.0011701
413 2 0.874064 0.613371 0 -0.000429773 0.000524938 0 0.000930563 0.0288043 0.000826466 47 -0.0151162 0.024245 0.00104146
414 2 0.913457 0.613276 0 -0.000466155 0.000528607 0 0.000186055 0.0273258 0.000730842 42 -0.0149199 0.0233805 0.000898334
415 2 0.952863 0.613161 0 -0.000499441 0.000529427 0 -0.00104317 0.0255061 0.000651656 35 -0.0149329 0.0225016 0.000781749
416 2 0.99228 0.613033 0 -0.000533298 0.000529698 0 -0.00274794 0.0235801 0.00057178 28 -0.0152749 0.0218085 0.000664309
438 2 0.834877 0.654433 0 -0.000384369 0.000575778 0 0.00186426 0.0299607 0.00133617 48 -0.0149885 0.0247244 0.00172996
439 2 0.87427 0.654333 0 -0.000422629 0.000578804 0 0.00126518 0.0288757 0.00122821 47 -0.0148884 0.0241206 0.00156024
440 2 0.91367 0.654203 0 -0.00045889 0.00057643 0 0.000448888 0.0274446 0.00109697 42 -0.0147764 0.0233396 0.0013624
441 2 0.953079 0.654046 0 -0.000492183 0.000575411 0 -0.000869892 0.0256321 0.00098429 35 -0.0148661 0.0225188 0.00119545
442 2 0.992496 0.653868 0 -0.000523928 0.000570205 0 -0.00275408 0.0236226 0.000864628 28 -0.0153087 0.0218565 0.00101868
443 2 0.00720762 0.694706 0 0.000507735 0.000610532 0 -0.00272927 0.0237219 -0.00125009 28 -0.0153515 0.0219413 -0.00150006
444 2 0.0466249 0.694932 0 0.000475851 0.000620963 0 -0.000597101 0.0258354 -0.00141509 35 -0.0147639 0.0225512 -0.00174584
445 2 0.0860384 0.695129 0 0.000439617 0.00062867 0 0.000837549 0.0276202 -0.00156039 42 -0.0145647 0.0232807 -0.0019635
446 2 0.125448 0.695288 0 0.000403465 0.000632419 0 0.00174675 0.0289723 -0.00172206 47 -0.0145575 0.0239379 -0.00221033
447 2 0.164856 0.69541 0 0.000366513 0.000632785 0 0.00244794 0.0299742 -0.00184462 48 -0.0145282 0.0244079 -0.00240757
469 2 0.00682147 0.735549 0 0.000481388 0.000656116 0 -0.00262609 0.0239115 -0.00176422 28 -0.0153851 0.0220679 -0.00215877
470 2 0.0462388 0.73582 0 0.000449076 0.000670485 0 -0.000177592 0.0261361 -0.00197874 35 -0.0146003 0.0225921 -0.00248235
471 2 0.0856593 0.736053 0 0.000416936 0.000681281 0 0.00139007 0.0278509 -0.00215099 42 -0.0142539 0.0231827 -0.00274498
472 2 0.125083 0.736236 0 0.000381661 0.000683423 0 0.00240802 0.0290776 -0.00233127 47 -0.0140885 0.0236655 -0.00302626
473 2 0.164513 0.736372 0 0.000344847 0.000687398 0 0.00323103 0.0299618 -0.00245046 48 -0.0138935 0.0239587 -0.00322715
495 2 0.00633263 0.7764 0 0.000447023 0.000699144 0 -0.00236781 0.0242311 -0.00244832 28 -0.0153704 0.0222307 -0.00305441
496 2 0.0457513 0.776712 0 0.000412393 0.000716897 0 0.000454941 0.0265467 -0.0027111 35 -0.0143297 0.0226179 -0.00345765
497 2 0.0851828 0.776972 0 0.000380057 0.000729922 0 0.00215418 0.0281168 -0.00289462 42 -0.0137952 0.0230039 -0.0037461
498 2 0.124627 0.777171 0 0.000347597 0.000741141 0 0.00328471 0.0291513 -0.00307053 47 -0.0134301 0.0232498 -0.00403181
499 2 0.164087 0.777314 0 0.000312468 0.000744637 0 0.00424037 0.0298761 -0.00315775 48 -0.013036 0.0233212 -0.00419734
521 2 0.00572575 0.817262 0 0.000400584 0.000743488 0 -0.00183035 0.024714 -0.00334494 28 -0.015227 0.0223922 -0.00425094
522 2 0.045149 0.817606 0 0.00036901 0.00076836 0 0.0013819 0.0270475 -0.00364005 35 -0.0138756 0.0225683 -0.004716
523 2 0.0845984 0.817883 0 0.000336931 0.000779939 0 0.00317631 0.0283535 -0.00380334 42 -0.0131153 0.022664 -0.00498906
524 2 0.124073 0.818085 0 0.000305415 0.000792312 0 0.00440481 0.0291088 -0.00393526 47 -0.0125121 0.0226022 -0.00522553
525 2 0.163574 0.818225 0 0.000274838 0.000794983 0 0.00548875 0.0296291 -0.00394806 48 -0.011895 0.022412 -0.00529647
448 2 0.204266 0.695499 0 0.000325667 0.0006291 0 0.00305003 0.0307247 -0.00187029 48 -0.0144419 0.0247126 -0.00246961
449 2 0.243681 0.695562 0 0.000285432 0.000625172 0 0.0035794 0.031297 -0.00179928 48 -0.0143177 0.0249014 -0.00239513
450 2 0.283102 0.695606 0 0.000243981 0.000620441 0 0.00404034 0.0317383 -0.00164499 48 -0.0141781 0.0250139 -0.00220227
451 2 0.322528 0.695635 0 0.000200411 0.000615053 0 0.00443031 0.0320778 -0.00142449 48 -0.0140414 0.0250783 -0.00191482
474 2 0.203951 0.73647 0 0.000308267 0.000686826 0 0.00393153 0.0306024 -0.00244252 48 -0.0136645 0.0241056 -0.00324899
475 2 0.2434 0.736538 0 0.000269535 0.000682466 0 0.0045353 0.0310817 -0.00231578 48 -0.0134265 0.024165 -0.00310184
476 2 0.282859 0.736584 0 0.000229174 0.00067941 0 0.00504902 0.0314492 -0.00209202 48 -0.0132013 0.0241777 -0.00281582
477 2 0.322326 0.736614 0 0.000189057 0.000673536 0 0.00547453 0.031733 -0.00179445 48 -0.0130035 0.0241687 -0.00242367
500 2 0.203564 0.777413 0 0.00027844 0.000744419 0 0.00504194 0.0303806 -0.00308674 48 -0.0126462 0.0232841 -0.00413768
501 2 0.243056 0.77748 0 0.000243765 0.000742288 0 0.00571624 0.030752 -0.00287867 48 -0.012288 0.0232018 -0.00388125
502 2 0.282563 0.777524 0 0.000208446 0.000738454 0 0.00627538 0.0310384 -0.00256584 48 -0.0119785 0.0231114 -0.00347353
503 2 0.322081 0.777552 0 0.00017235 0.000734398 0 0.00672767 0.0312634 -0.0021778 48 -0.0117241 0.0230304 -0.00295666
526 2 0.203101 0.818318 0 0.000243379 0.0007953 0 0.00637831 0.0299755 -0.00377646 48 -0.0113412 0.0221769 -0.00510172
527 2 0.242649 0.818379 0 0.000211632 0.000796626 0 0.00710415 0.0302308 -0.00345889 48 -0.0108725 0.021955 -0.00469492
528 2 0.282215 0.818418 0 0.000180175 0.000793792 0 0.00768788 0.0304342 -0.00303884 48 -0.0104938 0.021771 -0.00413829
529 2 0.321795 0.818441 0 0.000148333 0.000793713 0 0.00814797 0.0306017 -0.00255063 48 -0.0101988 0.0216299 -0.00348138
452 2 0.36196 0.695654 0 0.000157616 0.000609827 0 0.00474597 0.032334 -0.00115404 48 -0.0139207 0.0251133 -0.00155573
453 2 0.401397 0.695665 0 0.000112671 0.000604089 0 0.00498441 0.0325181 -0.00084776 48 -0.0138243 0.0251313 -0.00114509
454 2 0.440837 0.695671 0 6.77336e-05 0.000601571 0 0.00514408 0.0326376 -0.000517637 48 -0.0137577 0.0251397 -0.000700045
455 2 0.480279 0.695674 0 2.28063e-05 0.000602245 0 0.00522417 0.0326964 -0.000173996 48 -0.0137237 0.0251429 -0.00023545
478 2 0.361801 0.736633 0 0.000147981 0.00067121 0 0.00581269 0.031949 -0.00144327 48 -0.0128409 0.0241521 -0.0019541
479 2 0.401282 0.736644 0 0.000106472 0.000663647 0 0.00606467 0.0321059 -0.00105471 48 -0.0127175 0.0241357 -0.00143039
480 2 0.440768 0.73665 0 6.40203e-05 0.000663118 0 0.00623181 0.0322085 -0.000641839 48 -0.0126349 0.0241234 -0.000871359
481 2 0.480256 0.736653 0 2.10593e-05 0.000658679 0 0.006315 0.0322592 -0.000215401 48 -0.0125936 0.0241169 -0.000292567
504 2 0.361609 0.77757 0 0.000135628 0.000731473 0 0.00708022 0.0314383 -0.00173766 48 -0.0115255 0.0229657 -0.00236385
505 2 0.401145 0.77758 0 9.67602e-05 0.000731946 0 0.00733924 0.031568 -0.0012626 48 -0.0113802 0.0229186 -0.00171995
506 2 0.440685 0.777585 0 5.8413e-05 0.000731206 0 0.00750922 0.0316541 -0.000765541 48 -0.0112853 0.0228882 -0.00104372
507 2 0.480228 0.777588 0 2.02314e-05 0.000730134 0 0.00759342 0.0316972 -0.000256455 48 -0.0112386 0.0228735 -0.000349781
530 2 0.361386 0.818456 0 0.000114648 0.000788122 0 0.00849965 0.0307381 -0.00201822 48 -0.00997777 0.0215279 -0.00275907
531 2 0.400985 0.818463 0 8.29105e-05 0.000784894 0 0.00875403 0.0308429 -0.00145788 48 -0.00982113 0.0214586 -0.00199518
532 2 0.440589 0.818468 0 4.96105e-05 0.000780099 0 0.00891927 0.0309141 -0.000880644 48 -0.00972112 0.0214162 -0.00120601
533 2 0.480196 0.818469 0 1.60061e-05 0.00077975 0 0.00900067 0.0309502 -0.000294463 48 -0.00967241 0.021396 -0.000403386
456 2 0.519721 0.695674 0 -2.28063e-05 0.000602245 0 0.00522417 0.0326964 0.000173996 48 -0.0137237 0.0251429 0.00023545
457 2 0.559163 0.695671 0 -6.77336e-05 0.000601571 0 0.00514408 0.0326376 0.000517637 48 -0.0137577 0.0251397 0.000700045
458 2 0.598603 0.695665 0 -0.000112671 0.000604089 0 0.00498441 0.0325181 0.00084776 48 -0.0138243 0.0251313 0.00114509
459 2 0.63804 0.695654 0 -0.000157616 0.000609827 0 0.00474597 0.032334 0.00115404 48 -0.0139207 0.0251133 0.00155573
482 2 0.519744 0.736653 0 -2.10593e-05 0.000658679 0 0.006315 0.0322592 0.000215401 48 -0.0125936 0.0241169 0.000292567
483 2 0.559232 0.73665 0 -6.40203e-05 0.000663118 0 0.00623181 0.0322085 0.000641839 48 -0.0126349 0.0241234 0.000871359
484 2 0.598718 0.736644 0 -0.000106472 0.000663647 0 0.00606467 0.0321059 0.00105471 48 -0.0127175 0.0241357 0.00143039
485 2 0.638199 0.736633 0 -0.000147981 0.00067121 0 0.00581269 0.031949 0.00144327 48 -0.0128409 0.0241521 0.0019541
508 2 0.519772 0.777588 0 -2.02314e-05 0.000730134 0 0.00759342 0.0316972 0.000256455 48 -0.0112386 0.0228735 0.000349781
509 2 0.559315 0.777585 0 -5.8413e-05 0.000731206 0 0.00750922 0.0316541 0.000765541 48 -0.0112853 0.0228882 0.00104372
510 2 0.598855 0.77758 0 -9.67602e-05 0.000731946 0 0.00733924 0.031568 0.0012626 48 -0.0113802 0.0229186 0.00171995
511 2 0.638391 0.77757 0 -0.000135628 0.000731473 0 0.00708022 0.0314383 0.00173766 48 -0.0115255 0.0229657 0.00236385
534 2 0.519804 0.818469 0 -1.60061e-05 0.00077975 0 0.00900067 0.0309502 0.000294463 48 -0.00967241 0.021396 0.000403386
535 2 0.559411 0.818468 0 -4.96105e-05 0.000780099 0 0.00891927 0.0309141 0.000880644 48 -0.00972112 0.0214162 0.00120601
536 2 0.599015 0.818463 0 -8.29105e-05 0.000784894 0 0.00875403 0.0308429 0.00145788 48 -0.00982113 0.0214586 0.00199518
537 2 0.638614 0.818456 0 -0.000114648 0.000788122 0 0.00849965 0.0307381 0.00201822 48 -0.00997777 0.0215279 0.00275907
460 2 0.677472 0.695635 0 -0.000200411 0.000615053 0 0.00443031 0.0320778 0.00142449 48 -0.0140414 0.0250783 0.00191482
461 2 0.716898 0.695606 0 -0.000243981 0.000620441 0 0.00404034 0.0317383 0.00164499 48 -0.0141781 0.0250139 0.00220227
462 2 0.756319 0.695562 0 -0.000285432 0.000625172 0 0.0035794 0.031297 0.00179928 48 -0.0143177 0.0249014 0.00239513
463 2 0.795734 0.695499 0 -0.000325667 0.0006291 0 0.00305003 0.0307247 0.00187029 48 -0.0144419 0.0247126 0.00246961
486 2 0.677674 0.736614 0 -0.000189057 0.000673536 0 0.00547453 0.031733 0.00179445 48 -0.0130035 0.0241687 0.00242367
487 2 0.717141 0.736584 0 -0.000229174 0.00067941 0 0.00504902 0.0314492 0.00209202 48 -0.0132013 0.0241777 0.00281582
488 2 0.7566 0.736538 0 -0.000269535 0.000682466 0 0.0045353 0.0310817 0.00231578 48 -0.0134265 0.024165 0.00310184
489 2 0.796049 0.73647 0 -0.000308267 0.000686826 0 0.00393153 0.0306024 0.00244252 48 -0.0136645 0.0241056 0.00324899
512 2 0.677919 0.777552 0 -0.00017235 0.000734398 0 0.00672767 0.0312634 0.0021778 48 -0.0117241 0.0230304 0.00295666
513 2 0.717437 0.777524 0 -0.000208446 0.000738454 0 0.00627538 0.0310384 0.00256584 48 -0.0119785 0.0231114 0.00347353
514 2 0.756944 0.77748 0 -0.000243765 0.000742288 0 0.00571624 0.030752 0.00287867 48 -0.012288 0.0232018 0.00388125
515 2 0.796436 0.777413 0 -0.00027844 0.000744419 0 0.00504194 0.0303806 0.00308674 48 -0.0126462 0.0232841 0.00413768
538 2 0.678205 0.818441 0 -0.000148333 0.000793713 0 0.00814797 0.0306017 0.00255063 48 -0.0101988 0.0216299 0.00348138
539 2 0.717785 0.818418 0 -0.000180175 0.000793792 0 0.00768788 0.0304342 0.00303884 48 -0.0104938 0.021771 0.00413829
540 2 0.757351 0.818379 0 -0.000211632 0.000796626 0 0.00710415 0.0302308 0.00345889 48 -0.0108725 0.021955 0.00469492
541 2 0.796899 0.818318 0 -0.000243379 0.0007953 0 0.00637831 0.0299755 0.00377646 48 -0.0113412 0.0221769 0.00510172
464 2 0.835144 0.69541 0 -0.000366513 0.000632785 0 0.00244794 0.0299742 0.00184462 48 -0.0145282 0.0244079 0.00240757
465 2 0.874552 0.695288 0 -0.000403465 0.000632419 0 0.00174675 0.0289723 0.00172206 47 -0.0145575 0.0239379 0.00221033
466 2 0.913962 0.695129 0 -0.000439617 0.00062867 0 0.000837549 0.0276202 0.00156039 42 -0.0145647 0.0232807 0.0019635
467 2 0.953375 0.694932 0 -0.000475851 0.000620963 0 -0.000597101 0.0258354 0.00141509 35 -0.0147639 0.0225512 0.00174584
468 2 0.992792 0.694706 0 -0.000507735 0.000610532 0 -0.00272927 0.0237219 0.00125009 28 -0.0153515 0.0219413 0.00150006
490 2 0.835487 0.736372 0 -0.000344847 0.000687398 0 0.00323103 0.0299618 0.00245046 48 -0.0138935 0.0239587 0.00322715
491 2 0.874917 0.736236 0 -0.000381661 0.000683423 0 0.00240802 0.0290776 0.00233127 47 -0.0140885 0.0236655 0.00302626
492 2 0.914341 0.736053 0 -0.000416936 0.000681281 0 0.00139007 0.0278509 0.00215099 42 -0.0142539 0.0231827 0.00274498
493 2 0.953761 0.73582 0 -0.000449076 0.000670485 0 -0.000177592 0.0261361 0.00197874 35 -0.0146003 0.0225921 0.00248235
494 2 0.993179 0.735549 0 -0.000481388 0.000656116 0 -0.00262609 0.0239115 0.00176422 28 -0.0153851 0.0220679 0.00215877
516 2 0.835913 0.777314 0 -0.000312468 0.000744637 0 0.00424037 0.0298761 0.00315775 48 -0.013036 0.0233212 0.00419734
517 2 0.875373 0.777171 0 -0.000347597 0.000741141 0 0.00328471 0.0291513 0.00307053 47 -0.0134301 0.0232498 0.00403181
518 2 0.914817 0.776972 0 -0.000380057 0.000729922 0 0.00215418 0.0281168 0.00289462 42 -0.0137952 0.0230039 0.0037461
519 2 0.954249 0.776712 0 -0.000412393 0.000716897 0 0.000454941 0.0265467 0.0027111 35 -0.0143297 0.0226179 0.00345765
520 2 0.993667 0.7764 0 -0.000447023 0.000699144 0 -0.00236781 0.0242311 0.00244832 28 -0.0153704 0.0222307 0.00305441
542 2 0.836426 0.818225 0 -0.000274838 0.000794983 0 0.00548875 0.0296291 0.00394806 48 -0.011895 0.022412 0.00529647
543 2 0.875927 0.818085 0 -0.000305415 0.000792312 0 0.00440481 0.0291088 0.00393526 47 -0.0125121 0.0226022 0.00522553
544 2 0.915402 0.817883 0 -0.000336931 0.000779939 0 0.00317631 0.0283535 0.00380334 42 -0.0131153 0.022664 0.00498906
545 2 0.954851 0.817606 0 -0.00036901 0.00076836 0 0.0013819 0.0270475 0.00364005 35 -0.0138756 0.0225683 0.004716
546 2 0.994274 0.817262 0 -0.000400584 0.000743488 0 -0.00183035 0.024714 0.00334494 28 -0.015227 0.0223922 0.00425094
547 2 0.00498391 0.85814 0 0.000344824 0.000791912 0 -0.000832336 0.0253614 -0.00448304 28 -0.0148076 0.0224535 -0.00579939
548 2 0.0444194 0.8585 0 0.000314396 0.000815624 0 0.00267501 0.0275419 -0.00477245 35 -0.0131257 0.0223208 -0.00627637
549 2 0.0838978 0.858777 0 0.000284008 0.000831042 0 0.00448051 0.0284169 -0.00486112 42 -0.0121132 0.0220243 -0.00645953
550 2 0.123417 0.858969 0 0.000254799 0.000842151 0 0.0057711 0.0287965 -0.00488704 47 -0.0112445 0.0215864 -0.0065602
551 2 0.162974 0.859094 0 0.000228248 0.000847844 0 0.00695465 0.029072 -0.00476748 48 -0.0104027 0.0211122 -0.00645368
573 2 0.00409319 0.899032 0 0.000279845 0.000841171 0 0.000841736 0.0261816 -0.00597009 27 -0.0139401 0.0223112 -0.00786263
574 2 0.0435545 0.899384 0 0.000248669 0.000863846 0 0.00453078 0.0280046 -0.00615263 34 -0.0119015 0.0217483 -0.00821193
575 2 0.0830792 0.899638 0 0.000221708 0.00088021 0 0.0061896 0.0282269 -0.00604882 41 -0.0106386 0.0209476 -0.00813994
576 2 0.122662 0.899803 0 0.000198181 0.000888874 0 0.00745408 0.028127 -0.00586381 46 -0.00951457 0.0200866 -0.00795505
577 2 0.162294 0.899902 0 0.000175668 0.000893655 0 0.00866015 0.0281301 -0.0055362 47 -0.00849319 0.0193447 -0.0075603
599 2 0.00306144 0.939927 0 0.000205384 0.000892833 0 0.00303395 0.0271428 -0.00774178 24 -0.012727 0.0220372 -0.0103522
600 2 0.0425628 0.940234 0 0.000176427 0.000913928 0 0.00752573 0.0290197 -0.00770504 30 -0.0100379 0.021029 -0.010426
601 2 0.0821564 0.940438 0 0.000154582 0.000923942 0 0.00909356 0.0286362 -0.00729257 36 -0.00849788 0.0197207 -0.00993368
602 2 0.121829 0.940557 0 0.000135896 0.00093172 0 0.010107 0.0279495 -0.00677208 41 -0.00724062 0.018464 -0.0092803
603 2 0.161559 0.940623 0 0.000119598 0.000933915 0 0.0111163 0.0276142 -0.00616784 42 -0.00618347 0.0175209 -0.00849272
625 2 0.0019053 0.980809 0 0.000123848 0.000939995 0 0.00491936 0.0281774 -0.00982932 20 -0.0118095 0.0220786 -0.0132743
626 2 0.0414432 0.981024 0 9.87204e-05 0.000957569 0 0.0124719 0.0316702 -0.00936134 25 -0.00745172 0.0206391 -0.0128188
627 2 0.0811486 0.981142 0 8.09029e-05 0.000960098 0 0.0134993 0.0304287 -0.00849232 30 -0.00585922 0.0188427 -0.0116908
628 2 0.12095 0.981204 0 6.95889e-05 0.000970133 0 0.0138639 0.0289811 -0.00755919 34 -0.00470177 0.0172611 -0.0104493
629 2 0.160803 0.981232 0 6.16616e-05 0.000968227 0 0.0142827 0.0281178 -0.00664892 35 -0.00383316 0.0161784 -0.00921875
651 2 0 1.02179 0 0 0.001 0 0.0257165 0.0427803 -0.0131632 16 -0.00273717 0.0231739 -0.0182941
652 2 0.04 1.02179 0 0 0.001 0 0.0202621 0.0364128 -0.0113809 20 -0.00365985 0.0205223 -0.0157784
653 2 0.08 1.02179 0 0 0.001 0 0.0179024 0.0322223 -0.00966042 24 -0.00320953 0.0180098 -0.0134109
654 2 0.12 1.02179 0 0 0.001 0 0.0170441 0.0297559 -0.00821176 27 -0.00248703 0.0161973 -0.0114239
655 2 0.16 1.02179 0 0 0.001 0 0.0167701 0.0284734 -0.00702092 28 -0.00195692 0.0151291 -0.00978226
552 2 0.202565 0.859173 0 0.000201475 0.000848418 0 0.00789249 0.029247 -0.00445283 48 -0.009708 0.0206882 -0.00606162
553 2 0.242182 0.859223 0 0.000176077 0.0008488 0 0.00862731 0.0293849 -0.00400077 48 -0.00916227 0.0203494 -0.00546661
554 2 0.281819 0.859253 0 0.000149822 0.000844537 0 0.0091974 0.0295095 -0.0034629 48 -0.00874761 0.0200974 -0.00474365
555 2 0.321471 0.85927 0 0.000122772 0.000841523 0 0.00963484 0.0296254 -0.00287407 48 -0.00844014 0.019919 -0.00394391
578 2 0.201966 0.899961 0 0.000155144 0.000895372 0 0.00956193 0.0281311 -0.00503788 47 -0.00772477 0.018777 -0.00690919
579 2 0.241665 0.899996 0 0.000134818 0.000894678 0 0.010231 0.028158 -0.00443771 47 -0.007167 0.0183705 -0.00610288
580 2 0.281385 0.900016 0 0.000114821 0.000894715 0 0.01073 0.0282123 -0.00378538 47 -0.00676891 0.0180922 -0.00521526
581 2 0.321118 0.900027 0 9.46058e-05 0.000893203 0 0.011103 0.0282833 -0.00310879 47 -0.00648761 0.0179077 -0.00428837
604 2 0.201328 0.940658 0 0.000105658 0.000933594 0 0.0118101 0.0274086 -0.00546913 42 -0.00546645 0.0168813 -0.0075529
605 2 0.241122 0.940677 0 9.11973e-05 0.000934479 0 0.0122949 0.0273101 -0.00473129 42 -0.00498827 0.0164649 -0.00654588
606 2 0.280932 0.940687 0 7.68368e-05 0.000932729 0 0.0126454 0.0272865 -0.00398594 42 -0.00466799 0.0162004 -0.00552108
607 2 0.320752 0.940692 0 6.36243e-05 0.000932948 0 0.0129054 0.027308 -0.00324582 42 -0.00445168 0.0160357 -0.00449935
630 2 0.200683 0.981245 0 5.39251e-05 0.000969001 0 0.0145532 0.0276172 -0.005765 35 -0.00330017 0.0155161 -0.00800732
631 2 0.240577 0.981252 0 4.71108e-05 0.000971205 0 0.0147476 0.027357 -0.00491749 35 -0.00297195 0.0151217 -0.00683725
632 2 0.280479 0.981255 0 4.12289e-05 0.000967569 0 0.0148991 0.0272398 -0.00410606 35 -0.00276425 0.014888 -0.0057127
633 2 0.320387 0.981256 0 3.30877e-05 0.000969593 0 0.015023 0.0272047 -0.00332458 35 -0.00262917 0.0147511 -0.00462731
656 2 0.2 1.02179 0 0 0.001 0 0.0166691 0.0278288 -0.00599719 28 -0.00165182 0.0145473 -0.00836313
657 2 0.24 1.02179 0 0 0.001 0 0.0166504 0.0275216 -0.00507575 28 -0.00147437 0.0142306 -0.00708163
658 2 0.28 1.02179 0 0 0.001 0 0.0166731 0.0273919 -0.00422053 28 -0.0013667 0.0140577 -0.00589011
659 2 0.32 1.02179 0 0 0.001 0 0.0167153 0.0273551 -0.00340928 28 -0.00129849 0.0139647 -0.00475881
556 2 0.361134 0.85928 0 9.67389e-05 0.000840964 0 0.0099625 0.0297281 -0.00225562 48 -0.00821839 0.0197976 -0.00309895
557 2 0.400805 0.859286 0 6.94469e-05 0.000838542 0 0.0101962 0.0298115 -0.00162014 48 -0.00806569 0.0197191 -0.00222766
558 2 0.440481 0.859288 0 4.20826e-05 0.000841235 0 0.0103469 0.0298705 -0.000975169 48 -0.00797012 0.0196727 -0.00134151
559 2 0.48016 0.859289 0 1.37604e-05 0.00084119 0 0.0104207 0.0299009 -0.000325527 48 -0.00792409 0.0196512 -0.000447921
582 2 0.360861 0.900032 0 7.4276e-05 0.000894523 0 0.0113781 0.0283573 -0.00242183 47 -0.00629197 0.0177891 -0.00334351
583 2 0.400611 0.900035 0 5.30242e-05 0.000891691 0 0.0115728 0.0284231 -0.00173082 47 -0.00616073 0.0177159 -0.00239083
584 2 0.440365 0.900036 0 3.16321e-05 0.000890974 0 0.0116976 0.0284715 -0.00103858 47 -0.00608005 0.0176741 -0.0014351
585 2 0.480121 0.900036 0 1.08753e-05 0.00088701 0 0.0117586 0.028497 -0.000346182 47 -0.00604166 0.0176553 -0.000478424
608 2 0.360579 0.940694 0 4.9464e-05 0.000928392 0 0.0130979 0.0273504 -0.00251407 42 -0.00430608 0.0159357 -0.00348677
609 2 0.400411 0.940695 0 3.56409e-05 0.000927812 0 0.0132353 0.0273959 -0.00178999 42 -0.0042106 0.015877 -0.00248337
610 2 0.440245 0.940695 0 2.14374e-05 0.000928979 0 0.0133241 0.0274323 -0.00107167 42 -0.00415277 0.0158451 -0.0014871
611 2 0.480082 0.940695 0 7.3326e-06 0.000930508 0 0.0133677 0.0274522 -0.000356848 42 -0.00412554 0.0158311 -0.000495222
634 2 0.360298 0.981256 0 2.59897e-05 0.000969757 0 0.0151235 0.0272123 -0.0025656 35 -0.00254047 0.0146729 -0.00357186
635 2 0.400212 0.981255 0 1.95242e-05 0.000969899 0 0.0151993 0.0272351 -0.00182233 35 -0.00248334 0.0146295 -0.00253752
636 2 0.440127 0.981255 0 1.1288e-05 0.000968645 0 0.0152509 0.0272586 -0.00108953 35 -0.00244917 0.0146075 -0.00151728
637 2 0.480042 0.981254 0 3.01553e-06 0.000967917 0 0.0152772 0.0272729 -0.000362582 35 -0.0024331 0.0145985 -0.000504938
660 2 0.36 1.02179 0 0 0.001 0 0.0167626 0.0273638 -0.00262743 28 -0.00125443 0.013917 -0.00366787
661 2 0.4 1.02179 0 0 0.001 0 0.0168055 0.0273898 -0.0018649 28 -0.00122637 0.0138945 -0.00260357
662 2 0.44 1.02179 0 0 0.001 0 0.0168372 0.0274154 -0.00111447 28 -0.00120971 0.013885 -0.00155597
663 2 0.48 1.02179 0 0 0.001 0 0.0168541 0.0274305 -0.000370765 28 -0.0012019 0.0138819 -0.00051766
560 2 0.51984 0.859289 0 -1.37604e-05 0.00084119 0 0.0104207 0.0299009 0.000325527 48 -0.00792409 0.0196512 0.000447921
561 2 0.559519 0.859288 0 -4.20826e-05 0.000841235 0 0.0103469 0.0298705 0.000975169 48 -0.00797012 0.0196727 0.00134151
562 2 0.599195 0.859286 0 -6.94469e-05 0.000838542 0 0.0101962 0.0298115 0.00162014 48 -0.00806569 0.0197191 0.00222766
563 2 0.638866 0.85928 0 -9.67389e-05 0.000840964 0 0.0099625 0.0297281 0.00225562 48 -0.00821839 0.0197976 0.00309895
586 2 0.519879 0.900036 0 -1.08753e-05 0.00088701 0 0.0117586 0.028497 0.000346182 47 -0.00604166 0.0176553 0.000478424
587 2 0.559635 0.900036 0 -3.16321e-05 0.000890974 0 0.0116976 0.0284715 0.00103858 47 -0.00608005 0.0176741 0.0014351
588 2 0.599389 0.900035 0 -5.30242e-05 0.000891691 0 0.0115728 0.0284231 0.00173082 47 -0.00616073 0.0177159 0.00239083
589 2 0.639139 0.900032 0 -7.4276e-05 0.000894523 0 0.0113781 0.0283573 0.00242183 47 -0.00629197 0.0177891 0.00334351
612 2 0.519918 0.940695 0 -7.3326e-06 0.000930508 0 0.0133677 0.0274522 0.000356848 42 -0.00412554 0.0158311 0.000495222
613 2 0.559755 0.940695 0 -2.14374e-05 0.000928979 0 0.0133241 0.0274323 0.00107167 42 -0.00415277 0.0158451 0.0014871
614 2 0.599589 0.940695 0 -3.56409e-05 0.000927812 0 0.0132353 0.0273959 0.00178999 42 -0.0042106 0.015877 0.00248337
615 2 0.639421 0.940694 0 -4.9464e-05 0.000928392 0 0.0130979 0.0273504 0.00251407 42 -0.00430608 0.0159357 0.00348677
638 2 0.519958 0.981254 0 -3.01553e-06 0.000967917 0 0.0152772 0.0272729 0.000362582 35 -0.0024331 0.0145985 0.000504938
639 2 0.559873 0.981255 0 -1.1288e-05 0.000968645 0 0.0152509 0.0272586 0.00108953 35 -0.00244917 0.0146075 0.00151728
640 2 0.599788 0.981255 0 -1.95242e-05 0.000969899 0 0.0151993 0.0272351 0.00182233 35 -0.00248334 0.0146295 0.00253752
641 2 0.639702 0.981256 0 -2.59897e-05 0.000969757 0 0.0151235 0.0272123 0.0025656 35 -0.00254047 0.0146729 0.00357186
664 2 0.52 1.02179 0 0 0.001 0 0.0168541 0.0274305 0.000370765 28 -0.0012019 0.0138819 0.00051766
665 2 0.56 1.02179 0 0 0.001 0 0.0168372 0.0274154 0.00111447 28 -0.00120971 0.013885 0.00155597
666 2 0.6 1.02179 0 0 0.001 0 0.0168055 0.0273898 0.0018649 28 -0.00122637 0.0138945 0.00260357
667 2 0.64 1.02179 0 0 0.001 0 0.0167626 0.0273638 0.00262743 28 -0.00125443 0.013917 0.00366787
564 2 0.678529 0.85927 0 -0.000122772 0.000841523 0 0.00963484 0.0296254 0.00287407 48 -0.00844014 0.019919 0.00394391
565 2 0.718181 0.859253 0 -0.000149822 0.000844537 0 0.0091974 0.0295095 0.0034629 48 -0.00874761 0.0200974 0.00474365
566 2 0.757818 0.859223 0 -0.000176077 0.0008488 0 0.00862731 0.0293849 0.00400077 48 -0.00916227 0.0203494 0.00546661
567 2 0.797435 0.859173 0 -0.000201475 0.000848418 0 0.00789249 0.029247 0.00445283 48 -0.009708 0.0206882 0.00606162
590 2 0.678882 0.900027 0 -9.46058e-05 0.000893203 0 0.011103 0.0282833 0.00310879 47 -0.00648761 0.0179077 0.00428837
591 2 0.718615 0.900016 0 -0.000114821 0.000894715 0 0.01073 0.0282123 0.00378538 47 -0.00676891 0.0180922 0.00521526
592 2 0.758335 0.899996 0 -0.000134818 0.000894678 0 0.010231 0.028158 0.00443771 47 -0.007167 0.0183705 0.00610288
593 2 0.798034 0.899961 0 -0.000155144 0.000895372 0 0.00956193 0.0281311 0.00503788 47 -0.00772477 0.018777 0.00690919
616 2 0.679248 0.940692 0 -6.36243e-05 0.000932948 0 0.0129054 0.027308 0.00324582 42 -0.00445168 0.0160357 0.00449935
617 2 0.719068 0.940687 0 -7.68368e-05 0.000932729 0 0.0126454 0.0272865 0.00398594 42 -0.00466799 0.0162004 0.00552108
618 2 0.758878 0.940677 0 -9.11973e-05 0.000934479 0 0.0122949 0.0273101 0.00473129 42 -0.00498827 0.0164649 0.00654588
619 2 0.798672 0.940658 0 -0.000105658 0.000933594 0 0.0118101 0.0274086 0.00546913 42 -0.00546645 0.0168813 0.0075529
642 2 0.679613 0.981256 0 -3.30877e-05 0.000969593 0 0.015023 0.0272047 0.00332458 35 -0.00262917 0.0147511 0.00462731
643 2 0.719521 0.981255 0 -4.12289e-05 0.000967569 0 0.0148991 0.0272398 0.00410606 35 -0.00276425 0.014888 0.0057127
644 2 0.759423 0.981252 0 -4.71108e-05 0.000971205 0 0.0147476 0.027357 0.00491749 35 -0.00297195 0.0151217 0.00683725
645 2 0.799317 0.981245 0 -5.39251e-05 0.000969001 0 0.0145532 0.0276172 0.005765 35 -0.00330017 0.0155161 0.00800732
668 2 0.68 1.02179 0 0 0.001 0 0.0167153 0.0273551 0.00340928 28 -0.00129849 0.0139647 0.00475881
669 2 0.72 1.02179 0 0 0.001 0 0.0166731 0.0273919 0.00422053 28 -0.0013667 0.0140577 0.00589011
670 2 0.76 1.02179 0 0 0.001 0 0.0166504 0.0275216 0.00507575 28 -0.00147437 0.0142306 0.00708163
671 2 0.8 1.02179 0 0 0.001 0 0.0166691 0.0278288 0.00599719 28 -0.00165182 0.0145473 0.00836313
568 2 0.837026 0.859094 0 -0.000228248 0.000847844 0 0.00695465 0.029072 0.00476748 48 -0.0104027 0.0211122 0.00645368
569 2 0.876583 0.858969 0 -0.000254799 0.000842151 0 0.0057711 0.0287965 0.00488704 47 -0.0112445 0.0215864 0.0065602
570 2 0.916102 0.858777 0 -0.000284008 0.000831042 0 0.00448051 0.0284169 0.00486112 42 -0.0121132 0.0220243 0.00645953
571 2 0.955581 0.8585 0 -0.000314396 0.000815624 0 0.00267501 0.0275419 0.00477245 35 -0.0131257 0.0223208 0.00627637
572 2 0.995016 0.85814 0 -0.000344824 0.000791912 0 -0.000832336 0.0253614 0.00448304 28 -0.0148076 0.0224535 0.00579939
594 2 0.837706 0.899902 0 -0.000175668 0.000893655 0 0.00866015 0.0281301 0.0055362 47 -0.00849319 0.0193447 0.0075603
595 2 0.877338 0.899803 0 -0.000198181 0.000888874 0 0.00745408 0.028127 0.00586381 46 -0.00951457 0.0200866 0.00795505
596 2 0.916921 0.899638 0 -0.000221708 0.00088021 0 0.0061896 0.0282269 0.00604882 41 -0.0106386 0.0209476 0.00813994
597 2 0.956446 0.899384 0 -0.000248669 0.000863846 0 0.00453078 0.0280046 0.00615263 34 -0.0119015 0.0217483 0.00821193
598 2 0.995907 0.899032 0 -0.000279845 0.000841171 0 0.000841736 0.0261816 0.00597009 27 -0.0139401 0.0223112 0.00786263
620 2 0.838441 0.940623 0 -0.000119598 0.000933915 0 0.0111163 0.0276142 0.00616784 42 -0.00618347 0.0175209 0.00849272
621 2 0.878171 0.940557 0 -0.000135896 0.00093172 0 0.010107 0.0279495 0.00677208 41 -0.00724062 0.018464 0.0092803
622 2 0.917844 0.940438 0 -0.000154582 0.000923942 0 0.00909356 0.0286362 0.00729257 36 -0.00849788 0.0197207 0.00993368
623 2 0.957437 0.940234 0 -0.000176427 0.000913928 0 0.00752573 0.0290197 0.00770504 30 -0.0100379 0.021029 0.010426
624 2 0.996939 0.939927 0 -0.000205384 0.000892833 0 0.00303395 0.0271428 0.00774178 24 -0.012727 0.0220372 0.0103522
646 2 0.839197 0.981232 0 -6.16616e-05 0.000968227 0 0.0142827 0.0281178 0.00664892 35 -0.00383316 0.0161784 0.00921875
647 2 0.87905 0.981204 0 -6.95889e-05 0.000970133 0 0.0138639 0.0289811 0.00755919 34 -0.00470177 0.0172611 0.0104493
648 2 0.918851 0.981142 0 -8.09029e-05 0.000960098 0 0.0134993 0.0304287 0.00849232 30 -0.00585922 0.0188427 0.0116908
649 2 0.958557 0.981024 0 -9.87204e-05 0.000957569 0 0.0124719 0.0316702 0.00936134 25 -0.00745172 0.0206391 0.0128188
650 2 0.998095 0.980809 0 -0.000123848 0.000939995 0 0.00491936 0.0281774 0.00982932 20 -0.0118095 0.0220786 0.0132743
672 2 0.84 1.02179 0 0 0.001 0 0.0167701 0.0284734 0.00702092 28 -0.00195692 0.0151291 0.00978226
673 2 0.88 1.02179 0 0 0.001 0 0.0170441 0.0297559 0.00821176 27 -0.00248703 0.0161973 0.0114239
674 2 0.92 1.02179 0 0 0.001 0 0.0179024 0.0322223 0.00966042 24 -0.00320953 0.0180098 0.0134109
675 2 0.96 1.02179 0 0 0.001 0 0.0202621 0.0364128 0.0113809 20 -0.00365985 0.0205223 0.0157784
676 2 1 1.02179 0 0 0.001 0 0.0257165 0.0427803 0.0131632 16 -0.00273717 0.0231739 0.0182941
