1 1 0 0 0 0 0 0 0.0617326 0.100324 0.032745 16 -0.00660415 0.0589499 0.0451327
2 1 0.04 0 0 0 0 0 0.0492356 0.0866234 0.0284744 20 -0.00888659 0.0523827 0.0390161
3 1 0.08 0 0 0 0 0 0.0440722 0.0779255 0.0241811 24 -0.00784676 0.0461274 0.0332235
4 1 0.12 0 0 0 0 0 0.0422913 0.0728509 0.0205151 27 -0.00612897 0.0415399 0.0283174
5 1 0.16 0 0 0 0 0 0.0417188 0.0701713 0.0175004 28 -0.00485584 0.0387348 0.0242394
27 1 0.00469137 0.0423088 0 9.70164e-05 4.35709e-05 0 0.0117039 0.0666786 0.0254033 20 -0.0284969 0.0563015 0.0328801
28 1 0.0435769 0.0418578 0 7.45555e-05 3.71987e-05 0 0.0303787 0.0758595 0.0237474 25 -0.0181233 0.0526814 0.031643
29 1 0.0828568 0.0416038 0 6.00349e-05 3.35005e-05 0 0.0332085 0.0736559 0.0214043 30 -0.0143093 0.0481837 0.02884
30 1 0.122364 0.0414659 0 4.94259e-05 3.16219e-05 0 0.0342682 0.0707604 0.0189453 34 -0.0115566 0.0441914 0.0257579
31 1 0.161998 0.0413996 0 4.15548e-05 3.03007e-05 0 0.0353466 0.0690238 0.0165875 35 -0.00947885 0.0413855 0.0227058
53 1 0.00755664 0.0844718 0 0.000155627 8.74208e-05 0 0.00700043 0.0649052 0.0202417 24 -0.0309305 0.0562605 0.0255672
54 1 0.0463394 0.0837976 0 0.00013108 7.72576e-05 0 0.018412 0.0700085 0.0197937 30 -0.0243969 0.0537115 0.025649
55 1 0.0853448 0.0833446 0 0.000110589 7.14168e-05 0 0.0224409 0.0695512 0.0185474 36 -0.0207053 0.0504115 0.0243805
56 1 0.124539 0.0830732 0 9.37005e-05 6.64307e-05 0 0.0249518 0.0682359 0.0170596 41 -0.0177308 0.0472201 0.0227216
57 1 0.163872 0.0829201 0 7.95868e-05 6.48241e-05 0 0.0274017 0.0676527 0.0154173 42 -0.0152178 0.0447752 0.0207547
79 1 0.0100878 0.126676 0 0.000205471 0.000133116 0 0.00185722 0.063308 0.0158214 27 -0.0338213 0.0570039 0.0193051
80 1 0.0487705 0.125894 0 0.000178742 0.000120979 0 0.0111481 0.0680111 0.0159776 34 -0.02888 0.0555544 0.020062
81 1 0.0876066 0.125323 0 0.000154447 0.000111658 0 0.0152807 0.0687642 0.0155018 41 -0.0258623 0.0535072 0.0198104
82 1 0.126582 0.124948 0 0.000133747 0.000105697 0 0.0183275 0.0686758 0.0148295 46 -0.0232154 0.0513026 0.0192868
83 1 0.165676 0.124715 0 0.000114412 0.000102306 0 0.0212249 0.0688185 0.0138519 47 -0.020802 0.0493804 0.0182811
105 1 0.0122593 0.168891 0 0.000245947 0.000177892 0 -0.00205854 0.0619382 0.0120424 28 -0.035869 0.0574371 0.0141208
106 1 0.0508776 0.168084 0 0.000217451 0.000165944 0 0.00665992 0.0673177 0.0125099 35 -0.0318096 0.0570467 0.0151883
107 1 0.0896 0.16746 0 0.000191986 0.000158194 0 0.0110592 0.0694619 0.0125318 42 -0.0293948 0.0562445 0.0155531
108 1 0.12842 0.167021 0 0.000167316 0.000151765 0 0.0141292 0.0703988 0.0123932 47 -0.0273538 0.0550965 0.0157211
109 1 0.167333 0.166728 0 0.000145064 0.000146955 0 0.0169559 0.0711219 0.0119294 48 -0.0253732 0.0538587 0.0154157
6 1 0.2 0 0 0 0 0 0.0414634 0.0687751 0.0149226 28 -0.00411239 0.037111 0.0207099
7 1 0.24 0 0 0 0 0 0.0413711 0.068081 0.0126125 28 -0.00367255 0.0361537 0.0175239
8 1 0.28 0 0 0 0 0 0.0413705 0.0677685 0.0104754 28 -0.0034008 0.0355752 0.0145647
9 1 0.32 0 0 0 0 0 0.0414204 0.0676632 0.00845379 28 -0.00322565 0.0352212 0.011759
32 1 0.201697 0.0413668 0 3.4584e-05 2.96751e-05 0 0.036012 0.0679881 0.0143429 35 -0.00818746 0.0395941 0.0197132
33 1 0.241432 0.0413499 0 2.93973e-05 2.91793e-05 0 0.0364617 0.0674287 0.0122136 35 -0.0073801 0.0384626 0.0168276
34 1 0.281189 0.0413416 0 2.4145e-05 2.96599e-05 0 0.0367977 0.0671651 0.0101862 35 -0.00686084 0.0377438 0.0140558
35 1 0.320959 0.0413381 0 1.8916e-05 2.92829e-05 0 0.0370646 0.0670754 0.00824006 35 -0.00651769 0.0372854 0.0113816
58 1 0.203297 0.0828339 0 6.75052e-05 6.38286e-05 0 0.029079 0.0672959 0.0136084 42 -0.0134954 0.0430611 0.0184433
59 1 0.242784 0.0827849 0 5.61872e-05 6.25815e-05 0 0.0302423 0.0671311 0.0117408 42 -0.0123318 0.0418941 0.0159803
60 1 0.28231 0.0827573 0 4.61889e-05 6.12836e-05 0 0.0310762 0.0671055 0.00987457 42 -0.0115414 0.0411109 0.0134774
61 1 0.321862 0.0827423 0 3.68727e-05 6.00802e-05 0 0.0316899 0.0671655 0.00803181 42 -0.0109998 0.0405905 0.0109825
84 1 0.204864 0.124572 0 9.7447e-05 9.83244e-05 0 0.0233984 0.0689296 0.012523 47 -0.0189713 0.0478734 0.0166879
85 1 0.24412 0.124486 0 8.19064e-05 9.67034e-05 0 0.0250132 0.0690659 0.0109882 47 -0.0176283 0.0467563 0.0147364
86 1 0.283425 0.124433 0 6.73007e-05 9.64586e-05 0 0.0262168 0.0692362 0.0093507 47 -0.0166581 0.0459571 0.0125941
87 1 0.322764 0.124403 0 5.43531e-05 9.58704e-05 0 0.0271155 0.0694247 0.00766762 47 -0.0159636 0.0453996 0.0103574
110 1 0.206325 0.166538 0 0.00012441 0.000144905 0 0.0192109 0.0716154 0.0110481 48 -0.0237286 0.0527354 0.0144584
111 1 0.24538 0.166415 0 0.000105157 0.000142111 0 0.0209845 0.0720058 0.00987497 48 -0.0224256 0.0518133 0.0130346
112 1 0.284485 0.166338 0 8.73291e-05 0.000140076 0 0.0223635 0.072344 0.00851978 48 -0.0214256 0.0511019 0.0113124
113 1 0.323627 0.16629 0 6.95561e-05 0.000137231 0 0.0234223 0.0726429 0.00705658 48 -0.020676 0.0505761 0.00940821
10 1 0.36 0 0 0 0 0 0.0414908 0.0676634 0.00650987 28 -0.00311072 0.0350054 0.00905765
11 1 0.4 0 0 0 0 0 0.0415602 0.0677066 0.00461769 28 -0.00303642 0.0348771 0.0064261
12 1 0.44 0 0 0 0 0 0.0416139 0.0677539 0.00275845 28 -0.00299177 0.0348059 0.00383915
13 1 0.48 0 0 0 0 0 0.0416429 0.0677828 0.000917521 28 -0.00297076 0.0347742 0.00127705
36 1 0.360739 0.041337 0 1.48133e-05 2.96495e-05 0 0.037277 0.0670782 0.00635425 35 -0.00628895 0.036995 0.00878261
37 1 0.400524 0.0413371 0 1.03933e-05 2.93382e-05 0 0.0374377 0.0671191 0.00451107 35 -0.00613957 0.0368157 0.00623771
38 1 0.440313 0.0413376 0 6.05824e-06 2.93296e-05 0 0.0375461 0.0671634 0.00269602 35 -0.00604921 0.0367128 0.0037289
39 1 0.480104 0.041338 0 1.8817e-06 2.90972e-05 0 0.0376008 0.0671905 0.000896953 35 -0.00600657 0.036666 0.00124074
62 1 0.361433 0.0827347 0 2.81061e-05 5.97127e-05 0 0.0321416 0.0672642 0.00621592 42 -0.01063 0.04025 0.00851007
63 1 0.401016 0.0827311 0 1.97946e-05 5.94066e-05 0 0.0324624 0.0673661 0.00442303 42 -0.0103845 0.040034 0.00606043
64 1 0.440607 0.0827297 0 1.16611e-05 5.90094e-05 0 0.032669 0.0674466 0.00264704 42 -0.0102345 0.0399073 0.00362878
65 1 0.480202 0.0827293 0 4.1214e-06 5.95764e-05 0 0.0327703 0.0674905 0.000881222 42 -0.0101633 0.0398488 0.00120833
88 1 0.362128 0.124385 0 4.11033e-05 9.55286e-05 0 0.0277775 0.069608 0.00596698 47 -0.0154747 0.0450203 0.00807634
89 1 0.40151 0.124376 0 2.91591e-05 9.47233e-05 0 0.0282454 0.0697646 0.00426145 47 -0.0151431 0.0447722 0.00577559
90 1 0.440902 0.124371 0 1.75552e-05 9.45984e-05 0 0.0285451 0.0698779 0.00255602 47 -0.0149376 0.0446233 0.00346703
91 1 0.4803 0.124369 0 5.49701e-06 9.37239e-05 0 0.0286915 0.0699372 0.000851814 47 -0.0148392 0.0445536 0.00115587
114 1 0.362796 0.166261 0 5.36875e-05 0.00013603 0 0.0242159 0.0728986 0.00553065 48 -0.0201297 0.0502019 0.00739482
115 1 0.401984 0.166244 0 3.77678e-05 0.000135062 0 0.0247824 0.0731012 0.00396899 48 -0.01975 0.0499486 0.00531698
116 1 0.441186 0.166235 0 2.23447e-05 0.000134094 0 0.0251472 0.0732418 0.00238776 48 -0.0195107 0.0497928 0.00320252
117 1 0.480394 0.166231 0 7.53292e-06 0.000134308 0 0.025326 0.0733139 0.000796888 48 -0.019395 0.0497187 0.00106941
14 1 0.52 0 0 0 0 0 0.0416429 0.0677828 -0.000917521 28 -0.00297076 0.0347742 -0.00127705
15 1 0.56 0 0 0 0 0 0.0416139 0.0677539 -0.00275845 28 -0.00299177 0.0348059 -0.00383915
16 1 0.6 0 0 0 0 0 0.0415602 0.0677066 -0.00461769 28 -0.00303642 0.0348771 -0.0064261
17 1 0.64 0 0 0 0 0 0.0414908 0.0676634 -0.00650987 28 -0.00311072 0.0350054 -0.00905765
40 1 0.519896 0.041338 0 -1.8817e-06 2.90972e-05 0 0.0376008 0.0671905 -0.000896953 35 -0.00600657 0.036666 -0.00124074
41 1 0.559687 0.0413376 0 -6.05824e-06 2.93296e-05 0 0.0375461 0.0671634 -0.00269602 35 -0.00604921 0.0367128 -0.0037289
42 1 0.599476 0.0413371 0 -1.03933e-05 2.93382e-05 0 0.0374377 0.0671191 -0.00451107 35 -0.00613957 0.0368157 -0.00623771
43 1 0.639261 0.041337 0 -1.48133e-05 2.96495e-05 0 0.037277 0.0670782 -0.00635425 35 -0.00628895 0.036995 -0.00878261
66 1 0.519798 0.0827293 0 -4.1214e-06 5.95764e-05 0 0.0327703 0.0674905 -0.000881222 42 -0.0101633 0.0398488 -0.00120833
67 1 0.559393 0.0827297 0 -1.16611e-05 5.90094e-05 0 0.032669 0.0674466 -0.00264704 42 -0.0102345 0.0399073 -0.00362878
68 1 0.598984 0.0827311 0 -1.97946e-05 5.94066e-05 0 0.0324624 0.0673661 -0.00442303 42 -0.0103845 0.040034 -0.00606043
69 1 0.638567 0.0827347 0 -2.81061e-05 5.97127e-05 0 0.0321416 0.0672642 -0.00621592 42 -0.01063 0.04025 -0.00851007
92 1 0.5197 0.124369 0 -5.49701e-06 9.37239e-05 0 0.0286915 0.0699372 -0.000851814 47 -0.0148392 0.0445536 -0.00115587
93 1 0.559098 0.124371 0 -1.75552e-05 9.45984e-05 0 0.0285451 0.0698779 -0.00255602 47 -0.0149376 0.0446233 -0.00346703
94 1 0.59849 0.124376 0 -2.91591e-05 9.47233e-05 0 0.0282454 0.0697646 -0.00426145 47 -0.0151431 0.0447722 -0.00577559
95 1 0.637872 0.124385 0 -4.11033e-05 9.55286e-05 0 0.0277775 0.069608 -0.00596698 47 -0.0154747 0.0450203 -0.00807634
118 1 0.519606 0.166231 0 -7.53292e-06 0.000134308 0 0.025326 0.0733139 -0.000796888 48 -0.019395 0.0497187 -0.00106941
119 1 0.558814 0.166235 0 -2.23447e-05 0.000134094 0 0.0251472 0.0732418 -0.00238776 48 -0.0195107 0.0497928 -0.00320252
120 1 0.598016 0.166244 0 -3.77678e-05 0.000135062 0 0.0247824 0.0731012 -0.00396899 48 -0.01975 0.0499486 -0.00531698
121 1 0.637204 0.166261 0 -5.36875e-05 0.00013603 0 0.0242159 0.0728986 -0.00553065 48 -0.0201297 0.0502019 -0.00739482
18 1 0.68 0 0 0 0 0 0.0414204 0.0676632 -0.00845379 28 -0.00322565 0.0352212 -0.011759
19 1 0.72 0 0 0 0 0 0.0413705 0.0677685 -0.0104754 28 -0.0034008 0.0355752 -0.0145647
20 1 0.76 0 0 0 0 0 0.0413711 0.068081 -0.0126125 28 -0.00367255 0.0361537 -0.0175239
21 1 0.8 0 0 0 0 0 0.0414634 0.0687751 -0.0149226 28 -0.00411239 0.037111 -0.0207099
44 1 0.679041 0.0413381 0 -1.8916e-05 2.92829e-05 0 0.0370646 0.0670754 -0.00824006 35 -0.00651769 0.0372854 -0.0113816
45 1 0.718811 0.0413416 0 -2.4145e-05 2.96599e-05 0 0.0367977 0.0671651 -0.0101862 35 -0.00686084 0.0377438 -0.0140558
46 1 0.758568 0.0413499 0 -2.93973e-05 2.91793e-05 0 0.0364617 0.0674287 -0.0122136 35 -0.0073801 0.0384626 -0.0168276
47 1 0.798303 0.0413668 0 -3.4584e-05 2.96751e-05 0 0.036012 0.0679881 -0.0143429 35 -0.00818746 0.0395941 -0.0197132
70 1 0.678138 0.0827423 0 -3.68727e-05 6.00802e-05 0 0.0316899 0.0671655 -0.00803181 42 -0.0109998 0.0405905 -0.0109825
71 1 0.71769 0.0827573 0 -4.61889e-05 6.12836e-05 0 0.0310762 0.0671055 -0.00987457 42 -0.0115414 0.0411109 -0.0134774
72 1 0.757216 0.0827849 0 -5.61872e-05 6.25815e-05 0 0.0302423 0.0671311 -0.0117408 42 -0.0123318 0.0418941 -0.0159803
73 1 0.796703 0.0828339 0 -6.75052e-05 6.38286e-05 0 0.029079 0.0672959 -0.0136084 42 -0.0134954 0.0430611 -0.0184433
96 1 0.677236 0.124403 0 -5.43531e-05 9.58704e-05 0 0.0271155 0.0694247 -0.00766762 47 -0.0159636 0.0453996 -0.0103574
97 1 0.716575 0.124433 0 -6.73007e-05 9.64586e-05 0 0.0262168 0.0692362 -0.0093507 47 -0.0166581 0.0459571 -0.0125941
98 1 0.75588 0.124486 0 -8.19064e-05 9.67034e-05 0 0.0250132 0.0690659 -0.0109882 47 -0.0176283 0.0467563 -0.0147364
99 1 0.795136 0.124572 0 -9.7447e-05 9.83244e-05 0 0.0233984 0.0689296 -0.012523 47 -0.0189713 0.0478734 -0.0166879
122 1 0.676373 0.16629 0 -6.95561e-05 0.000137231 0 0.0234223 0.0726429 -0.00705658 48 -0.020676 0.0505761 -0.00940821
123 1 0.715515 0.166338 0 -8.73291e-05 0.000140076 0 0.0223635 0.072344 -0.00851978 48 -0.0214256 0.0511019 -0.0113124
124 1 0.75462 0.166415 0 -0.000105157 0.000142111 0 0.0209845 0.0720058 -0.00987497 48 -0.0224256 0.0518133 -0.0130346
125 1 0.793675 0.166538 0 -0.00012441 0.000144905 0 0.0192109 0.0716154 -0.0110481 48 -0.0237286 0.0527354 -0.0144584
22 1 0.84 0 0 0 0 0 0.0417188 0.0701713 -0.0175004 28 -0.00485584 0.0387348 -0.0242394
23 1 0.88 0 0 0 0 0 0.0422913 0.0728509 -0.0205151 27 -0.00612897 0.0415399 -0.0283174
24 1 0.92 0 0 0 0 0 0.0440722 0.0779255 -0.0241811 24 -0.00784676 0.0461274 -0.0332235
25 1 0.96 0 0 0 0 0 0.0492356 0.0866234 -0.0284744 20 -0.00888659 0.0523827 -0.0390161
26 1 1 0 0 0 0 0 0.0617326 0.100324 -0.032745 16 -0.00660415 0.0589499 -0.0451327
48 1 0.838002 0.0413996 0 -4.15548e-05 3.03007e-05 0 0.0353466 0.0690238 -0.0165875 35 -0.00947885 0.0413855 -0.0227058
49 1 0.877636 0.0414659 0 -4.94259e-05 3.16219e-05 0 0.0342682 0.0707604 -0.0189453 34 -0.0115566 0.0441914 -0.0257579
50 1 0.917143 0.0416038 0 -6.00349e-05 3.35005e-05 0 0.0332085 0.0736559 -0.0214043 30 -0.0143093 0.0481837 -0.02884
51 1 0.956423 0.0418578 0 -7.45555e-05 3.71987e-05 0 0.0303787 0.0758595 -0.0237474 25 -0.0181233 0.0526814 -0.031643
52 1 0.995309 0.0423088 0 -9.70164e-05 4.35709e-05 0 0.0117039 0.0666786 -0.0254033 20 -0.0284969 0.0563015 -0.0328801
74 1 0.836128 0.0829201 0 -7.95868e-05 6.48241e-05 0 0.0274017 0.0676527 -0.0154173 42 -0.0152178 0.0447752 -0.0207547
75 1 0.875461 0.0830732 0 -9.37005e-05 6.64307e-05 0 0.0249518 0.0682359 -0.0170596 41 -0.0177308 0.0472201 -0.0227216
76 1 0.914655 0.0833446 0 -0.000110589 7.14168e-05 0 0.0224409 0.0695512 -0.0185474 36 -0.0207053 0.0504115 -0.0243805
77 1 0.953661 0.0837976 0 -0.00013108 7.72576e-05 0 0.018412 0.0700085 -0.0197937 30 -0.0243969 0.0537115 -0.025649
78 1 0.992443 0.0844718 0 -0.000155627 8.74208e-05 0 0.00700043 0.0649052 -0.0202417 24 -0.0309305 0.0562605 -0.0255672
100 1 0.834324 0.124715 0 -0.000114412 0.000102306 0 0.0212249 0.0688185 -0.0138519 47 -0.020802 0.0493804 -0.0182811
101 1 0.873418 0.124948 0 -0.000133747 0.000105697 0 0.0183275 0.0686758 -0.0148295 46 -0.0232154 0.0513026 -0.0192868
102 1 0.912393 0.125323 0 -0.000154447 0.000111658 0 0.0152807 0.0687642 -0.0155018 41 -0.0258623 0.0535072 -0.0198104
103 1 0.951229 0.125894 0 -0.000178742 0.000120979 0 0.0111481 0.0680111 -0.0159776 34 -0.02888 0.0555544 -0.020062
104 1 0.989912 0.126676 0 -0.000205471 0.000133116 0 0.00185722 0.063308 -0.0158214 27 -0.0338213 0.0570039 -0.0193051
126 1 0.832667 0.166728 0 -0.000145064 0.000146955 0 0.0169559 0.0711219 -0.0119294 48 -0.0253732 0.0538587 -0.0154157
127 1 0.87158 0.167021 0 -0.000167316 0.000151765 0 0.0141292 0.0703988 -0.0123932 47 -0.0273538 0.0550965 -0.0157211
128 1 0.9104 0.16746 0 -0.000191986 0.000158194 0 0.0110592 0.0694619 -0.0125318 42 -0.0293948 0.0562445 -0.0155531
129 1 0.949122 0.168084 0 -0.000217451 0.000165944 0 0.00665992 0.0673177 -0.0125099 35 -0.0318096 0.0570467 -0.0151883
130 1 0.987741 0.168891 0 -0.000245947 0.000177892 0 -0.00205854 0.0619382 -0.0120424 28 -0.035869 0.0574371 -0.0141208
131 1 0.0140568 0.211083 0 0.00027664 0.000224377 0 -0.00437617 0.0608456 0.00908863 28 -0.0368651 0.0573671 0.0102457
132 1 0.0526439 0.21031 0 0.000248522 0.000213702 0 0.0035551 0.0664966 0.00961908 35 -0.0336022 0.0577394 0.0112874
133 1 0.091295 0.209685 0 0.000221098 0.00020445 0 0.0078743 0.0695707 0.00985613 42 -0.0317848 0.057907 0.0118708
134 1 0.130008 0.209221 0 0.000194783 0.000196307 0 0.0107682 0.0713209 0.0100023 47 -0.0303657 0.0576942 0.0123661
135 1 0.168785 0.208895 0 0.000170561 0.0001915 0 0.013341 0.0725659 0.00987602 48 -0.0289147 0.0571719 0.0124877
157 1 0.0155168 0.253251 0 0.000299247 0.000268737 0 -0.00557844 0.0600597 0.00671707 28 -0.037208 0.057047 0.00726761
158 1 0.054092 0.252549 0 0.000270538 0.00025922 0 0.00134918 0.065598 0.00721286 35 -0.0346873 0.0579389 0.00816487
159 1 0.0926993 0.251961 0 0.000242469 0.000251772 0 0.00539923 0.0692333 0.00753137 42 -0.0334003 0.0588216 0.00878914
160 1 0.131339 0.251506 0 0.000215958 0.000246022 0 0.00803783 0.0715884 0.00781317 47 -0.0325326 0.0593696 0.00940432
161 1 0.170017 0.251172 0 0.000189079 0.000241463 0 0.0102912 0.0732712 0.00788818 48 -0.0315998 0.0595012 0.00975251
183 1 0.0166831 0.295398 0 0.000314173 0.000313586 0 -0.00611097 0.0595729 0.0048714 28 -0.0372408 0.0567096 0.00504652
184 1 0.0552547 0.294789 0 0.000286019 0.000306877 0 -0.000140166 0.0648411 0.00528667 35 -0.035331 0.0579377 0.00576042
185 1 0.0938355 0.294264 0 0.000258269 0.000301033 0 0.00356202 0.0687734 0.00560598 42 -0.0344834 0.0593222 0.00632861
186 1 0.132426 0.293844 0 0.000230667 0.000294346 0 0.00591548 0.0715431 0.00592591 47 -0.0340741 0.0604532 0.00693713
187 1 0.171032 0.293526 0 0.000203391 0.000288888 0 0.00784123 0.0735668 0.00610073 48 -0.0335994 0.0611355 0.00737101
209 1 0.0175951 0.337533 0 0.000323271 0.000358035 0 -0.00627338 0.0593191 0.00345704 28 -0.0371509 0.056442 0.00342226
210 1 0.0561666 0.337027 0 0.000295301 0.000352618 0 -0.00111292 0.0642795 0.00377951 35 -0.0357127 0.0578791 0.00395756
211 1 0.0947311 0.336582 0 0.000267436 0.000346789 0 0.00224373 0.0683432 0.00405739 42 -0.035208 0.059602 0.00442614
212 1 0.133288 0.336218 0 0.000239267 0.000342865 0 0.00432551 0.0713808 0.00435705 47 -0.0351594 0.0611603 0.00495858
213 1 0.171844 0.335934 0 0.000212573 0.000337991 0 0.0059518 0.0736556 0.00456197 48 -0.0350625 0.0622797 0.00538666
136 1 0.207622 0.208673 0 0.000146601 0.000186585 0 0.0154711 0.073429 0.00934912 48 -0.0276074 0.0565365 0.0120081
137 1 0.246512 0.208523 0 0.000124413 0.000182585 0 0.0172178 0.0740773 0.00850695 48 -0.0264948 0.0559266 0.0110456
138 1 0.285445 0.208424 0 0.000103056 0.000180726 0 0.0186265 0.0745929 0.00744291 48 -0.0255889 0.0554056 0.00973779
139 1 0.324412 0.20836 0 8.31285e-05 0.000178205 0 0.0197391 0.0750121 0.0062305 48 -0.0248774 0.0549913 0.00819542
162 1 0.208735 0.250935 0 0.000164079 0.000237018 0 0.0122012 0.0744737 0.00761691 48 -0.0306779 0.0593695 0.00959689
163 1 0.247492 0.25077 0 0.000139729 0.000234228 0 0.0138171 0.0753751 0.00704752 48 -0.0298295 0.0591237 0.00899805
164 1 0.286282 0.250658 0 0.00011656 0.000231873 0 0.0151607 0.0760739 0.00624981 48 -0.0290934 0.0588542 0.00805488
165 1 0.325102 0.250583 0 9.40015e-05 0.000229073 0 0.0162496 0.0766222 0.00528714 48 -0.0284856 0.0586077 0.00685992
188 1 0.20966 0.293293 0 0.000177317 0.000284288 0 0.00950002 0.0750615 0.00599669 48 -0.0330507 0.0614677 0.00740981
189 1 0.248313 0.293126 0 0.000151458 0.000279748 0 0.0109389 0.076197 0.00563379 48 -0.0324849 0.0615864 0.00707265
190 1 0.28699 0.293009 0 0.000126446 0.00027506 0 0.0121669 0.0770749 0.00505923 48 -0.0319513 0.0615891 0.00642349
191 1 0.325688 0.29293 0 0.000102606 0.000272026 0 0.0131851 0.077755 0.00432276 48 -0.0314824 0.061538 0.00553298
214 1 0.210406 0.335721 0 0.000184881 0.000334948 0 0.00736743 0.0753869 0.00455491 48 -0.034842 0.0630073 0.00552144
215 1 0.248979 0.335565 0 0.000158713 0.000331486 0 0.00862084 0.0767249 0.0043378 48 -0.0345412 0.0634566 0.00535695
216 1 0.287566 0.335454 0 0.000132927 0.000329032 0 0.00971519 0.0777658 0.00393959 48 -0.0342103 0.0637203 0.00493017
217 1 0.326168 0.335377 0 0.000107415 0.000326958 0 0.0106418 0.0785707 0.0033966 48 -0.0338893 0.0638659 0.00429129
140 1 0.363406 0.20832 0 6.3737e-05 0.000177954 0 0.0205902 0.0753474 0.00492145 48 -0.0243398 0.05468 0.00649794
141 1 0.40242 0.208296 0 4.50452e-05 0.000175973 0 0.0212064 0.0756013 0.00355108 48 -0.0239561 0.0544606 0.00470057
142 1 0.441447 0.208283 0 2.68092e-05 0.000176216 0 0.0216069 0.0757724 0.0021437 48 -0.0237096 0.0543217 0.00284212
143 1 0.480481 0.208277 0 9.04405e-06 0.00017535 0 0.0218041 0.0758585 0.000716624 48 -0.0235893 0.0542545 0.000950826
166 1 0.363945 0.250534 0 7.21977e-05 0.000226642 0 0.0170994 0.0770459 0.00420944 48 -0.0280082 0.0584048 0.00548751
167 1 0.402806 0.250504 0 5.11265e-05 0.000224559 0 0.0177238 0.0773579 0.00305443 48 -0.0276574 0.0582527 0.00399467
168 1 0.441679 0.250487 0 3.05659e-05 0.000223059 0 0.0181339 0.0775639 0.00185052 48 -0.0274275 0.0581523 0.00242503
169 1 0.480559 0.250479 0 1.00358e-05 0.000222343 0 0.018337 0.0776665 0.000619695 48 -0.0273138 0.0581025 0.000812871
192 1 0.364405 0.292877 0 7.88947e-05 0.000269626 0 0.013995 0.0782723 0.00346783 48 -0.0310965 0.0614702 0.00446421
193 1 0.403136 0.292843 0 5.61149e-05 0.000269243 0 0.0145987 0.0786474 0.00253005 48 -0.030803 0.0614069 0.00326978
194 1 0.441877 0.292824 0 3.34999e-05 0.000267745 0 0.0149991 0.0788921 0.00153821 48 -0.0306062 0.0613599 0.00199283
195 1 0.480625 0.292815 0 1.10285e-05 0.000267691 0 0.0151986 0.0790129 0.000516002 48 -0.0305076 0.0613351 0.000669296
218 1 0.364782 0.335324 0 8.32683e-05 0.000323487 0 0.0113916 0.0791795 0.00274375 48 -0.033607 0.0639399 0.00348998
219 1 0.403408 0.335291 0 5.87873e-05 0.000320484 0 0.011958 0.0796177 0.00201181 48 -0.0333822 0.0639735 0.00257084
220 1 0.442041 0.335271 0 3.50822e-05 0.000318584 0 0.0123373 0.0799018 0.0012271 48 -0.0332268 0.0639863 0.00157263
221 1 0.48068 0.335261 0 1.20621e-05 0.000317816 0 0.0125274 0.0800416 0.000412289 48 -0.0331475 0.0639901 0.000529121
144 1 0.519519 0.208277 0 -9.04405e-06 0.00017535 0 0.0218041 0.0758585 -0.000716624 48 -0.0235893 0.0542545 -0.000950826
145 1 0.558553 0.208283 0 -2.68092e-05 0.000176216 0 0.0216069 0.0757724 -0.0021437 48 -0.0237096 0.0543217 -0.00284212
146 1 0.59758 0.208296 0 -4.50452e-05 0.000175973 0 0.0212064 0.0756013 -0.00355108 48 -0.0239561 0.0544606 -0.00470057
147 1 0.636594 0.20832 0 -6.3737e-05 0.000177954 0 0.0205902 0.0753474 -0.00492145 48 -0.0243398 0.05468 -0.00649794
170 1 0.519441 0.250479 0 -1.00358e-05 0.000222343 0 0.018337 0.0776665 -0.000619695 48 -0.0273138 0.0581025 -0.000812871
171 1 0.558321 0.250487 0 -3.05659e-05 0.000223059 0 0.0181339 0.0775639 -0.00185052 48 -0.0274275 0.0581523 -0.00242503
172 1 0.597194 0.250504 0 -5.11265e-05 0.000224559 0 0.0177238 0.0773579 -0.00305443 48 -0.0276574 0.0582527 -0.00399467
173 1 0.636055 0.250534 0 -7.21977e-05 0.000226642 0 0.0170994 0.0770459 -0.00420944 48 -0.0280082 0.0584048 -0.00548751
196 1 0.519375 0.292815 0 -1.10285e-05 0.000267691 0 0.0151986 0.0790129 -0.000516002 48 -0.0305076 0.0613351 -0.000669296
197 1 0.558123 0.292824 0 -3.34999e-05 0.000267745 0 0.0149991 0.0788921 -0.00153821 48 -0.0306062 0.0613599 -0.00199283
198 1 0.596864 0.292843 0 -5.61149e-05 0.000269243 0 0.0145987 0.0786474 -0.00253005 48 -0.030803 0.0614069 -0.00326978
199 1 0.635595 0.292877 0 -7.88947e-05 0.000269626 0 0.013995 0.0782723 -0.00346783 48 -0.0310965 0.0614702 -0.00446421
222 1 0.51932 0.335261 0 -1.20621e-05 0.000317816 0 0.0125274 0.0800416 -0.000412289 48 -0.0331475 0.0639901 -0.000529121
223 1 0.557959 0.335271 0 -3.50822e-05 0.000318584 0 0.0123373 0.0799018 -0.0012271 48 -0.0332268 0.0639863 -0.00157263
224 1 0.596592 0.335291 0 -5.87873e-05 0.000320484 0 0.011958 0.0796177 -0.00201181 48 -0.0333822 0.0639735 -0.00257084
225 1 0.635218 0.335324 0 -8.32683e-05 0.000323487 0 0.0113916 0.0791795 -0.00274375 48 -0.033607 0.0639399 -0.00348998
148 1 0.675588 0.20836 0 -8.31285e-05 0.000178205 0 0.0197391 0.0750121 -0.0062305 48 -0.0248774 0.0549913 -0.00819542
149 1 0.714555 0.208424 0 -0.000103056 0.000180726 0 0.0186265 0.0745929 -0.00744291 48 -0.0255889 0.0554056 -0.00973779
150 1 0.753488 0.208523 0 -0.000124413 0.000182585 0 0.0172178 0.0740773 -0.00850695 48 -0.0264948 0.0559266 -0.0110456
151 1 0.792378 0.208673 0 -0.000146601 0.000186585 0 0.0154711 0.073429 -0.00934912 48 -0.0276074 0.0565365 -0.0120081
174 1 0.674898 0.250583 0 -9.40015e-05 0.000229073 0 0.0162496 0.0766222 -0.00528714 48 -0.0284856 0.0586077 -0.00685992
175 1 0.713718 0.250658 0 -0.00011656 0.000231873 0 0.0151607 0.0760739 -0.00624981 48 -0.0290934 0.0588542 -0.00805488
176 1 0.752508 0.25077 0 -0.000139729 0.000234228 0 0.0138171 0.0753751 -0.00704752 48 -0.0298295 0.0591237 -0.00899805
177 1 0.791265 0.250935 0 -0.000164079 0.000237018 0 0.0122012 0.0744737 -0.00761691 48 -0.0306779 0.0593695 -0.00959689
200 1 0.674312 0.29293 0 -0.000102606 0.000272026 0 0.0131851 0.077755 -0.00432276 48 -0.0314824 0.061538 -0.00553298
201 1 0.71301 0.293009 0 -0.000126446 0.00027506 0 0.0121669 0.0770749 -0.00505923 48 -0.0319513 0.0615891 -0.00642349
202 1 0.751687 0.293126 0 -0.000151458 0.000279748 0 0.0109389 0.076197 -0.00563379 48 -0.0324849 0.0615864 -0.00707265
203 1 0.79034 0.293293 0 -0.000177317 0.000284288 0 0.00950002 0.0750615 -0.00599669 48 -0.0330507 0.0614677 -0.00740981
226 1 0.673832 0.335377 0 -0.000107415 0.000326958 0 0.0106418 0.0785707 -0.0033966 48 -0.0338893 0.0638659 -0.00429129
227 1 0.712434 0.335454 0 -0.000132927 0.000329032 0 0.00971519 0.0777658 -0.00393959 48 -0.0342103 0.0637203 -0.00493017
228 1 0.751021 0.335565 0 -0.000158713 0.000331486 0 0.00862084 0.0767249 -0.0043378 48 -0.0345412 0.0634566 -0.00535695
229 1 0.789594 0.335721 0 -0.000184881 0.000334948 0 0.00736743 0.0753869 -0.00455491 48 -0.034842 0.0630073 -0.00552144
152 1 0.831215 0.208895 0 -0.000170561 0.0001915 0 0.013341 0.0725659 -0.00987602 48 -0.0289147 0.0571719 -0.0124877
153 1 0.869992 0.209221 0 -0.000194783 0.000196307 0 0.0107682 0.0713209 -0.0100023 47 -0.0303657 0.0576942 -0.0123661
154 1 0.908705 0.209685 0 -0.000221098 0.00020445 0 0.0078743 0.0695707 -0.00985613 42 -0.0317848 0.057907 -0.0118708
155 1 0.947356 0.21031 0 -0.000248522 0.000213702 0 0.0035551 0.0664966 -0.00961908 35 -0.0336022 0.0577394 -0.0112874
156 1 0.985943 0.211083 0 -0.00027664 0.000224377 0 -0.00437617 0.0608456 -0.00908863 28 -0.0368651 0.0573671 -0.0102457
178 1 0.829983 0.251172 0 -0.000189079 0.000241463 0 0.0102912 0.0732712 -0.00788818 48 -0.0315998 0.0595012 -0.00975251
179 1 0.868661 0.251506 0 -0.000215958 0.000246022 0 0.00803783 0.0715884 -0.00781317 47 -0.0325326 0.0593696 -0.00940432
180 1 0.907301 0.251961 0 -0.000242469 0.000251772 0 0.00539923 0.0692333 -0.00753137 42 -0.0334003 0.0588216 -0.00878914
181 1 0.945908 0.252549 0 -0.000270538 0.00025922 0 0.00134918 0.065598 -0.00721286 35 -0.0346873 0.0579389 -0.00816487
182 1 0.984483 0.253251 0 -0.000299247 0.000268737 0 -0.00557844 0.0600597 -0.00671707 28 -0.037208 0.057047 -0.00726761
204 1 0.828968 0.293526 0 -0.000203391 0.000288888 0 0.00784123 0.0735668 -0.00610073 48 -0.0335994 0.0611355 -0.00737101
205 1 0.867574 0.293844 0 -0.000230667 0.000294346 0 0.00591548 0.0715431 -0.00592591 47 -0.0340741 0.0604532 -0.00693713
206 1 0.906165 0.294264 0 -0.000258269 0.000301033 0 0.00356202 0.0687734 -0.00560598 42 -0.0344834 0.0593222 -0.00632861
207 1 0.944745 0.294789 0 -0.000286019 0.000306877 0 -0.000140166 0.0648411 -0.00528667 35 -0.035331 0.0579377 -0.00576042
208 1 0.983317 0.295398 0 -0.000314173 0.000313586 0 -0.00611097 0.0595729 -0.0048714 28 -0.0372408 0.0567096 -0.00504652
230 1 0.828156 0.335934 0 -0.000212573 0.000337991 0 0.0059518 0.0736556 -0.00456197 48 -0.0350625 0.0622797 -0.00538666
231 1 0.866712 0.336218 0 -0.000239267 0.000342865 0 0.00432551 0.0713808 -0.00435705 47 -0.0351594 0.0611603 -0.00495858
232 1 0.905269 0.336582 0 -0.000267436 0.000346789 0 0.00224373 0.0683432 -0.00405739 42 -0.035208 0.059602 -0.00442614
233 1 0.943833 0.337027 0 -0.000295301 0.000352618 0 -0.00111292 0.0642795 -0.00377951 35 -0.0357127 0.0578791 -0.00395756
234 1 0.982405 0.337533 0 -0.000323271 0.000358035 0 -0.00627338 0.0593191 -0.00345704 28 -0.0371509 0.056442 -0.00342226
235 1 0.018286 0.379659 0 0.000326893 0.000401219 0 -0.00625507 0.0592174 0.00237341 28 -0.0370309 0.0562573 0.00224493
236 1 0.0568584 0.379263 0 0.000299652 0.00039879 0 -0.00173267 0.0638929 0.00260762 35 -0.0359402 0.0578194 0.00262418
237 1 0.0954129 0.37891 0 0.00027246 0.000396071 0 0.00132472 0.0679948 0.00282633 42 -0.0356899 0.0597624 0.00298079
238 1 0.133948 0.378614 0 0.000245423 0.000392745 0 0.00317479 0.0711966 0.00307448 47 -0.0359108 0.0616211 0.00340454
239 1 0.172468 0.378379 0 0.000217438 0.00038867 0 0.0045505 0.0736473 0.00326504 48 -0.0361072 0.0630695 0.00377197
261 1 0.0187814 0.42178 0 0.000326922 0.000444795 0 -0.00616789 0.0592004 0.00153036 28 -0.0369227 0.0561425 0.00138782
262 1 0.0573548 0.421497 0 0.000300037 0.000443592 0 -0.00211327 0.0636449 0.00168675 35 -0.0360746 0.0577756 0.0016366
263 1 0.0959031 0.421241 0 0.000272998 0.000440632 0 0.000711335 0.0677403 0.00184145 42 -0.0360022 0.0598555 0.00188342
264 1 0.134423 0.421025 0 0.00024574 0.00043841 0 0.00238259 0.0710367 0.00202346 47 -0.0364124 0.0619144 0.00218669
265 1 0.17292 0.42085 0 0.000218822 0.000434569 0 0.00356672 0.0736033 0.00217326 48 -0.0368209 0.0635951 0.00246312
287 1 0.0191002 0.463899 0 0.000323464 0.000487412 0 -0.0060774 0.0592174 0.000849361 28 -0.0368439 0.0560783 0.000744229
288 1 0.0576744 0.46373 0 0.000297201 0.000488065 0 -0.00232918 0.0635001 0.000938322 35 -0.0361492 0.0577484 0.000884047
289 1 0.0962192 0.463576 0 0.000270853 0.000488581 0 0.000337343 0.0675751 0.00102991 42 -0.0361887 0.0599062 0.00102814
290 1 0.134731 0.463444 0 0.000244259 0.000487817 0 0.00188782 0.0709209 0.00114016 47 -0.0367185 0.0620863 0.00120908
291 1 0.173213 0.463337 0 0.000217856 0.000486 0 0.0029434 0.0735567 0.00123473 48 -0.0372638 0.0639139 0.00137928
313 1 0.0192549 0.506017 0 0.000317324 0.000529527 0 -0.00602063 0.0592341 0.00026211 28 -0.0368009 0.0560485 0.00022331
314 1 0.0578295 0.505962 0 0.000291862 0.000531132 0 -0.00242469 0.0634327 0.000290844 35 -0.0361805 0.0577337 0.000268052
315 1 0.0963727 0.505911 0 0.0002661 0.000531293 0 0.000161453 0.0674919 0.000321199 42 -0.0362741 0.059926 0.000315325
316 1 0.134881 0.505868 0 0.000240469 0.000530721 0 0.00165107 0.0708577 0.000358084 47 -0.0368613 0.0621624 0.000375209
317 1 0.173356 0.505832 0 0.000214358 0.000530067 0 0.00264224 0.073525 0.000390494 48 -0.0374732 0.0640606 0.000432542
240 1 0.210982 0.3782 0 0.000190922 0.000384378 0 0.00575465 0.0755591 0.00330361 48 -0.036154 0.0641123 0.00393343
241 1 0.249497 0.378067 0 0.000163898 0.000379467 0 0.00683894 0.0770609 0.0031829 48 -0.0360794 0.0648378 0.00387147
242 1 0.288017 0.37797 0 0.000137715 0.000375062 0 0.00780472 0.0782391 0.00291885 48 -0.035929 0.0653287 0.00360476
243 1 0.326545 0.377902 0 0.000112052 0.000371493 0 0.00863784 0.0791529 0.00253618 48 -0.0357453 0.0656516 0.00316653
266 1 0.211402 0.420715 0 0.000191827 0.000433208 0 0.00460474 0.0756436 0.00222247 48 -0.0370681 0.0648703 0.00260559
267 1 0.249876 0.420613 0 0.000165055 0.00043007 0 0.00555199 0.0772676 0.0021613 48 -0.0371689 0.0658073 0.00259513
268 1 0.288348 0.420539 0 0.000139006 0.000427563 0 0.00641014 0.078552 0.00199745 48 -0.0371627 0.0664772 0.00243952
269 1 0.326822 0.420485 0 0.00011289 0.000424697 0 0.00716232 0.0795521 0.00174645 48 -0.0370919 0.0669437 0.00215907
292 1 0.211674 0.463253 0 0.0001912 0.000481872 0 0.00386799 0.0756787 0.0012725 48 -0.0376435 0.0653413 0.00147482
293 1 0.250123 0.46319 0 0.00016537 0.000478853 0 0.00471962 0.0773831 0.00124586 48 -0.0378631 0.06642 0.00148185
294 1 0.288564 0.463143 0 0.000138754 0.000474501 0 0.00550104 0.0787391 0.00115788 48 -0.0379567 0.0672127 0.00140277
295 1 0.327003 0.463109 0 0.000113359 0.000472759 0 0.00619436 0.0797985 0.00101691 48 -0.0379652 0.0677792 0.00124828
318 1 0.211808 0.505805 0 0.000188737 0.000528601 0 0.0035094 0.0756861 0.00040486 48 -0.0379186 0.0655625 0.000466328
319 1 0.250243 0.505783 0 0.00016262 0.000527283 0 0.00431217 0.0774302 0.000398331 48 -0.0381978 0.066712 0.00047153
320 1 0.28867 0.505768 0 0.000137554 0.000523671 0 0.00505388 0.078822 0.000371659 48 -0.0383421 0.0675667 0.000448543
321 1 0.327093 0.505756 0 0.000111899 0.000520913 0 0.00571638 0.0799115 0.000327405 48 -0.0383915 0.0681844 0.000400607
244 1 0.36508 0.377855 0 8.62494e-05 0.000368634 0 0.00932267 0.0798434 0.00206101 48 -0.0355626 0.0658575 0.00259327
245 1 0.403623 0.377825 0 6.16145e-05 0.00036829 0 0.00984646 0.0803393 0.00151777 48 -0.035406 0.0659833 0.0019199
246 1 0.442171 0.377806 0 3.68996e-05 0.000366431 0 0.0102002 0.0806599 0.000928375 48 -0.0352928 0.0660542 0.00117825
247 1 0.480723 0.377798 0 1.17656e-05 0.000365848 0 0.0103784 0.0808174 0.000312354 48 -0.0352336 0.0660859 0.00039706
270 1 0.365299 0.420449 0 8.76014e-05 0.000420993 0 0.007789 0.0803087 0.00142608 48 -0.036993 0.0672586 0.00177828
271 1 0.403781 0.420424 0 6.23024e-05 0.000418349 0 0.00827336 0.0808518 0.00105386 48 -0.036895 0.0674619 0.00132192
272 1 0.442267 0.42041 0 3.71125e-05 0.000415709 0 0.00860292 0.0812027 0.00064608 48 -0.0368187 0.0675822 0.00081341
273 1 0.480755 0.420403 0 1.27253e-05 0.000415794 0 0.00876967 0.0813749 0.000217624 48 -0.0367772 0.0676379 0.000274473
296 1 0.365443 0.463086 0 8.75095e-05 0.000469566 0 0.00677789 0.0806012 0.000833237 48 -0.0379264 0.0681713 0.00103237
297 1 0.403886 0.46307 0 6.22816e-05 0.000468502 0 0.00723251 0.0811777 0.000617293 48 -0.0378708 0.0684301 0.000769689
298 1 0.44233 0.463061 0 3.7498e-05 0.000467433 0 0.00754363 0.0815502 0.000379048 48 -0.0378214 0.0685861 0.00047451
299 1 0.480777 0.463057 0 1.21975e-05 0.000465688 0 0.00770154 0.0817329 0.000127776 48 -0.037793 0.0686591 0.000160265
322 1 0.365514 0.505748 0 8.68571e-05 0.000517588 0 0.0062771 0.0807378 0.000268876 48 -0.0383837 0.0686162 0.000332205
323 1 0.403937 0.505743 0 6.21441e-05 0.000514565 0 0.00671581 0.0813314 0.000199519 48 -0.0383503 0.0689038 0.000248148
324 1 0.442361 0.50574 0 3.6927e-05 0.000513211 0 0.00701692 0.081715 0.000122644 48 -0.0383151 0.0690783 0.000153169
325 1 0.480787 0.505739 0 1.24576e-05 0.000512636 0 0.00717004 0.0819031 4.1366e-05 48 -0.0382936 0.0691605 5.1765e-05
248 1 0.519277 0.377798 0 -1.17656e-05 0.000365848 0 0.0103784 0.0808174 -0.000312354 48 -0.0352336 0.0660859 -0.00039706
249 1 0.557829 0.377806 0 -3.68996e-05 0.000366431 0 0.0102002 0.0806599 -0.000928375 48 -0.0352928 0.0660542 -0.00117825
250 1 0.596377 0.377825 0 -6.16145e-05 0.00036829 0 0.00984646 0.0803393 -0.00151777 48 -0.035406 0.0659833 -0.0019199
251 1 0.63492 0.377855 0 -8.62494e-05 0.000368634 0 0.00932267 0.0798434 -0.00206101 48 -0.0355626 0.0658575 -0.00259327
274 1 0.519245 0.420403 0 -1.27253e-05 0.000415794 0 0.00876967 0.0813749 -0.000217624 48 -0.0367772 0.0676379 -0.000274473
275 1 0.557733 0.42041 0 -3.71125e-05 0.000415709 0 0.00860292 0.0812027 -0.00064608 48 -0.0368187 0.0675822 -0.00081341
276 1 0.596219 0.420424 0 -6.23024e-05 0.000418349 0 0.00827336 0.0808518 -0.00105386 48 -0.036895 0.0674619 -0.00132192
277 1 0.634701 0.420449 0 -8.76014e-05 0.000420993 0 0.007789 0.0803087 -0.00142608 48 -0.036993 0.0672586 -0.00177828
300 1 0.519223 0.463057 0 -1.21975e-05 0.000465688 0 0.00770154 0.0817329 -0.000127776 48 -0.037793 0.0686591 -0.000160265
301 1 0.55767 0.463061 0 -3.7498e-05 0.000467433 0 0.00754363 0.0815502 -0.000379048 48 -0.0378214 0.0685861 -0.00047451
302 1 0.596114 0.46307 0 -6.22816e-05 0.000468502 0 0.00723251 0.0811777 -0.000617293 48 -0.0378708 0.0684301 -0.000769689
303 1 0.634557 0.463086 0 -8.75095e-05 0.000469566 0 0.00677789 0.0806012 -0.000833237 48 -0.0379264 0.0681713 -0.00103237
326 1 0.519213 0.505739 0 -1.24576e-05 0.000512636 0 0.00717004 0.0819031 -4.1366e-05 48 -0.0382936 0.0691605 -5.1765e-05
327 1 0.557639 0.50574 0 -3.6927e-05 0.000513211 0 0.00701692 0.081715 -0.000122644 48 -0.0383151 0.0690783 -0.000153169
328 1 0.596063 0.505743 0 -6.21441e-05 0.000514565 0 0.00671581 0.0813314 -0.000199519 48 -0.0383503 0.0689038 -0.000248148
329 1 0.634486 0.505748 0 -8.68571e-05 0.000517588 0 0.0062771 0.0807378 -0.000268876 48 -0.0383837 0.0686162 -0.000332205
252 1 0.673455 0.377902 0 -0.000112052 0.000371493 0 0.00863784 0.0791529 -0.00253618 48 -0.0357453 0.0656516 -0.00316653
253 1 0.711983 0.37797 0 -0.000137715 0.000375062 0 0.00780472 0.0782391 -0.00291885 48 -0.035929 0.0653287 -0.00360476
254 1 0.750503 0.378067 0 -0.000163898 0.000379467 0 0.00683894 0.0770609 -0.0031829 48 -0.0360794 0.0648378 -0.00387147
255 1 0.789018 0.3782 0 -0.000190922 0.000384378 0 0.00575465 0.0755591 -0.00330361 48 -0.036154 0.0641123 -0.00393343
278 1 0.673178 0.420485 0 -0.00011289 0.000424697 0 0.00716232 0.0795521 -0.00174645 48 -0.0370919 0.0669437 -0.00215907
279 1 0.711652 0.420539 0 -0.000139006 0.000427563 0 0.00641014 0.078552 -0.00199745 48 -0.0371627 0.0664772 -0.00243952
280 1 0.750124 0.420613 0 -0.000165055 0.00043007 0 0.00555199 0.0772676 -0.0021613 48 -0.0371689 0.0658073 -0.00259513
281 1 0.788598 0.420715 0 -0.000191827 0.000433208 0 0.00460474 0.0756436 -0.00222247 48 -0.0370681 0.0648703 -0.00260559
304 1 0.672997 0.463109 0 -0.000113359 0.000472759 0 0.00619436 0.0797985 -0.00101691 48 -0.0379652 0.0677792 -0.00124828
305 1 0.711436 0.463143 0 -0.000138754 0.000474501 0 0.00550104 0.0787391 -0.00115788 48 -0.0379567 0.0672127 -0.00140277
306 1 0.749877 0.46319 0 -0.00016537 0.000478853 0 0.00471962 0.0773831 -0.00124586 48 -0.0378631 0.06642 -0.00148185
307 1 0.788326 0.463253 0 -0.0001912 0.000481872 0 0.00386799 0.0756787 -0.0012725 48 -0.0376435 0.0653413 -0.00147482
330 1 0.672907 0.505756 0 -0.000111899 0.000520913 0 0.00571638 0.0799115 -0.000327405 48 -0.0383915 0.0681844 -0.000400607
331 1 0.71133 0.505768 0 -0.000137554 0.000523671 0 0.00505388 0.078822 -0.000371659 48 -0.0383421 0.0675667 -0.000448543
332 1 0.749757 0.505783 0 -0.00016262 0.000527283 0 0.00431217 0.0774302 -0.000398331 48 -0.0381978 0.066712 -0.00047153
333 1 0.788192 0.505805 0 -0.000188737 0.000528601 0 0.0035094 0.0756861 -0.00040486 48 -0.0379186 0.0655625 -0.000466328
256 1 0.827532 0.378379 0 -0.000217438 0.00038867 0 0.0045505 0.0736473 -0.00326504 48 -0.0361072 0.0630695 -0.00377197
257 1 0.866052 0.378614 0 -0.000245423 0.000392745 0 0.00317479 0.0711966 -0.00307448 47 -0.0359108 0.0616211 -0.00340454
258 1 0.904587 0.37891 0 -0.00027246 0.000396071 0 0.00132472 0.0679948 -0.00282633 42 -0.0356899 0.0597624 -0.00298079
259 1 0.943142 0.379263 0 -0.000299652 0.00039879 0 -0.00173267 0.0638929 -0.00260762 35 -0.0359402 0.0578194 -0.00262418
260 1 0.981714 0.379659 0 -0.000326893 0.000401219 0 -0.00625507 0.0592174 -0.00237341 28 -0.0370309 0.0562573 -0.00224493
282 1 0.82708 0.42085 0 -0.000218822 0.000434569 0 0.00356672 0.0736033 -0.00217326 48 -0.0368209 0.0635951 -0.00246312
283 1 0.865577 0.421025 0 -0.00024574 0.00043841 0 0.00238259 0.0710367 -0.00202346 47 -0.0364124 0.0619144 -0.00218669
284 1 0.904097 0.421241 0 -0.000272998 0.000440632 0 0.000711335 0.0677403 -0.00184145 42 -0.0360022 0.0598555 -0.00188342
285 1 0.942645 0.421497 0 -0.000300037 0.000443592 0 -0.00211327 0.0636449 -0.00168675 35 -0.0360746 0.0577756 -0.0016366
286 1 0.981219 0.42178 0 -0.000326922 0.000444795 0 -0.00616789 0.0592004 -0.00153036 28 -0.0369227 0.0561425 -0.00138782
308 1 0.826787 0.463337 0 -0.000217856 0.000486 0 0.0029434 0.0735567 -0.00123473 48 -0.0372638 0.0639139 -0.00137928
309 1 0.865269 0.463444 0 -0.000244259 0.000487817 0 0.00188782 0.0709209 -0.00114016 47 -0.0367185 0.0620863 -0.00120908
310 1 0.903781 0.463576 0 -0.000270853 0.000488581 0 0.000337343 0.0675751 -0.00102991 42 -0.0361887 0.0599062 -0.00102814
311 1 0.942326 0.46373 0 -0.000297201 0.000488065 0 -0.00232918 0.0635001 -0.000938322 35 -0.0361492 0.0577484 -0.000884047
312 1 0.9809 0.463899 0 -0.000323464 0.000487412 0 -0.0060774 0.0592174 -0.000849361 28 -0.0368439 0.0560783 -0.000744229
334 1 0.826644 0.505832 0 -0.000214358 0.000530067 0 0.00264224 0.073525 -0.000390494 48 -0.0374732 0.0640606 -0.000432542
335 1 0.865119 0.505868 0 -0.000240469 0.000530721 0 0.00165107 0.0708577 -0.000358084 47 -0.0368613 0.0621624 -0.000375209
336 1 0.903627 0.505911 0 -0.0002661 0.000531293 0 0.000161453 0.0674919 -0.000321199 42 -0.0362741 0.059926 -0.000315325
337 1 0.942171 0.505962 0 -0.000291862 0.000531132 0 -0.00242469 0.0634327 -0.000290844 35 -0.0361805 0.0577337 -0.000268052
338 1 0.980745 0.506017 0 -0.000317324 0.000529527 0 -0.00602063 0.0592341 -0.00026211 28 -0.0368009 0.0560485 -0.00022331
339 2 0.0192516 0.548135 0 0.000309607 0.000570884 0 -0.00601296 0.0592343 -0.000294059 28 -0.0367953 0.0560442 -0.000257221
340 2 0.0578263 0.548193 0 0.000284543 0.000574157 0 -0.0024205 0.0634293 -0.000322972 35 -0.0361757 0.0577283 -0.000302719
341 2 0.0963697 0.548247 0 0.000259129 0.000577232 0 0.00016382 0.0674858 -0.000352866 42 -0.0362693 0.0599192 -0.000349855
342 2 0.134878 0.548293 0 0.000234051 0.000578324 0 0.001653 0.0708498 -0.000389543 47 -0.036856 0.0621541 -0.00041016
343 2 0.173354 0.54833 0 0.000209048 0.000577674 0 0.00264422 0.073516 -0.000421353 48 -0.0374673 0.0640512 -0.000467528
365 2 0.0190904 0.590253 0 0.000299944 0.000610967 0 -0.00605583 0.0592169 -0.0008795 28 -0.0368276 0.0560654 -0.000776304
366 2 0.057665 0.590425 0 0.00027548 0.000615304 0 -0.00231713 0.0634895 -0.000968507 35 -0.036135 0.0577321 -0.00091665
367 2 0.0962103 0.590582 0 0.000251315 0.000618423 0 0.000344118 0.0675565 -0.00105953 42 -0.0361745 0.0598857 -0.00106045
368 2 0.134723 0.590716 0 0.000226675 0.000620175 0 0.00189309 0.0708971 -0.00116949 47 -0.0367027 0.0620616 -0.00124168
369 2 0.173206 0.590825 0 0.000202303 0.000621522 0 0.00294855 0.0735294 -0.00126347 48 -0.0372463 0.063886 -0.00141188
391 2 0.0187656 0.632371 0 0.000288922 0.000651369 0 -0.00613278 0.059199 -0.00155674 28 -0.0368959 0.0561209 -0.00141597
392 2 0.0573397 0.632657 0 0.0002652 0.000656768 0 -0.00209417 0.0636269 -0.00171295 35 -0.0360516 0.0577486 -0.00166491
393 2 0.0958889 0.632915 0 0.00024125 0.000660912 0 0.0007219 0.0677095 -0.00186699 42 -0.0359791 0.0598217 -0.00191129
394 2 0.13441 0.633134 0 0.00021793 0.000663496 0 0.00239072 0.0709976 -0.00204862 47 -0.0363869 0.0618741 -0.00221465
395 2 0.172908 0.63331 0 0.000194194 0.000665193 0 0.00357456 0.0735588 -0.00219782 48 -0.0367927 0.0635498 -0.002491
417 2 0.018265 0.674492 0 0.000276632 0.000689027 0 -0.00620875 0.0592135 -0.00239444 28 -0.0369944 0.056227 -0.00226758
418 2 0.0568385 0.67489 0 0.000253263 0.000695412 0 -0.00170799 0.063867 -0.00262806 35 -0.035909 0.0577819 -0.0026463
419 2 0.0953941 0.675246 0 0.000230446 0.000701194 0 0.00133779 0.067952 -0.00284589 42 -0.0356589 0.0597162 -0.00300209
420 2 0.13393 0.675543 0 0.000207126 0.000705273 0 0.0031845 0.0711429 -0.00309352 47 -0.0358767 0.0615665 -0.00342566
421 2 0.172452 0.675779 0 0.000184845 0.000707385 0 0.00455967 0.0735864 -0.00328353 48 -0.0360697 0.0630084 -0.00379294
344 2 0.211805 0.54836 0 0.000183635 0.000576469 0 0.00351135 0.0756763 -0.000434191 48 -0.0379123 0.0655523 -0.000500116
345 2 0.250241 0.548382 0 0.000159016 0.000573493 0 0.00431411 0.0774198 -0.000425309 48 -0.0381911 0.0667012 -0.000503
346 2 0.288668 0.548399 0 0.000133861 0.000572039 0 0.0050558 0.0788112 -0.000395576 48 -0.0383352 0.0675555 -0.000476727
347 2 0.327091 0.548411 0 0.00010924 0.000570141 0 0.00571819 0.0799002 -0.000347711 48 -0.0383844 0.0681728 -0.000424727
370 2 0.211668 0.59091 0 0.000178154 0.000620513 0 0.00387311 0.0756489 -0.00129981 48 -0.0376247 0.0653109 -0.00150631
371 2 0.250117 0.590975 0 0.000153957 0.00061988 0 0.00472469 0.0773516 -0.00127096 48 -0.0378434 0.0663878 -0.00151117
372 2 0.288559 0.591023 0 0.000129855 0.000616764 0 0.00550598 0.0787063 -0.00118015 48 -0.0379363 0.0671792 -0.00142906
373 2 0.326999 0.591057 0 0.000106212 0.000613864 0 0.00619913 0.0797647 -0.00103584 48 -0.0379444 0.0677447 -0.0012708
396 2 0.211391 0.633447 0 0.000171098 0.00066479 0 0.00461254 0.0755952 -0.00224575 48 -0.0370378 0.0648212 -0.00263249
397 2 0.249866 0.63355 0 0.0001476 0.000664669 0 0.00555963 0.0772164 -0.0021827 48 -0.0371372 0.0657553 -0.00262019
398 2 0.28834 0.633625 0 0.000124869 0.000663287 0 0.00641749 0.0784986 -0.00201645 48 -0.03713 0.0664231 -0.00246199
399 2 0.326815 0.633679 0 0.000101726 0.000662464 0 0.00716938 0.0794972 -0.00176259 48 -0.0370585 0.0668881 -0.00217834
422 2 0.210968 0.67596 0 0.000162129 0.000708249 0 0.00576355 0.0754932 -0.00332113 48 -0.0361139 0.0640462 -0.00395367
423 2 0.249485 0.676094 0 0.000140264 0.000707514 0 0.00684751 0.0769912 -0.00319903 48 -0.0360375 0.0647682 -0.00389039
424 2 0.288007 0.676191 0 0.000118074 0.000705397 0 0.00781286 0.0781666 -0.0029332 48 -0.0358858 0.0652563 -0.0036218
425 2 0.326536 0.67626 0 9.67668e-05 0.000703198 0 0.00864547 0.0790784 -0.00254842 48 -0.0357013 0.0655774 -0.0031812
348 2 0.365513 0.548419 0 8.50732e-05 0.000567713 0 0.00627885 0.0807263 -0.000285126 48 -0.0383765 0.0686043 -0.000351625
349 2 0.403936 0.548425 0 5.9982e-05 0.000566698 0 0.00671752 0.0813199 -0.000211368 48 -0.0383431 0.0688918 -0.000262379
350 2 0.442361 0.548428 0 3.65234e-05 0.00056477 0 0.00701858 0.0817033 -0.00012985 48 -0.0383078 0.0690662 -0.000161847
351 2 0.480787 0.54843 0 1.20027e-05 0.000563898 0 0.00717168 0.0818914 -4.37826e-05 48 -0.0382863 0.0691484 -5.46776e-05
374 2 0.36544 0.591081 0 8.20672e-05 0.000611718 0 0.0067825 0.0805667 -0.000848383 48 -0.0379052 0.068136 -0.0010505
375 2 0.403883 0.591097 0 5.9195e-05 0.000608912 0 0.00723694 0.0811427 -0.000628348 48 -0.0378495 0.0683944 -0.000782995
376 2 0.442329 0.591107 0 3.47892e-05 0.000608641 0 0.00754789 0.0815149 -0.000385773 48 -0.0378 0.06855 -0.000482628
377 2 0.480776 0.591111 0 1.18694e-05 0.000607072 0 0.00770575 0.0816974 -0.000130032 48 -0.0377716 0.068623 -0.000162985
400 2 0.365294 0.633717 0 7.91721e-05 0.000661107 0 0.00779573 0.0802527 -0.00143902 48 -0.0369592 0.0672019 -0.00179383
401 2 0.403778 0.633741 0 5.61292e-05 0.000658264 0 0.00827982 0.0807951 -0.00106332 48 -0.0368609 0.0674045 -0.00133334
402 2 0.442265 0.633756 0 3.41531e-05 0.000657747 0 0.00860922 0.0811455 -0.000651837 48 -0.0367844 0.0675243 -0.000820386
403 2 0.480755 0.633763 0 1.10255e-05 0.000656989 0 0.00877583 0.0813174 -0.000219551 48 -0.0367429 0.0675798 -0.00027681
426 2 0.365073 0.676307 0 7.48805e-05 0.00070122 0 0.00932981 0.0797674 -0.00207085 48 -0.035518 0.0657819 -0.00260515
427 2 0.403618 0.676338 0 5.34633e-05 0.000700029 0 0.00985319 0.0802622 -0.00152497 48 -0.0353611 0.0659068 -0.00192865
428 2 0.442168 0.676357 0 3.19445e-05 0.000699394 0 0.0102067 0.0805822 -0.00093277 48 -0.0352477 0.0659771 -0.00118361
429 2 0.480722 0.676365 0 1.07609e-05 0.000697727 0 0.0103847 0.0807393 -0.000313837 48 -0.0351885 0.0660086 -0.000398869
352 2 0.519213 0.54843 0 -1.20027e-05 0.000563898 0 0.00717168 0.0818914 4.37826e-05 48 -0.0382863 0.0691484 5.46776e-05
353 2 0.557639 0.548428 0 -3.65234e-05 0.00056477 0 0.00701858 0.0817033 0.00012985 48 -0.0383078 0.0690662 0.000161847
354 2 0.596064 0.548425 0 -5.9982e-05 0.000566698 0 0.00671752 0.0813199 0.000211368 48 -0.0383431 0.0688918 0.000262379
355 2 0.634487 0.548419 0 -8.50732e-05 0.000567713 0 0.00627885 0.0807263 0.000285126 48 -0.0383765 0.0686043 0.000351625
378 2 0.519224 0.591111 0 -1.18694e-05 0.000607072 0 0.00770575 0.0816974 0.000130032 48 -0.0377716 0.068623 0.000162985
379 2 0.557671 0.591107 0 -3.47892e-05 0.000608641 0 0.00754789 0.0815149 0.000385773 48 -0.0378 0.06855 0.000482628
380 2 0.596117 0.591097 0 -5.9195e-05 0.000608912 0 0.00723694 0.0811427 0.000628348 48 -0.0378495 0.0683944 0.000782995
381 2 0.63456 0.591081 0 -8.20672e-05 0.000611718 0 0.0067825 0.0805667 0.000848383 48 -0.0379052 0.068136 0.0010505
404 2 0.519245 0.633763 0 -1.10255e-05 0.000656989 0 0.00877583 0.0813174 0.000219551 48 -0.0367429 0.0675798 0.00027681
405 2 0.557735 0.633756 0 -3.41531e-05 0.000657747 0 0.00860922 0.0811455 0.000651837 48 -0.0367844 0.0675243 0.000820386
406 2 0.596222 0.633741 0 -5.61292e-05 0.000658264 0 0.00827982 0.0807951 0.00106332 48 -0.0368609 0.0674045 0.00133334
407 2 0.634706 0.633717 0 -7.91721e-05 0.000661107 0 0.00779573 0.0802527 0.00143902 48 -0.0369592 0.0672019 0.00179383
430 2 0.519278 0.676365 0 -1.07609e-05 0.000697727 0 0.0103847 0.0807393 0.000313837 48 -0.0351885 0.0660086 0.000398869
431 2 0.557832 0.676357 0 -3.19445e-05 0.000699394 0 0.0102067 0.0805822 0.00093277 48 -0.0352477 0.0659771 0.00118361
432 2 0.596382 0.676338 0 -5.34633e-05 0.000700029 0 0.00985319 0.0802622 0.00152497 48 -0.0353611 0.0659068 0.00192865
433 2 0.634927 0.676307 0 -7.48805e-05 0.00070122 0 0.00932981 0.0797674 0.00207085 48 -0.035518 0.0657819 0.00260515
356 2 0.672909 0.548411 0 -0.00010924 0.000570141 0 0.00571819 0.0799002 0.000347711 48 -0.0383844 0.0681728 0.000424727
357 2 0.711332 0.548399 0 -0.000133861 0.000572039 0 0.0050558 0.0788112 0.000395576 48 -0.0383352 0.0675555 0.000476727
358 2 0.749759 0.548382 0 -0.000159016 0.000573493 0 0.00431411 0.0774198 0.000425309 48 -0.0381911 0.0667012 0.000503
359 2 0.788195 0.54836 0 -0.000183635 0.000576469 0 0.00351135 0.0756763 0.000434191 48 -0.0379123 0.0655523 0.000500116
382 2 0.673001 0.591057 0 -0.000106212 0.000613864 0 0.00619913 0.0797647 0.00103584 48 -0.0379444 0.0677447 0.0012708
383 2 0.711441 0.591023 0 -0.000129855 0.000616764 0 0.00550598 0.0787063 0.00118015 48 -0.0379363 0.0671792 0.00142906
384 2 0.749883 0.590975 0 -0.000153957 0.00061988 0 0.00472469 0.0773516 0.00127096 48 -0.0378434 0.0663878 0.00151117
385 2 0.788332 0.59091 0 -0.000178154 0.000620513 0 0.00387311 0.0756489 0.00129981 48 -0.0376247 0.0653109 0.00150631
408 2 0.673185 0.633679 0 -0.000101726 0.000662464 0 0.00716938 0.0794972 0.00176259 48 -0.0370585 0.0668881 0.00217834
409 2 0.71166 0.633625 0 -0.000124869 0.000663287 0 0.00641749 0.0784986 0.00201645 48 -0.03713 0.0664231 0.00246199
410 2 0.750134 0.63355 0 -0.0001476 0.000664669 0 0.00555963 0.0772164 0.0021827 48 -0.0371372 0.0657553 0.00262019
411 2 0.788609 0.633447 0 -0.000171098 0.00066479 0 0.00461254 0.0755952 0.00224575 48 -0.0370378 0.0648212 0.00263249
434 2 0.673464 0.67626 0 -9.67668e-05 0.000703198 0 0.00864547 0.0790784 0.00254842 48 -0.0357013 0.0655774 0.0031812
435 2 0.711993 0.676191 0 -0.000118074 0.000705397 0 0.00781286 0.0781666 0.0029332 48 -0.0358858 0.0652563 0.0036218
436 2 0.750515 0.676094 0 -0.000140264 0.000707514 0 0.00684751 0.0769912 0.00319903 48 -0.0360375 0.0647682 0.00389039
437 2 0.789032 0.67596 0 -0.000162129 0.000708249 0 0.00576355 0.0754932 0.00332113 48 -0.0361139 0.0640462 0.00395367
360 2 0.826646 0.54833 0 -0.000209048 0.000577674 0 0.00264422 0.073516 0.000421353 48 -0.0374673 0.0640512 0.000467528
361 2 0.865122 0.548293 0 -0.000234051 0.000578324 0 0.001653 0.0708498 0.000389543 47 -0.036856 0.0621541 0.00041016
362 2 0.90363 0.548247 0 -0.000259129 0.000577232 0 0.00016382 0.0674858 0.000352866 42 -0.0362693 0.0599192 0.000349855
363 2 0.942174 0.548193 0 -0.000284543 0.000574157 0 -0.0024205 0.0634293 0.000322972 35 -0.0361757 0.0577283 0.000302719
364 2 0.980748 0.548135 0 -0.000309607 0.000570884 0 -0.00601296 0.0592343 0.000294059 28 -0.0367953 0.0560442 0.000257221
386 2 0.826794 0.590825 0 -0.000202303 0.000621522 0 0.00294855 0.0735294 0.00126347 48 -0.0372463 0.063886 0.00141188
387 2 0.865277 0.590716 0 -0.000226675 0.000620175 0 0.00189309 0.0708971 0.00116949 47 -0.0367027 0.0620616 0.00124168
388 2 0.90379 0.590582 0 -0.000251315 0.000618423 0 0.000344118 0.0675565 0.00105953 42 -0.0361745 0.0598857 0.00106045
389 2 0.942335 0.590425 0 -0.00027548 0.000615304 0 -0.00231713 0.0634895 0.000968507 35 -0.036135 0.0577321 0.00091665
390 2 0.98091 0.590253 0 -0.000299944 0.000610967 0 -0.00605583 0.0592169 0.0008795 28 -0.0368276 0.0560654 0.000776304
412 2 0.827092 0.63331 0 -0.000194194 0.000665193 0 0.00357456 0.0735588 0.00219782 48 -0.0367927 0.0635498 0.002491
413 2 0.86559 0.633134 0 -0.00021793 0.000663496 0 0.00239072 0.0709976 0.00204862 47 -0.0363869 0.0618741 0.00221465
414 2 0.904111 0.632915 0 -0.00024125 0.000660912 0 0.0007219 0.0677095 0.00186699 42 -0.0359791 0.0598217 0.00191129
415 2 0.94266 0.632657 0 -0.0002652 0.000656768 0 -0.00209417 0.0636269 0.00171295 35 -0.0360516 0.0577486 0.00166491
416 2 0.981234 0.632371 0 -0.000288922 0.000651369 0 -0.00613278 0.059199 0.00155674 28 -0.0368959 0.0561209 0.00141597
438 2 0.827548 0.675779 0 -0.000184845 0.000707385 0 0.00455967 0.0735864 0.00328353 48 -0.0360697 0.0630084 0.00379294
439 2 0.86607 0.675543 0 -0.000207126 0.000705273 0 0.0031845 0.0711429 0.00309352 47 -0.0358767 0.0615665 0.00342566
440 2 0.904606 0.675246 0 -0.000230446 0.000701194 0 0.00133779 0.067952 0.00284589 42 -0.0356589 0.0597162 0.00300209
441 2 0.943162 0.67489 0 -0.000253263 0.000695412 0 -0.00170799 0.063867 0.00262806 35 -0.035909 0.0577819 0.0026463
442 2 0.981735 0.674492 0 -0.000276632 0.000689027 0 -0.00620875 0.0592135 0.00239444 28 -0.0369944 0.056227 0.00226758
443 2 0.0175702 0.716616 0 0.000262515 0.000727912 0 -0.00621867 0.0593112 -0.00347083 28 -0.0371059 0.0564027 -0.00343723
444 2 0.0561429 0.717124 0 0.000239853 0.000735387 0 -0.00108462 0.0642451 -0.00379234 35 -0.0356743 0.0578316 -0.00397136
445 2 0.0947089 0.71757 0 0.000217435 0.000740654 0 0.00225776 0.0682887 -0.0040692 42 -0.0351702 0.0595444 -0.00443883
446 2 0.133267 0.717937 0 0.00019552 0.000744966 0 0.00433519 0.0713134 -0.00436823 47 -0.0351182 0.0610931 -0.00497081
447 2 0.171825 0.718222 0 0.000173745 0.000746945 0 0.00596053 0.07358 -0.00457271 48 -0.0350176 0.062205 -0.00539872
469 2 0.0166554 0.758749 0 0.000246537 0.000764008 0 -0.00605068 0.0595595 -0.00487644 28 -0.0371885 0.0566615 -0.00505222
470 2 0.0552286 0.75936 0 0.000224351 0.00077205 0 -0.000110954 0.0647977 -0.00529036 35 -0.035287 0.0578809 -0.00576414
471 2 0.093811 0.759886 0 0.00020261 0.000778877 0 0.00357524 0.0687083 -0.00560855 42 -0.0344405 0.0592548 -0.00633087
472 2 0.132403 0.760307 0 0.000181806 0.000784745 0 0.00592358 0.0714642 -0.00592783 47 -0.0340279 0.0603759 -0.00693871
473 2 0.171011 0.760627 0 0.000161075 0.000788133 0 0.00784788 0.073479 -0.00610243 48 -0.0335495 0.0610505 -0.00737248
495 2 0.0154881 0.800895 0 0.000227937 0.000800314 0 -0.00551783 0.0600384 -0.00671192 28 -0.0371508 0.0569903 -0.00726222
496 2 0.054065 0.801598 0 0.000206205 0.000809914 0 0.00137651 0.0655456 -0.00720611 35 -0.0346395 0.0578739 -0.00815679
497 2 0.0926741 0.802187 0 0.000185322 0.000816708 0 0.00540942 0.0691589 -0.00752354 42 -0.0333542 0.0587465 -0.00877944
498 2 0.131316 0.802643 0 0.000164982 0.000821972 0 0.00804238 0.0715003 -0.00780485 47 -0.0324838 0.0592852 -0.00939387
499 2 0.169996 0.802977 0 0.000146148 0.000824101 0 0.0102938 0.073174 -0.00788002 48 -0.0315477 0.0594096 -0.00974219
521 2 0.0140287 0.843061 0 0.000205773 0.000835505 0 -0.00431926 0.0608159 -0.00907221 28 -0.0368054 0.0573031 -0.0102276
522 2 0.0526177 0.843834 0 0.000184806 0.000844514 0 0.00357817 0.066437 -0.00960103 35 -0.0335529 0.0576684 -0.0112661
523 2 0.0912707 0.844459 0 0.000164885 0.000851879 0 0.00788055 0.0694908 -0.00983732 42 -0.031738 0.0578275 -0.011848
524 2 0.129986 0.844923 0 0.000146207 0.000858434 0 0.0107686 0.0712285 -0.00998333 47 -0.030317 0.0576069 -0.0123428
525 2 0.168765 0.84525 0 0.000128371 0.000861651 0 0.0133388 0.0724651 -0.00985781 48 -0.0288635 0.0570786 -0.012465
448 2 0.210389 0.718436 0 0.000152754 0.000748629 0 0.00737559 0.0753052 -0.00456508 48 -0.0347943 0.0629272 -0.00553312
449 2 0.248964 0.718592 0 0.000131548 0.00074869 0 0.00862843 0.0766389 -0.00434722 48 -0.0344915 0.0633724 -0.00536797
450 2 0.287554 0.718704 0 0.000111333 0.000749013 0 0.00972211 0.0776764 -0.00394806 48 -0.0341592 0.0636331 -0.00494024
451 2 0.326158 0.718782 0 9.03531e-05 0.000748157 0 0.010648 0.0784789 -0.0034039 48 -0.0338373 0.0637766 -0.00430006
474 2 0.209642 0.760861 0 0.000141097 0.000789662 0 0.00950573 0.0749672 -0.00599837 48 -0.0329981 0.061377 -0.00741141
475 2 0.248297 0.761028 0 0.000121796 0.000789445 0 0.0109437 0.0760979 -0.00563552 48 -0.0324302 0.0614916 -0.00707446
476 2 0.286976 0.761145 0 0.000102219 0.000788438 0 0.0121707 0.076972 -0.00506098 48 -0.0318953 0.0614914 -0.00642544
477 2 0.325677 0.761225 0 8.37175e-05 0.000786316 0 0.013188 0.0776493 -0.00432443 48 -0.0314254 0.0614381 -0.00553492
500 2 0.208716 0.803215 0 0.000127404 0.000826134 0 0.0122023 0.0743699 -0.00760944 48 -0.0306234 0.0592726 -0.0095874
501 2 0.247475 0.80338 0 0.000109496 0.000827325 0 0.0138169 0.0752662 -0.00704102 48 -0.0297731 0.0590228 -0.00898979
502 2 0.286269 0.803493 0 9.21518e-05 0.000826601 0 0.0151592 0.0759611 -0.00624442 48 -0.0290359 0.0587505 -0.00804802
503 2 0.325091 0.803568 0 7.49529e-05 0.000826936 0 0.0162469 0.0765064 -0.00528286 48 -0.0284273 0.058502 -0.00685448
526 2 0.207604 0.845473 0 0.000112177 0.000863943 0 0.015467 0.0733217 -0.00933241 48 -0.0275543 0.0564388 -0.0119871
527 2 0.246496 0.845623 0 9.59876e-05 0.000863553 0 0.017212 0.073965 -0.00849223 48 -0.0264403 0.0558257 -0.011027
528 2 0.285432 0.845723 0 8.10013e-05 0.000863774 0 0.0186191 0.0744766 -0.00743042 48 -0.0255334 0.0553023 -0.00972192
529 2 0.324402 0.845787 0 6.57214e-05 0.000862685 0 0.0197304 0.0748927 -0.00622032 48 -0.0248213 0.0548862 -0.00818245
452 2 0.364774 0.718835 0 7.04547e-05 0.000746901 0 0.0113972 0.0790859 -0.00274968 48 -0.0335543 0.0638491 -0.00349717
453 2 0.403402 0.718869 0 5.03946e-05 0.000744945 0 0.0119631 0.0795229 -0.00201618 48 -0.0333292 0.0638816 -0.00257619
454 2 0.442038 0.718889 0 2.99197e-05 0.000744061 0 0.012342 0.0798062 -0.00122978 48 -0.0331736 0.0638939 -0.00157592
455 2 0.480679 0.718898 0 1.0111e-05 0.000744169 0 0.0125319 0.0799457 -0.000413195 48 -0.0330943 0.0638973 -0.000530236
478 2 0.364396 0.761279 0 6.47518e-05 0.000786117 0 0.0139971 0.0781646 -0.0034693 48 -0.031039 0.0613687 -0.00446597
479 2 0.403129 0.761313 0 4.60012e-05 0.000783855 0 0.0146001 0.0785383 -0.00253119 48 -0.0307452 0.0613044 -0.00327119
480 2 0.441873 0.761332 0 2.792e-05 0.000783864 0 0.015 0.0787821 -0.00153894 48 -0.0305482 0.0612567 -0.00199373
481 2 0.480624 0.761341 0 9.18688e-06 0.000782302 0 0.0151993 0.0789025 -0.000516256 48 -0.0304494 0.0612317 -0.000669612
504 2 0.363936 0.803617 0 5.82581e-05 0.000825254 0 0.0170957 0.076928 -0.00420624 48 -0.0279494 0.0582977 -0.00548344
505 2 0.402799 0.803647 0 4.158e-05 0.000824715 0 0.0177194 0.0772384 -0.00305221 48 -0.0275982 0.0581446 -0.00399186
506 2 0.441675 0.803665 0 2.47786e-05 0.000824241 0 0.0181289 0.0774434 -0.00184922 48 -0.0273681 0.0580436 -0.00242338
507 2 0.480557 0.803673 0 8.33706e-06 0.000823933 0 0.0183317 0.0775455 -0.000619274 48 -0.0272544 0.0579936 -0.000812339
530 2 0.363398 0.845827 0 5.10011e-05 0.000861175 0 0.0205804 0.0752257 -0.00491359 48 -0.0242833 0.0545737 -0.00648792
531 2 0.402414 0.845851 0 3.64832e-05 0.000860892 0 0.0211957 0.075478 -0.00354552 48 -0.0238993 0.0543535 -0.00469347
532 2 0.441443 0.845865 0 2.1755e-05 0.00085888 0 0.0215957 0.075648 -0.00214038 48 -0.0236528 0.054214 -0.00283788
533 2 0.48048 0.845871 0 7.23573e-06 0.000858964 0 0.0217926 0.0757336 -0.000715523 48 -0.0235324 0.0541466 -0.000949422
456 2 0.519321 0.718898 0 -1.0111e-05 0.000744169 0 0.0125319 0.0799457 0.000413195 48 -0.0330943 0.0638973 0.000530236
457 2 0.557962 0.718889 0 -2.99197e-05 0.000744061 0 0.012342 0.0798062 0.00122978 48 -0.0331736 0.0638939 0.00157592
458 2 0.596598 0.718869 0 -5.03946e-05 0.000744945 0 0.0119631 0.0795229 0.00201618 48 -0.0333292 0.0638816 0.00257619
459 2 0.635226 0.718835 0 -7.04547e-05 0.000746901 0 0.0113972 0.0790859 0.00274968 48 -0.0335543 0.0638491 0.00349717
482 2 0.519376 0.761341 0 -9.18688e-06 0.000782302 0 0.0151993 0.0789025 0.000516256 48 -0.0304494 0.0612317 0.000669612
483 2 0.558127 0.761332 0 -2.792e-05 0.000783864 0 0.015 0.0787821 0.00153894 48 -0.0305482 0.0612567 0.00199373
484 2 0.596871 0.761313 0 -4.60012e-05 0.000783855 0 0.0146001 0.0785383 0.00253119 48 -0.0307452 0.0613044 0.00327119
485 2 0.635604 0.761279 0 -6.47518e-05 0.000786117 0 0.0139971 0.0781646 0.0034693 48 -0.031039 0.0613687 0.00446597
508 2 0.519443 0.803673 0 -8.33706e-06 0.000823933 0 0.0183317 0.0775455 0.000619274 48 -0.0272544 0.0579936 0.000812339
509 2 0.558325 0.803665 0 -2.47786e-05 0.000824241 0 0.0181289 0.0774434 0.00184922 48 -0.0273681 0.0580436 0.00242338
510 2 0.597201 0.803647 0 -4.158e-05 0.000824715 0 0.0177194 0.0772384 0.00305221 48 -0.0275982 0.0581446 0.00399186
511 2 0.636064 0.803617 0 -5.82581e-05 0.000825254 0 0.0170957 0.076928 0.00420624 48 -0.0279494 0.0582977 0.00548344
534 2 0.51952 0.845871 0 -7.23573e-06 0.000858964 0 0.0217926 0.0757336 0.000715523 48 -0.0235324 0.0541466 0.000949422
535 2 0.558557 0.845865 0 -2.1755e-05 0.00085888 0 0.0215957 0.075648 0.00214038 48 -0.0236528 0.054214 0.00283788
536 2 0.597586 0.845851 0 -3.64832e-05 0.000860892 0 0.0211957 0.075478 0.00354552 48 -0.0238993 0.0543535 0.00469347
537 2 0.636602 0.845827 0 -5.10011e-05 0.000861175 0 0.0205804 0.0752257 0.00491359 48 -0.0242833 0.0545737 0.00648792
460 2 0.673842 0.718782 0 -9.03531e-05 0.000748157 0 0.010648 0.0784789 0.0034039 48 -0.0338373 0.0637766 0.00430006
461 2 0.712446 0.718704 0 -0.000111333 0.000749013 0 0.00972211 0.0776764 0.00394806 48 -0.0341592 0.0636331 0.00494024
462 2 0.751036 0.718592 0 -0.000131548 0.00074869 0 0.00862843 0.0766389 0.00434722 48 -0.0344915 0.0633724 0.00536797
463 2 0.789611 0.718436 0 -0.000152754 0.000748629 0 0.00737559 0.0753052 0.00456508 48 -0.0347943 0.0629272 0.00553312
486 2 0.674323 0.761225 0 -8.37175e-05 0.000786316 0 0.013188 0.0776493 0.00432443 48 -0.0314254 0.0614381 0.00553492
487 2 0.713024 0.761145 0 -0.000102219 0.000788438 0 0.0121707 0.076972 0.00506098 48 -0.0318953 0.0614914 0.00642544
488 2 0.751703 0.761028 0 -0.000121796 0.000789445 0 0.0109437 0.0760979 0.00563552 48 -0.0324302 0.0614916 0.00707446
489 2 0.790358 0.760861 0 -0.000141097 0.000789662 0 0.00950573 0.0749672 0.00599837 48 -0.0329981 0.061377 0.00741141
512 2 0.674909 0.803568 0 -7.49529e-05 0.000826936 0 0.0162469 0.0765064 0.00528286 48 -0.0284273 0.058502 0.00685448
513 2 0.713731 0.803493 0 -9.21518e-05 0.000826601 0 0.0151592 0.0759611 0.00624442 48 -0.0290359 0.0587505 0.00804802
514 2 0.752525 0.80338 0 -0.000109496 0.000827325 0 0.0138169 0.0752662 0.00704102 48 -0.0297731 0.0590228 0.00898979
515 2 0.791284 0.803215 0 -0.000127404 0.000826134 0 0.0122023 0.0743699 0.00760944 48 -0.0306234 0.0592726 0.0095874
538 2 0.675598 0.845787 0 -6.57214e-05 0.000862685 0 0.0197304 0.0748927 0.00622032 48 -0.0248213 0.0548862 0.00818245
539 2 0.714568 0.845723 0 -8.10013e-05 0.000863774 0 0.0186191 0.0744766 0.00743042 48 -0.0255334 0.0553023 0.00972192
540 2 0.753504 0.845623 0 -9.59876e-05 0.000863553 0 0.017212 0.073965 0.00849223 48 -0.0264403 0.0558257 0.011027
541 2 0.792396 0.845473 0 -0.000112177 0.000863943 0 0.015467 0.0733217 0.00933241 48 -0.0275543 0.0564388 0.0119871
464 2 0.828175 0.718222 0 -0.000173745 0.000746945 0 0.00596053 0.07358 0.00457271 48 -0.0350176 0.062205 0.00539872
465 2 0.866733 0.717937 0 -0.00019552 0.000744966 0 0.00433519 0.0713134 0.00436823 47 -0.0351182 0.0610931 0.00497081
466 2 0.905291 0.71757 0 -0.000217435 0.000740654 0 0.00225776 0.0682887 0.0040692 42 -0.0351702 0.0595444 0.00443883
467 2 0.943857 0.717124 0 -0.000239853 0.000735387 0 -0.00108462 0.0642451 0.00379234 35 -0.0356743 0.0578316 0.00397136
468 2 0.98243 0.716616 0 -0.000262515 0.000727912 0 -0.00621867 0.0593112 0.00347083 28 -0.0371059 0.0564027 0.00343723
490 2 0.828989 0.760627 0 -0.000161075 0.000788133 0 0.00784788 0.073479 0.00610243 48 -0.0335495 0.0610505 0.00737248
491 2 0.867597 0.760307 0 -0.000181806 0.000784745 0 0.00592358 0.0714642 0.00592783 47 -0.0340279 0.0603759 0.00693871
492 2 0.906189 0.759886 0 -0.00020261 0.000778877 0 0.00357524 0.0687083 0.00560855 42 -0.0344405 0.0592548 0.00633087
493 2 0.944771 0.75936 0 -0.000224351 0.00077205 0 -0.000110954 0.0647977 0.00529036 35 -0.035287 0.0578809 0.00576414
494 2 0.983345 0.758749 0 -0.000246537 0.000764008 0 -0.00605068 0.0595595 0.00487644 28 -0.0371885 0.0566615 0.00505222
516 2 0.830004 0.802977 0 -0.000146148 0.000824101 0 0.0102938 0.073174 0.00788002 48 -0.0315477 0.0594096 0.00974219
517 2 0.868684 0.802643 0 -0.000164982 0.000821972 0 0.00804238 0.0715003 0.00780485 47 -0.0324838 0.0592852 0.00939387
518 2 0.907326 0.802187 0 -0.000185322 0.000816708 0 0.00540942 0.0691589 0.00752354 42 -0.0333542 0.0587465 0.00877944
519 2 0.945935 0.801598 0 -0.000206205 0.000809914 0 0.00137651 0.0655456 0.00720611 35 -0.0346395 0.0578739 0.00815679
520 2 0.984512 0.800895 0 -0.000227937 0.000800314 0 -0.00551783 0.0600384 0.00671192 28 -0.0371508 0.0569903 0.00726222
542 2 0.831235 0.84525 0 -0.000128371 0.000861651 0 0.0133388 0.0724651 0.00985781 48 -0.0288635 0.0570786 0.012465
543 2 0.870014 0.844923 0 -0.000146207 0.000858434 0 0.0107686 0.0712285 0.00998333 47 -0.030317 0.0576069 0.0123428
544 2 0.908729 0.844459 0 -0.000164885 0.000851879 0 0.00788055 0.0694908 0.00983732 42 -0.031738 0.0578275 0.011848
545 2 0.947382 0.843834 0 -0.000184806 0.000844514 0 0.00357817 0.066437 0.00960103 35 -0.0335529 0.0576684 0.0112661
546 2 0.985971 0.843061 0 -0.000205773 0.000835505 0 -0.00431926 0.0608159 0.00907221 28 -0.0368054 0.0573031 0.0102276
547 2 0.0122337 0.88525 0 0.000179451 0.000870101 0 -0.00200954 0.0619013 -0.0120142 28 -0.0358103 0.0573686 -0.0140888
548 2 0.0508538 0.886057 0 0.000159183 0.000880508 0 0.0066777 0.0672549 -0.0124805 35 -0.0317614 0.0569735 -0.0151533
549 2 0.0895781 0.886681 0 0.000140516 0.000887922 0 0.0110619 0.0693826 -0.0125022 42 -0.0293497 0.0561656 -0.015517
550 2 0.1284 0.887121 0 0.000123639 0.000892277 0 0.0141262 0.0703092 -0.0123641 47 -0.027308 0.0550122 -0.0156849
551 2 0.167315 0.887414 0 0.000108165 0.000894802 0 0.0169498 0.0710248 -0.0119017 48 -0.025326 0.0537702 -0.0153809
573 2 0.0100662 0.927463 0 0.000148 0.000903941 0 0.00189392 0.0632638 -0.0157811 27 -0.0337665 0.0569363 -0.0192575
574 2 0.0487507 0.928245 0 0.000128963 0.000912616 0 0.0111582 0.067947 -0.0159369 34 -0.0288354 0.0554853 -0.0200124
575 2 0.0875885 0.928815 0 0.000111891 0.000919475 0 0.0152783 0.0686885 -0.015462 41 -0.0258216 0.0534359 -0.0197611
576 2 0.126565 0.92919 0 9.71321e-05 0.000924094 0 0.0183196 0.0685927 -0.0147912 46 -0.0231755 0.051229 -0.0192385
577 2 0.165661 0.929424 0 8.41779e-05 0.000927069 0 0.0212133 0.0687292 -0.0138162 47 -0.0207621 0.0493047 -0.0182352
599 2 0.00754024 0.969665 0 0.000111147 0.000937088 0 0.00701986 0.0648458 -0.0201913 24 -0.0308796 0.056199 -0.0255036
600 2 0.0463248 0.970339 0 9.34379e-05 0.000945447 0 0.0184034 0.0699308 -0.0197434 30 -0.0243582 0.0536515 -0.0255856
601 2 0.0853317 0.970791 0 7.95917e-05 0.000950285 0 0.0224203 0.069465 -0.0184989 36 -0.020672 0.0503529 -0.0243191
602 2 0.124527 0.971063 0 6.78987e-05 0.000952968 0 0.0249258 0.0681447 -0.0170141 41 -0.0176998 0.0471623 -0.0226629
603 2 0.163861 0.971216 0 5.83895e-05 0.000954555 0 0.0273717 0.0675566 -0.0153755 42 -0.0151881 0.0447173 -0.0207001
625 2 0.0046812 1.01183 0 6.88366e-05 0.000968754 0 0.0116945 0.0665805 -0.0253475 20 -0.0284472 0.0562474 -0.0328
626 2 0.0435686 1.01228 0 5.33032e-05 0.00097312 0 0.0303295 0.0757408 -0.0236899 25 -0.0180936 0.0526306 -0.0315663
627 2 0.0828496 1.01253 0 4.26983e-05 0.000975691 0 0.0331493 0.0735326 -0.021349 30 -0.0142859 0.0481372 -0.028768
628 2 0.122358 1.01267 0 3.55899e-05 0.000977882 0 0.0342048 0.0706344 -0.0188944 34 -0.0115361 0.0441481 -0.0256913
629 2 0.161993 1.01273 0 3.02658e-05 0.000977595 0 0.0352797 0.068894 -0.0165415 35 -0.00946004 0.0413436 -0.0226451
651 2 0 1.05413 0 0 0.001 0 0.0615731 0.100086 -0.0326652 16 -0.00659479 0.0589005 -0.0450317
652 2 0.04 1.05413 0 0 0.001 0 0.049093 0.0863987 -0.0284024 20 -0.00887267 0.0523427 -0.0389241
653 2 0.08 1.05413 0 0 0.001 0 0.0439347 0.0777065 -0.0241172 24 -0.00783385 0.0460956 -0.0331406
654 2 0.12 1.05413 0 0 0.001 0 0.0421534 0.0726322 -0.0204583 27 -0.00611804 0.0415131 -0.0282428
655 2 0.16 1.05413 0 0 0.001 0 0.0415792 0.0699502 -0.0174499 28 -0.00484612 0.0387102 -0.0241727
552 2 0.206309 0.887605 0 9.31625e-05 0.000896768 0 0.0192023 0.0715124 -0.0110229 48 -0.0236803 0.0526437 -0.0144263
553 2 0.245366 0.887727 0 8.0254e-05 0.000896669 0 0.0209738 0.071898 -0.00985278 48 -0.0223765 0.0517191 -0.0130061
554 2 0.284473 0.887805 0 6.66514e-05 0.000896737 0 0.0223511 0.0722322 -0.00850092 48 -0.0213758 0.0510059 -0.0112881
555 2 0.323617 0.887853 0 5.44052e-05 0.000896312 0 0.0234085 0.0725281 -0.00704115 48 -0.0206257 0.0504787 -0.00938828
578 2 0.204851 0.929566 0 7.29474e-05 0.000927632 0 0.023384 0.068835 -0.0124907 47 -0.0189312 0.0477959 -0.0166461
579 2 0.244109 0.929653 0 6.17149e-05 0.000928629 0 0.0249966 0.068967 -0.0109599 47 -0.0175878 0.0466772 -0.0146995
580 2 0.283415 0.929706 0 5.2201e-05 0.000928157 0 0.0261983 0.0691335 -0.0093266 47 -0.0166172 0.0458768 -0.0125626
581 2 0.322756 0.929737 0 4.23298e-05 0.000927372 0 0.0270955 0.069319 -0.00764789 47 -0.0159225 0.0453183 -0.0103316
604 2 0.203288 0.971302 0 4.99224e-05 0.000955044 0 0.029046 0.0671952 -0.0135709 42 -0.013466 0.0430025 -0.0183941
605 2 0.242776 0.971351 0 4.28056e-05 0.00095488 0 0.0302072 0.0670264 -0.0117082 42 -0.0123024 0.0418347 -0.0159371
606 2 0.282303 0.971379 0 3.54979e-05 0.000954548 0 0.0310393 0.0669973 -0.00984687 42 -0.0115118 0.0410507 -0.0134406
607 2 0.321857 0.971394 0 2.89829e-05 0.000954865 0 0.0316516 0.0670544 -0.00800914 42 -0.0109701 0.0405296 -0.0109524
630 2 0.201692 1.01277 0 2.61159e-05 0.000978874 0 0.0359427 0.0678545 -0.0143022 35 -0.00816923 0.0395524 -0.019659
631 2 0.241428 1.01278 0 2.19945e-05 0.000977998 0 0.0363905 0.0672914 -0.0121782 35 -0.007362 0.0384205 -0.0167804
632 2 0.281185 1.01279 0 1.86613e-05 0.0009784 0 0.0367247 0.0670244 -0.0101563 35 -0.0068427 0.0377011 -0.0140157
633 2 0.320956 1.0128 0 1.51383e-05 0.000977806 0 0.0369904 0.0669322 -0.00821553 35 -0.00649946 0.0372422 -0.0113487
656 2 0.2 1.05413 0 0 0.001 0 0.041322 0.0685504 -0.014878 28 -0.00410312 0.037087 -0.0206508
657 2 0.24 1.05413 0 0 0.001 0 0.0412279 0.0678527 -0.0125739 28 -0.00366338 0.0361294 -0.0174726
658 2 0.28 1.05413 0 0 0.001 0 0.0412256 0.0675368 -0.0104427 28 -0.00339162 0.0355505 -0.0145212
659 2 0.32 1.05413 0 0 0.001 0 0.0412742 0.0674286 -0.00842709 28 -0.00321643 0.035196 -0.0117234
556 2 0.362788 0.887882 0 4.2095e-05 0.000895764 0 0.0242008 0.0727814 -0.00551868 48 -0.0200792 0.0501035 -0.00737934
557 2 0.401979 0.887899 0 2.97926e-05 0.000895342 0 0.0247663 0.0729823 -0.00396047 48 -0.0196993 0.0498495 -0.00530595
558 2 0.441182 0.887908 0 1.79902e-05 0.000895217 0 0.0251306 0.0731218 -0.00238267 48 -0.0194599 0.0496932 -0.00319591
559 2 0.480393 0.887912 0 6.0805e-06 0.00089515 0 0.025309 0.0731933 -0.000795193 48 -0.0193442 0.0496189 -0.00106721
582 2 0.362122 0.929754 0 3.28622e-05 0.000926708 0 0.0277564 0.0695001 -0.00595166 47 -0.0154333 0.0449382 -0.00805622
583 2 0.401505 0.929764 0 2.34865e-05 0.000925944 0 0.0282234 0.069655 -0.00425053 47 -0.0151017 0.0446897 -0.00576122
584 2 0.440899 0.929768 0 1.42181e-05 0.000925227 0 0.0285225 0.0697672 -0.00254947 47 -0.0148961 0.0445405 -0.00345841
585 2 0.480299 0.92977 0 4.4771e-06 0.000924619 0 0.0286686 0.069826 -0.000849635 47 -0.0147977 0.0444706 -0.001153
608 2 0.361429 0.971402 0 2.22407e-05 0.000953854 0 0.0321022 0.0671508 -0.0061983 42 -0.0106002 0.0401885 -0.00848662
609 2 0.401013 0.971406 0 1.61127e-05 0.000954102 0 0.0324221 0.0672511 -0.00441046 42 -0.0103547 0.0399722 -0.00604369
610 2 0.440605 0.971407 0 9.25785e-06 0.000953711 0 0.0326281 0.0673306 -0.00263951 42 -0.0102047 0.0398452 -0.00361874
611 2 0.480201 0.971407 0 3.37266e-06 0.000954026 0 0.0327291 0.0673739 -0.00087871 42 -0.0101335 0.0397866 -0.00120499
634 2 0.360736 1.0128 0 1.20816e-05 0.000977457 0 0.0372017 0.0669326 -0.00633519 35 -0.00627068 0.0369513 -0.00875704
635 2 0.400522 1.0128 0 8.09108e-06 0.000977532 0 0.0373617 0.066972 -0.00449747 35 -0.00612127 0.0367718 -0.00621945
636 2 0.440312 1.0128 0 5.32316e-06 0.000976795 0 0.0374695 0.0670153 -0.00268787 35 -0.00603091 0.0366687 -0.00371795
637 2 0.480104 1.0128 0 1.74543e-06 0.00097682 0 0.0375239 0.0670419 -0.000894229 35 -0.00598826 0.0366218 -0.00123708
660 2 0.36 1.05413 0 0 0.001 0 0.0413435 0.0674266 -0.00648912 28 -0.00310148 0.0349798 -0.00902991
661 2 0.4 1.05413 0 0 0.001 0 0.0414121 0.0674681 -0.00460287 28 -0.00302717 0.0348513 -0.00640628
662 2 0.44 1.05413 0 0 0.001 0 0.0414653 0.0675144 -0.00274956 28 -0.00298251 0.0347799 -0.00382726
663 2 0.48 1.05413 0 0 0.001 0 0.041494 0.0675427 -0.000914562 28 -0.00296151 0.0347481 -0.00127309
560 2 0.519607 0.887912 0 -6.0805e-06 0.00089515 0 0.025309 0.0731933 0.000795193 48 -0.0193442 0.0496189 0.00106721
561 2 0.558818 0.887908 0 -1.79902e-05 0.000895217 0 0.0251306 0.0731218 0.00238267 48 -0.0194599 0.0496932 0.00319591
562 2 0.598021 0.887899 0 -2.97926e-05 0.000895342 0 0.0247663 0.0729823 0.00396047 48 -0.0196993 0.0498495 0.00530595
563 2 0.637212 0.887882 0 -4.2095e-05 0.000895764 0 0.0242008 0.0727814 0.00551868 48 -0.0200792 0.0501035 0.00737934
586 2 0.519701 0.92977 0 -4.4771e-06 0.000924619 0 0.0286686 0.069826 0.000849635 47 -0.0147977 0.0444706 0.001153
587 2 0.559101 0.929768 0 -1.42181e-05 0.000925227 0 0.0285225 0.0697672 0.00254947 47 -0.0148961 0.0445405 0.00345841
588 2 0.598495 0.929764 0 -2.34865e-05 0.000925944 0 0.0282234 0.069655 0.00425053 47 -0.0151017 0.0446897 0.00576122
589 2 0.637878 0.929754 0 -3.28622e-05 0.000926708 0 0.0277564 0.0695001 0.00595166 47 -0.0154333 0.0449382 0.00805622
612 2 0.519799 0.971407 0 -3.37266e-06 0.000954026 0 0.0327291 0.0673739 0.00087871 42 -0.0101335 0.0397866 0.00120499
613 2 0.559395 0.971407 0 -9.25785e-06 0.000953711 0 0.0326281 0.0673306 0.00263951 42 -0.0102047 0.0398452 0.00361874
614 2 0.598987 0.971406 0 -1.61127e-05 0.000954102 0 0.0324221 0.0672511 0.00441046 42 -0.0103547 0.0399722 0.00604369
615 2 0.638571 0.971402 0 -2.22407e-05 0.000953854 0 0.0321022 0.0671508 0.0061983 42 -0.0106002 0.0401885 0.00848662
638 2 0.519896 1.0128 0 -1.74543e-06 0.00097682 0 0.0375239 0.0670419 0.000894229 35 -0.00598826 0.0366218 0.00123708
639 2 0.559688 1.0128 0 -5.32316e-06 0.000976795 0 0.0374695 0.0670153 0.00268787 35 -0.00603091 0.0366687 0.00371795
640 2 0.599478 1.0128 0 -8.09108e-06 0.000977532 0 0.0373617 0.066972 0.00449747 35 -0.00612127 0.0367718 0.00621945
641 2 0.639264 1.0128 0 -1.20816e-05 0.000977457 0 0.0372017 0.0669326 0.00633519 35 -0.00627068 0.0369513 0.00875704
664 2 0.52 1.05413 0 0 0.001 0 0.041494 0.0675427 0.000914562 28 -0.00296151 0.0347481 0.00127309
665 2 0.56 1.05413 0 0 0.001 0 0.0414653 0.0675144 0.00274956 28 -0.00298251 0.0347799 0.00382726
666 2 0.6 1.05413 0 0 0.001 0 0.0414121 0.0674681 0.00460287 28 -0.00302717 0.0348513 0.00640628
667 2 0.64 1.05413 0 0 0.001 0 0.0413435 0.0674266 0.00648912 28 -0.00310148 0.0349798 0.00902991
564 2 0.676383 0.887853 0 -5.44052e-05 0.000896312 0 0.0234085 0.0725281 0.00704115 48 -0.0206257 0.0504787 0.00938828
565 2 0.715527 0.887805 0 -6.66514e-05 0.000896737 0 0.0223511 0.0722322 0.00850092 48 -0.0213758 0.0510059 0.0112881
566 2 0.754634 0.887727 0 -8.0254e-05 0.000896669 0 0.0209738 0.071898 0.00985278 48 -0.0223765 0.0517191 0.0130061
567 2 0.793691 0.887605 0 -9.31625e-05 0.000896768 0 0.0192023 0.0715124 0.0110229 48 -0.0236803 0.0526437 0.0144263
590 2 0.677244 0.929737 0 -4.23298e-05 0.000927372 0 0.0270955 0.069319 0.00764789 47 -0.0159225 0.0453183 0.0103316
591 2 0.716585 0.929706 0 -5.2201e-05 0.000928157 0 0.0261983 0.0691335 0.0093266 47 -0.0166172 0.0458768 0.0125626
592 2 0.755891 0.929653 0 -6.17149e-05 0.000928629 0 0.0249966 0.068967 0.0109599 47 -0.0175878 0.0466772 0.0146995
593 2 0.795149 0.929566 0 -7.29474e-05 0.000927632 0 0.023384 0.068835 0.0124907 47 -0.0189312 0.0477959 0.0166461
616 2 0.678143 0.971394 0 -2.89829e-05 0.000954865 0 0.0316516 0.0670544 0.00800914 42 -0.0109701 0.0405296 0.0109524
617 2 0.717697 0.971379 0 -3.54979e-05 0.000954548 0 0.0310393 0.0669973 0.00984687 42 -0.0115118 0.0410507 0.0134406
618 2 0.757224 0.971351 0 -4.28056e-05 0.00095488 0 0.0302072 0.0670264 0.0117082 42 -0.0123024 0.0418347 0.0159371
619 2 0.796712 0.971302 0 -4.99224e-05 0.000955044 0 0.029046 0.0671952 0.0135709 42 -0.013466 0.0430025 0.0183941
642 2 0.679044 1.0128 0 -1.51383e-05 0.000977806 0 0.0369904 0.0669322 0.00821553 35 -0.00649946 0.0372422 0.0113487
643 2 0.718815 1.01279 0 -1.86613e-05 0.0009784 0 0.0367247 0.0670244 0.0101563 35 -0.0068427 0.0377011 0.0140157
644 2 0.758572 1.01278 0 -2.19945e-05 0.000977998 0 0.0363905 0.0672914 0.0121782 35 -0.007362 0.0384205 0.0167804
645 2 0.798308 1.01277 0 -2.61159e-05 0.000978874 0 0.0359427 0.0678545 0.0143022 35 -0.00816923 0.0395524 0.019659
668 2 0.68 1.05413 0 0 0.001 0 0.0412742 0.0674286 0.00842709 28 -0.00321643 0.035196 0.0117234
669 2 0.72 1.05413 0 0 0.001 0 0.0412256 0.0675368 0.0104427 28 -0.00339162 0.0355505 0.0145212
670 2 0.76 1.05413 0 0 0.001 0 0.0412279 0.0678527 0.0125739 28 -0.00366338 0.0361294 0.0174726
671 2 0.8 1.05413 0 0 0.001 0 0.041322 0.0685504 0.014878 28 -0.00410312 0.037087 0.0206508
568 2 0.832685 0.887414 0 -0.000108165 0.000894802 0 0.0169498 0.0710248 0.0119017 48 -0.025326 0.0537702 0.0153809
569 2 0.8716 0.887121 0 -0.000123639 0.000892277 0 0.0141262 0.0703092 0.0123641 47 -0.027308 0.0550122 0.0156849
570 2 0.910422 0.886681 0 -0.000140516 0.000887922 0 0.0110619 0.0693826 0.0125022 42 -0.0293497 0.0561656 0.015517
571 2 0.949146 0.886057 0 -0.000159183 0.000880508 0 0.0066777 0.0672549 0.0124805 35 -0.0317614 0.0569735 0.0151533
572 2 0.987766 0.88525 0 -0.000179451 0.000870101 0 -0.00200954 0.0619013 0.0120142 28 -0.0358103 0.0573686 0.0140888
594 2 0.834339 0.929424 0 -8.41779e-05 0.000927069 0 0.0212133 0.0687292 0.0138162 47 -0.0207621 0.0493047 0.0182352
595 2 0.873435 0.92919 0 -9.71321e-05 0.000924094 0 0.0183196 0.0685927 0.0147912 46 -0.0231755 0.051229 0.0192385
596 2 0.912412 0.928815 0 -0.000111891 0.000919475 0 0.0152783 0.0686885 0.015462 41 -0.0258216 0.0534359 0.0197611
597 2 0.951249 0.928245 0 -0.000128963 0.000912616 0 0.0111582 0.067947 0.0159369 34 -0.0288354 0.0554853 0.0200124
598 2 0.989934 0.927463 0 -0.000148 0.000903941 0 0.00189392 0.0632638 0.0157811 27 -0.0337665 0.0569363 0.0192575
620 2 0.836139 0.971216 0 -5.83895e-05 0.000954555 0 0.0273717 0.0675566 0.0153755 42 -0.0151881 0.0447173 0.0207001
621 2 0.875473 0.971063 0 -6.78987e-05 0.000952968 0 0.0249258 0.0681447 0.0170141 41 -0.0176998 0.0471623 0.0226629
622 2 0.914668 0.970791 0 -7.95917e-05 0.000950285 0 0.0224203 0.069465 0.0184989 36 -0.020672 0.0503529 0.0243191
623 2 0.953675 0.970339 0 -9.34379e-05 0.000945447 0 0.0184034 0.0699308 0.0197434 30 -0.0243582 0.0536515 0.0255856
624 2 0.99246 0.969665 0 -0.000111147 0.000937088 0 0.00701986 0.0648458 0.0201913 24 -0.0308796 0.056199 0.0255036
646 2 0.838007 1.01273 0 -3.02658e-05 0.000977595 0 0.0352797 0.068894 0.0165415 35 -0.00946004 0.0413436 0.0226451
647 2 0.877642 1.01267 0 -3.55899e-05 0.000977882 0 0.0342048 0.0706344 0.0188944 34 -0.0115361 0.0441481 0.0256913
648 2 0.91715 1.01253 0 -4.26983e-05 0.000975691 0 0.0331493 0.0735326 0.021349 30 -0.0142859 0.0481372 0.028768
649 2 0.956431 1.01228 0 -5.33032e-05 0.00097312 0 0.0303295 0.0757408 0.0236899 25 -0.0180936 0.0526306 0.0315663
650 2 0.995319 1.01183 0 -6.88366e-05 0.000968754 0 0.0116945 0.0665805 0.0253475 20 -0.0284472 0.0562474 0.0328
672 2 0.84 1.05413 0 0 0.001 0 0.0415792 0.0699502 0.0174499 28 -0.00484612 0.0387102 0.0241727
673 2 0.88 1.05413 0 0 0.001 0 0.0421534 0.0726322 0.0204583 27 -0.00611804 0.0415131 0.0282428
674 2 0.92 1.05413 0 0 0.001 0 0.0439347 0.0777065 0.0241172 24 -0.00783385 0.0460956 0.0331406
675 2 0.96 1.05413 0 0 0.001 0 0.049093 0.0863987 0.0284024 20 -0.00887267 0.0523427 0.0389241
676 2 1 1.05413 0 0 0.001 0 0.0615731 0.100086 0.0326652 16 -0.00659479 0.0589005 0.0450317
