1 1 0 0 0 0 0 0 0.038145 0.0629641 0.0197274 16 -0.00406594 0.0349684 0.0273318
2 1 0.04 0 0 0 0 0 0.0302067 0.0538932 0.0170836 20 -0.00544914 0.0310081 0.0235855
3 1 0.08 0 0 0 0 0 0.0268319 0.047993 0.014495 24 -0.00479004 0.0272488 0.02005
4 1 0.12 0 0 0 0 0 0.0256289 0.0445278 0.0123051 27 -0.0037216 0.0245197 0.0170729
5 1 0.16 0 0 0 0 0 0.025245 0.0427133 0.0105057 28 -0.00293427 0.0228883 0.0146089
27 1 0.0028459 0.0414458 0 6.4324e-05 3.02956e-05 0 0.00724835 0.0415601 0.0149159 20 -0.0175484 0.0333609 0.0198551
28 1 0.0421594 0.0411421 0 5.03991e-05 2.32164e-05 0 0.0185711 0.0469134 0.0141108 25 -0.0111013 0.0312008 0.0191426
29 1 0.0817198 0.0409738 0 4.25465e-05 2.04043e-05 0 0.020183 0.0452511 0.0127675 30 -0.00874041 0.0285068 0.0174465
30 1 0.121421 0.0408847 0 3.60692e-05 1.68188e-05 0 0.0207722 0.0432381 0.0113361 34 -0.00702834 0.0261271 0.015582
31 1 0.161201 0.0408429 0 3.2386e-05 1.68594e-05 0 0.0214139 0.0420319 0.00994935 35 -0.00573978 0.0244803 0.0137359
53 1 0.00457422 0.0827611 0 0.000107052 5.77059e-05 0 0.00440435 0.0401512 0.0117959 24 -0.0189555 0.033328 0.0154617
54 1 0.0438305 0.0823213 0 9.18525e-05 4.79312e-05 0 0.0112073 0.0430702 0.0116618 30 -0.0149482 0.0318117 0.0155433
55 1 0.0832238 0.0820274 0 7.94222e-05 3.93551e-05 0 0.013598 0.0426106 0.0109937 36 -0.012664 0.0298443 0.0147911
56 1 0.122734 0.0818537 0 7.04542e-05 3.74852e-05 0 0.0151253 0.0416705 0.0101691 41 -0.010807 0.0279486 0.0138002
57 1 0.16233 0.0817575 0 6.22801e-05 3.56912e-05 0 0.0166337 0.0412227 0.00923163 42 -0.00924148 0.026513 0.0126148
79 1 0.00611025 0.124098 0 0.000146448 8.56573e-05 0 0.00119242 0.0388831 0.00913532 27 -0.0207445 0.0337661 0.0117095
80 1 0.0453064 0.123592 0 0.000130126 7.35108e-05 0 0.00675853 0.0416589 0.00934171 34 -0.0177097 0.032914 0.0122031
81 1 0.084597 0.123225 0 0.00011632 6.44543e-05 0 0.00925631 0.0420407 0.00913681 41 -0.0158381 0.0317037 0.0120757
82 1 0.123973 0.122986 0 0.000103893 6.04994e-05 0 0.0111407 0.0419292 0.00881132 46 -0.0141794 0.0304 0.0117811
83 1 0.163424 0.122839 0 9.31604e-05 5.4832e-05 0 0.0129367 0.0419643 0.00828355 47 -0.0126686 0.0292695 0.0111814
105 1 0.00743261 0.165436 0 0.000183247 0.000115766 0 -0.00124895 0.0378103 0.0068857 28 -0.0220186 0.0340053 0.00859992
106 1 0.0465901 0.164916 0 0.000166427 0.000102691 0 0.00401575 0.0410732 0.00726279 35 -0.0195183 0.033794 0.00928506
107 1 0.0858116 0.164516 0 0.00014986 9.36566e-05 0 0.0067104 0.0423808 0.00735092 42 -0.0180179 0.0333357 0.00953689
108 1 0.125094 0.164236 0 0.000134603 8.68497e-05 0 0.00862449 0.0429506 0.00734375 47 -0.0167351 0.0326652 0.00966662
109 1 0.164433 0.164052 0 0.000121082 8.55048e-05 0 0.0103844 0.0433729 0.00712709 48 -0.0154895 0.0319384 0.00949565
6 1 0.2 0 0 0 0 0 0.025093 0.0417859 0.00896301 28 -0.00247798 0.0219774 0.0124795
7 1 0.24 0 0 0 0 0 0.025054 0.0413333 0.00757799 28 -0.00221016 0.0214641 0.0105588
8 1 0.28 0 0 0 0 0 0.0250737 0.0411328 0.00629534 28 -0.00204585 0.02117 0.0087754
9 1 0.32 0 0 0 0 0 0.0251225 0.0410664 0.00508123 28 -0.00194051 0.0210007 0.00708491
32 1 0.20102 0.0408229 0 2.98155e-05 1.68052e-05 0 0.0218217 0.0413233 0.0086137 35 -0.00494404 0.0234551 0.0119227
33 1 0.240861 0.040813 0 2.55223e-05 1.81691e-05 0 0.0221075 0.0409458 0.00733925 35 -0.00444987 0.0228284 0.0101743
34 1 0.280715 0.0408083 0 2.22598e-05 1.81228e-05 0 0.0223264 0.0407686 0.00612273 35 -0.004134 0.0224443 0.00849594
35 1 0.320577 0.0408064 0 1.90616e-05 1.91966e-05 0 0.0225035 0.0407084 0.00495368 35 -0.00392628 0.0222095 0.006878
58 1 0.201984 0.0817046 0 5.53227e-05 3.49239e-05 0 0.01767 0.0409455 0.00816856 42 -0.00817361 0.025525 0.0112104
59 1 0.241674 0.0816752 0 4.91295e-05 3.31325e-05 0 0.0183928 0.0408105 0.00705642 42 -0.00745605 0.0248683 0.0097102
60 1 0.281389 0.0816591 0 4.26371e-05 3.60225e-05 0 0.0189143 0.0407764 0.00593851 42 -0.00697107 0.0244397 0.00818599
61 1 0.32112 0.0816506 0 3.55198e-05 3.66003e-05 0 0.0193003 0.0408039 0.00483188 42 -0.0066403 0.0241636 0.00666817
84 1 0.202933 0.122751 0 8.24188e-05 5.89497e-05 0 0.0142825 0.0419877 0.00751714 47 -0.0115262 0.0283939 0.0102101
85 1 0.242483 0.122698 0 7.24328e-05 5.97041e-05 0 0.0152829 0.0420395 0.00660954 47 -0.0106914 0.0277561 0.00901372
86 1 0.282064 0.122667 0 6.21231e-05 6.09345e-05 0 0.0160297 0.0421234 0.00563082 47 -0.0100908 0.0273095 0.00769963
87 1 0.321665 0.122649 0 5.15217e-05 6.32968e-05 0 0.0165884 0.0422268 0.00462009 47 -0.00966264 0.0270051 0.00632906
110 1 0.203821 0.163934 0 0.000108395 8.17941e-05 0 0.011784 0.0436464 0.00663406 48 -0.0144571 0.0312825 0.00891098
111 1 0.243249 0.163859 0 9.52402e-05 8.34885e-05 0 0.0128834 0.0438601 0.0059472 48 -0.0136412 0.0307506 0.0080321
112 1 0.282708 0.163812 0 8.21513e-05 8.61192e-05 0 0.0137384 0.0440485 0.00513972 48 -0.0130169 0.0303471 0.00696741
113 1 0.322189 0.163784 0 6.87681e-05 8.96574e-05 0 0.0143954 0.0442193 0.00426113 48 -0.0125503 0.0300542 0.00579124
10 1 0.36 0 0 0 0 0 0.0251808 0.0410672 0.0039133 28 -0.00187167 0.0209049 0.00545739
11 1 0.4 0 0 0 0 0 0.0252348 0.0410952 0.00277608 28 -0.00182727 0.0208526 0.00387189
12 1 0.44 0 0 0 0 0 0.0252754 0.0411253 0.00165844 28 -0.00180061 0.020826 0.00231322
13 1 0.48 0 0 0 0 0 0.025297 0.0411439 0.000551658 28 -0.0017881 0.0208151 0.000769488
36 1 0.360444 0.040806 0 1.48011e-05 1.94446e-05 0 0.0226455 0.0407089 0.00382038 35 -0.00378836 0.0220673 0.00530658
37 1 0.400315 0.0408063 0 1.09368e-05 1.99469e-05 0 0.0227529 0.0407339 0.00271239 35 -0.00369852 0.0219834 0.00376854
38 1 0.440188 0.0408067 0 7.0601e-06 2.11889e-05 0 0.0228259 0.0407623 0.0016211 35 -0.00364426 0.0219375 0.00225269
39 1 0.480063 0.040807 0 1.79367e-06 2.16226e-05 0 0.0228623 0.040779 0.000539352 35 -0.0036187 0.0219171 0.000749532
62 1 0.360862 0.0816465 0 2.8404e-05 3.85802e-05 0 0.0195856 0.0408601 0.00374013 42 -0.00641528 0.0239888 0.00516546
63 1 0.400611 0.0816448 0 2.08338e-05 3.88459e-05 0 0.0197889 0.0409208 0.00266161 42 -0.00626634 0.0238815 0.00367777
64 1 0.440365 0.0816442 0 1.22208e-05 3.86872e-05 0 0.0199202 0.0409696 0.00159298 42 -0.0061755 0.0238203 0.00220183
65 1 0.480121 0.0816441 0 4.53408e-06 3.89371e-05 0 0.0199846 0.0409963 0.00053033 42 -0.00613241 0.0237926 0.000733129
88 1 0.361282 0.122639 0 4.07968e-05 6.48198e-05 0 0.0170009 0.0423323 0.00359658 47 -0.00936212 0.026803 0.00493304
89 1 0.400909 0.122634 0 2.91849e-05 6.84443e-05 0 0.0172929 0.0424248 0.00256905 47 -0.00915884 0.0266739 0.00352658
90 1 0.440543 0.122632 0 1.78146e-05 6.98914e-05 0 0.0174801 0.0424925 0.00154107 47 -0.00903306 0.0265979 0.00211651
91 1 0.480181 0.122631 0 5.97119e-06 7.11328e-05 0 0.0175717 0.0425281 0.000513586 47 -0.00897294 0.0265628 0.000705529
114 1 0.361687 0.163767 0 5.43652e-05 9.15571e-05 0 0.0148882 0.0443682 0.00334155 48 -0.0122111 0.0298496 0.0045495
115 1 0.401197 0.163757 0 3.92212e-05 9.35821e-05 0 0.0152402 0.0444879 0.00239874 48 -0.0119759 0.0297137 0.00326974
116 1 0.440715 0.163752 0 2.39745e-05 9.50578e-05 0 0.0154671 0.0445715 0.00144331 48 -0.0118279 0.0296311 0.00196883
117 1 0.480238 0.16375 0 7.90014e-06 9.61587e-05 0 0.0155783 0.0446146 0.000481731 48 -0.0117564 0.0295922 0.000657357
14 1 0.52 0 0 0 0 0 0.025297 0.0411439 -0.000551658 28 -0.0017881 0.0208151 -0.000769488
15 1 0.56 0 0 0 0 0 0.0252754 0.0411253 -0.00165844 28 -0.00180061 0.020826 -0.00231322
16 1 0.6 0 0 0 0 0 0.0252348 0.0410952 -0.00277608 28 -0.00182727 0.0208526 -0.00387189
17 1 0.64 0 0 0 0 0 0.0251808 0.0410672 -0.0039133 28 -0.00187167 0.0209049 -0.00545739
40 1 0.519937 0.040807 0 -1.79367e-06 2.16226e-05 0 0.0228623 0.040779 -0.000539352 35 -0.0036187 0.0219171 -0.000749532
41 1 0.559812 0.0408067 0 -7.0601e-06 2.11889e-05 0 0.0228259 0.0407623 -0.0016211 35 -0.00364426 0.0219375 -0.00225269
42 1 0.599685 0.0408063 0 -1.09368e-05 1.99469e-05 0 0.0227529 0.0407339 -0.00271239 35 -0.00369852 0.0219834 -0.00376854
43 1 0.639556 0.040806 0 -1.48011e-05 1.94446e-05 0 0.0226455 0.0407089 -0.00382038 35 -0.00378836 0.0220673 -0.00530658
66 1 0.519879 0.0816441 0 -4.53408e-06 3.89371e-05 0 0.0199846 0.0409963 -0.00053033 42 -0.00613241 0.0237926 -0.000733129
67 1 0.559635 0.0816442 0 -1.22208e-05 3.86872e-05 0 0.0199202 0.0409696 -0.00159298 42 -0.0061755 0.0238203 -0.00220183
68 1 0.599389 0.0816448 0 -2.08338e-05 3.88459e-05 0 0.0197889 0.0409208 -0.00266161 42 -0.00626634 0.0238815 -0.00367777
69 1 0.639138 0.0816465 0 -2.8404e-05 3.85802e-05 0 0.0195856 0.0408601 -0.00374013 42 -0.00641528 0.0239888 -0.00516546
92 1 0.519819 0.122631 0 -5.97119e-06 7.11328e-05 0 0.0175717 0.0425281 -0.000513586 47 -0.00897294 0.0265628 -0.000705529
93 1 0.559457 0.122632 0 -1.78146e-05 6.98914e-05 0 0.0174801 0.0424925 -0.00154107 47 -0.00903306 0.0265979 -0.00211651
94 1 0.599091 0.122634 0 -2.91849e-05 6.84443e-05 0 0.0172929 0.0424248 -0.00256905 47 -0.00915884 0.0266739 -0.00352658
95 1 0.638718 0.122639 0 -4.07968e-05 6.48198e-05 0 0.0170009 0.0423323 -0.00359658 47 -0.00936212 0.026803 -0.00493304
118 1 0.519762 0.16375 0 -7.90014e-06 9.61587e-05 0 0.0155783 0.0446146 -0.000481731 48 -0.0117564 0.0295922 -0.000657357
119 1 0.559285 0.163752 0 -2.39745e-05 9.50578e-05 0 0.0154671 0.0445715 -0.00144331 48 -0.0118279 0.0296311 -0.00196883
120 1 0.598803 0.163757 0 -3.92212e-05 9.35821e-05 0 0.0152402 0.0444879 -0.00239874 48 -0.0119759 0.0297137 -0.00326974
121 1 0.638313 0.163767 0 -5.43652e-05 9.15571e-05 0 0.0148882 0.0443682 -0.00334155 48 -0.0122111 0.0298496 -0.0045495
18 1 0.68 0 0 0 0 0 0.0251225 0.0410664 -0.00508123 28 -0.00194051 0.0210007 -0.00708491
19 1 0.72 0 0 0 0 0 0.0250737 0.0411328 -0.00629534 28 -0.00204585 0.02117 -0.0087754
20 1 0.76 0 0 0 0 0 0.025054 0.0413333 -0.00757799 28 -0.00221016 0.0214641 -0.0105588
21 1 0.8 0 0 0 0 0 0.025093 0.0417859 -0.00896301 28 -0.00247798 0.0219774 -0.0124795
44 1 0.679423 0.0408064 0 -1.90616e-05 1.91966e-05 0 0.0225035 0.0407084 -0.00495368 35 -0.00392628 0.0222095 -0.006878
45 1 0.719285 0.0408083 0 -2.22598e-05 1.81228e-05 0 0.0223264 0.0407686 -0.00612273 35 -0.004134 0.0224443 -0.00849594
46 1 0.759139 0.040813 0 -2.55223e-05 1.81691e-05 0 0.0221075 0.0409458 -0.00733925 35 -0.00444987 0.0228284 -0.0101743
47 1 0.79898 0.0408229 0 -2.98155e-05 1.68052e-05 0 0.0218217 0.0413233 -0.0086137 35 -0.00494404 0.0234551 -0.0119227
70 1 0.67888 0.0816506 0 -3.55198e-05 3.66003e-05 0 0.0193003 0.0408039 -0.00483188 42 -0.0066403 0.0241636 -0.00666817
71 1 0.718611 0.0816591 0 -4.26371e-05 3.60225e-05 0 0.0189143 0.0407764 -0.00593851 42 -0.00697107 0.0244397 -0.00818599
72 1 0.758326 0.0816752 0 -4.91295e-05 3.31325e-05 0 0.0183928 0.0408105 -0.00705642 42 -0.00745605 0.0248683 -0.0097102
73 1 0.798016 0.0817046 0 -5.53227e-05 3.49239e-05 0 0.01767 0.0409455 -0.00816856 42 -0.00817361 0.025525 -0.0112104
96 1 0.678335 0.122649 0 -5.15217e-05 6.32968e-05 0 0.0165884 0.0422268 -0.00462009 47 -0.00966264 0.0270051 -0.00632906
97 1 0.717936 0.122667 0 -6.21231e-05 6.09345e-05 0 0.0160297 0.0421234 -0.00563082 47 -0.0100908 0.0273095 -0.00769963
98 1 0.757517 0.122698 0 -7.24328e-05 5.97041e-05 0 0.0152829 0.0420395 -0.00660954 47 -0.0106914 0.0277561 -0.00901372
99 1 0.797067 0.122751 0 -8.24188e-05 5.89497e-05 0 0.0142825 0.0419877 -0.00751714 47 -0.0115262 0.0283939 -0.0102101
122 1 0.677811 0.163784 0 -6.87681e-05 8.96574e-05 0 0.0143954 0.0442193 -0.00426113 48 -0.0125503 0.0300542 -0.00579124
123 1 0.717292 0.163812 0 -8.21513e-05 8.61192e-05 0 0.0137384 0.0440485 -0.00513972 48 -0.0130169 0.0303471 -0.00696741
124 1 0.756751 0.163859 0 -9.52402e-05 8.34885e-05 0 0.0128834 0.0438601 -0.0059472 48 -0.0136412 0.0307506 -0.0080321
125 1 0.796179 0.163934 0 -0.000108395 8.17941e-05 0 0.011784 0.0436464 -0.00663406 48 -0.0144571 0.0312825 -0.00891098
22 1 0.84 0 0 0 0 0 0.025245 0.0427133 -0.0105057 28 -0.00293427 0.0228883 -0.0146089
23 1 0.88 0 0 0 0 0 0.0256289 0.0445278 -0.0123051 27 -0.0037216 0.0245197 -0.0170729
24 1 0.92 0 0 0 0 0 0.0268319 0.047993 -0.014495 24 -0.00479004 0.0272488 -0.02005
25 1 0.96 0 0 0 0 0 0.0302067 0.0538932 -0.0170836 20 -0.00544914 0.0310081 -0.0235855
26 1 1 0 0 0 0 0 0.038145 0.0629641 -0.0197274 16 -0.00406594 0.0349684 -0.0273318
48 1 0.838799 0.0408429 0 -3.2386e-05 1.68594e-05 0 0.0214139 0.0420319 -0.00994935 35 -0.00573978 0.0244803 -0.0137359
49 1 0.878579 0.0408847 0 -3.60692e-05 1.68188e-05 0 0.0207722 0.0432381 -0.0113361 34 -0.00702834 0.0261271 -0.015582
50 1 0.91828 0.0409738 0 -4.25465e-05 2.04043e-05 0 0.020183 0.0452511 -0.0127675 30 -0.00874041 0.0285068 -0.0174465
51 1 0.957841 0.0411421 0 -5.03991e-05 2.32164e-05 0 0.0185711 0.0469134 -0.0141108 25 -0.0111013 0.0312008 -0.0191426
52 1 0.997154 0.0414458 0 -6.4324e-05 3.02956e-05 0 0.00724835 0.0415601 -0.0149159 20 -0.0175484 0.0333609 -0.0198551
74 1 0.83767 0.0817575 0 -6.22801e-05 3.56912e-05 0 0.0166337 0.0412227 -0.00923163 42 -0.00924148 0.026513 -0.0126148
75 1 0.877266 0.0818537 0 -7.04542e-05 3.74852e-05 0 0.0151253 0.0416705 -0.0101691 41 -0.010807 0.0279486 -0.0138002
76 1 0.916776 0.0820274 0 -7.94222e-05 3.93551e-05 0 0.013598 0.0426106 -0.0109937 36 -0.012664 0.0298443 -0.0147911
77 1 0.95617 0.0823213 0 -9.18525e-05 4.79312e-05 0 0.0112073 0.0430702 -0.0116618 30 -0.0149482 0.0318117 -0.0155433
78 1 0.995426 0.0827611 0 -0.000107052 5.77059e-05 0 0.00440435 0.0401512 -0.0117959 24 -0.0189555 0.033328 -0.0154617
100 1 0.836576 0.122839 0 -9.31604e-05 5.4832e-05 0 0.0129367 0.0419643 -0.00828355 47 -0.0126686 0.0292695 -0.0111814
101 1 0.876027 0.122986 0 -0.000103893 6.04994e-05 0 0.0111407 0.0419292 -0.00881132 46 -0.0141794 0.0304 -0.0117811
102 1 0.915403 0.123225 0 -0.00011632 6.44543e-05 0 0.00925631 0.0420407 -0.00913681 41 -0.0158381 0.0317037 -0.0120757
103 1 0.954694 0.123592 0 -0.000130126 7.35108e-05 0 0.00675853 0.0416589 -0.00934171 34 -0.0177097 0.032914 -0.0122031
104 1 0.99389 0.124098 0 -0.000146448 8.56573e-05 0 0.00119242 0.0388831 -0.00913532 27 -0.0207445 0.0337661 -0.0117095
126 1 0.835567 0.164052 0 -0.000121082 8.55048e-05 0 0.0103844 0.0433729 -0.00712709 48 -0.0154895 0.0319384 -0.00949565
127 1 0.874906 0.164236 0 -0.000134603 8.68497e-05 0 0.00862449 0.0429506 -0.00734375 47 -0.0167351 0.0326652 -0.00966662
128 1 0.914188 0.164516 0 -0.00014986 9.36566e-05 0 0.0067104 0.0423808 -0.00735092 42 -0.0180179 0.0333357 -0.00953689
129 1 0.95341 0.164916 0 -0.000166427 0.000102691 0 0.00401575 0.0410732 -0.00726279 35 -0.0195183 0.033794 -0.00928506
130 1 0.992567 0.165436 0 -0.000183247 0.000115766 0 -0.00124895 0.0378103 -0.0068857 28 -0.0220186 0.0340053 -0.00859992
131 1 0.00853071 0.206755 0 0.000216736 0.000143781 0 -0.002696 0.0369602 0.00515166 28 -0.0226331 0.033933 0.00627029
132 1 0.0476699 0.206258 0 0.000198484 0.000128674 0 0.00211309 0.040427 0.00554812 35 -0.0206232 0.0341821 0.0069392
133 1 0.0868482 0.205857 0 0.000181074 0.000117888 0 0.00477817 0.0423478 0.00575472 42 -0.0194944 0.0343087 0.00732511
134 1 0.126065 0.205562 0 0.000164829 0.000111221 0 0.00659457 0.0434535 0.00591105 47 -0.0186007 0.0342002 0.0076563
135 1 0.165321 0.205356 0 0.000148725 0.000108702 0 0.00820439 0.0442233 0.00589454 48 -0.0176848 0.0338994 0.00774823
157 1 0.00942603 0.248053 0 0.00024764 0.000173448 0 -0.00346117 0.0363291 0.00377655 28 -0.0228392 0.0337059 0.00447403
158 1 0.0485584 0.247603 0 0.000228226 0.000161913 0 0.000753298 0.039751 0.00413471 35 -0.0212891 0.0342686 0.00505284
159 1 0.0877102 0.247226 0 0.000209272 0.000155048 0 0.00326721 0.0420444 0.00437869 42 -0.020492 0.0348271 0.0054629
160 1 0.126882 0.246936 0 0.000190903 0.000148633 0 0.00493396 0.0435477 0.00460669 47 -0.0199458 0.035177 0.00586742
161 1 0.166077 0.246725 0 0.000171823 0.000146605 0 0.00635189 0.0446083 0.00470513 48 -0.0193556 0.0352679 0.00609918
183 1 0.0101444 0.289337 0 0.000275147 0.000203873 0 -0.00381409 0.0359159 0.00272012 28 -0.0228527 0.0334706 0.00313143
184 1 0.049275 0.288945 0 0.000255496 0.00018986 0 -0.000169748 0.0391886 0.00301526 35 -0.0216819 0.0342364 0.00359514
185 1 0.0884107 0.288608 0 0.00023561 0.000179771 0 0.00214088 0.0416829 0.00324872 42 -0.0211606 0.0350984 0.00396856
186 1 0.127552 0.28834 0 0.000215087 0.000172885 0 0.00363754 0.0434594 0.0034892 47 -0.0209048 0.0358006 0.00436742
187 1 0.166703 0.288139 0 0.000194917 0.000172093 0 0.00485733 0.0447463 0.00363989 48 -0.0206047 0.0362226 0.00465162
209 1 0.0107094 0.330609 0 0.000301012 0.000234404 0 -0.0039392 0.0356751 0.00192195 28 -0.0227922 0.0332828 0.00214748
210 1 0.0498401 0.330283 0 0.000279261 0.000224773 0 -0.000777152 0.0387716 0.00214945 35 -0.021914 0.0341752 0.00249812
211 1 0.088966 0.329997 0 0.000258526 0.000218774 0 0.00132903 0.0413593 0.00234829 42 -0.0216085 0.0352425 0.00280714
212 1 0.128087 0.329764 0 0.000236412 0.000216259 0 0.00266217 0.0433132 0.00256654 47 -0.0215826 0.0362038 0.00315652
213 1 0.167206 0.329584 0 0.000214492 0.000217083 0 0.00370022 0.0447674 0.00272682 48 -0.0215232 0.0368897 0.00343581
136 1 0.204614 0.205218 0 0.000131909 0.000111846 0 0.00953134 0.0447415 0.00561558 48 -0.0168599 0.0335295 0.00745654
137 1 0.24394 0.205125 0 0.000116395 0.000112182 0 0.0106174 0.045124 0.00512959 48 -0.0161585 0.0331765 0.00685851
138 1 0.283294 0.205066 0 9.99223e-05 0.000116113 0 0.0114929 0.0454268 0.00449843 48 -0.0155883 0.0328787 0.00604354
139 1 0.322669 0.205027 0 8.23125e-05 0.000119635 0 0.0121845 0.045674 0.00377087 48 -0.0151413 0.0326452 0.00508312
162 1 0.205297 0.246577 0 0.00015377 0.000146018 0 0.00754731 0.0453519 0.00457802 48 -0.0187713 0.0351963 0.00600736
163 1 0.244542 0.246475 0 0.000134556 0.000149133 0 0.0085562 0.0459013 0.00425615 48 -0.0182329 0.0350558 0.00563246
164 1 0.283807 0.246407 0 0.000115201 0.000154467 0 0.0093945 0.0463239 0.00378562 48 -0.0177658 0.0349019 0.00503957
165 1 0.323091 0.246362 0 9.60311e-05 0.000157516 0 0.0100738 0.0466547 0.00320835 48 -0.0173802 0.0347624 0.00428904
188 1 0.205868 0.287993 0 0.000174738 0.000172952 0 0.00590141 0.0456839 0.00360939 48 -0.0202556 0.0364277 0.00468005
189 1 0.245048 0.287889 0 0.000153331 0.00017697 0 0.00680431 0.0463879 0.00341014 48 -0.0198939 0.036502 0.00446662
190 1 0.284243 0.287818 0 0.000131607 0.00018227 0 0.00757417 0.0469281 0.00307329 48 -0.019552 0.0365063 0.0040542
191 1 0.323452 0.28777 0 0.000108834 0.000188651 0 0.00821273 0.0473449 0.00263179 48 -0.0192511 0.0364786 0.00348941
214 1 0.20633 0.32945 0 0.000190793 0.000221183 0 0.00459716 0.0458621 0.00274939 48 -0.0213823 0.0373319 0.00352342
215 1 0.245461 0.329353 0 0.00016711 0.000225835 0 0.00538839 0.0467001 0.00263499 48 -0.021188 0.0376024 0.00341699
216 1 0.284601 0.329285 0 0.000142735 0.000231439 0 0.00607846 0.0473474 0.00240283 48 -0.0209728 0.0377597 0.00314207
217 1 0.323749 0.329238 0 0.000118149 0.000238332 0 0.00666278 0.0478457 0.002077 48 -0.0207635 0.0378457 0.00273218
140 1 0.36206 0.205004 0 6.47403e-05 0.000123583 0 0.0127138 0.045873 0.00298104 48 -0.0148042 0.0324723 0.00402784
141 1 0.401463 0.20499 0 4.69594e-05 0.000128782 0 0.0130972 0.0460246 0.00215196 48 -0.0145638 0.0323522 0.00291223
142 1 0.440875 0.204982 0 2.79881e-05 0.000129525 0 0.0133465 0.0461272 0.0012994 48 -0.0144096 0.0322769 0.0017602
143 1 0.480291 0.204979 0 9.58479e-06 0.000131343 0 0.0134694 0.046179 0.000434445 48 -0.0143344 0.0322408 0.000588782
166 1 0.36239 0.246333 0 7.54466e-05 0.000162973 0 0.0106043 0.0469106 0.00255724 48 -0.0170775 0.0346488 0.00342867
167 1 0.401699 0.246315 0 5.43695e-05 0.000167028 0 0.0109943 0.0470993 0.00185678 48 -0.0168552 0.0345645 0.00249449
168 1 0.441017 0.246305 0 3.30584e-05 0.000170264 0 0.0112505 0.0472242 0.00112533 48 -0.0167096 0.0345093 0.00151371
169 1 0.480338 0.246301 0 1.07185e-05 0.000172601 0 0.0113774 0.0472864 0.000376919 48 -0.0166376 0.0344821 0.000507304
192 1 0.362673 0.287738 0 8.55176e-05 0.000194423 0 0.00872075 0.0476613 0.00211423 48 -0.0190033 0.0364409 0.00281322
193 1 0.401902 0.287718 0 6.14108e-05 0.000198157 0 0.00909955 0.0478905 0.00154377 48 -0.0188148 0.0364057 0.00205915
194 1 0.441139 0.287707 0 3.70931e-05 0.000201936 0 0.00935086 0.04804 0.000939004 48 -0.0186884 0.0363796 0.00125439
195 1 0.480379 0.287702 0 1.24309e-05 0.000202841 0 0.00947613 0.048114 0.000315065 48 -0.018625 0.0363659 0.000421193
218 1 0.362907 0.329206 0 9.21195e-05 0.000244585 0 0.00713581 0.0482214 0.00168049 48 -0.0205791 0.0378891 0.0022199
219 1 0.402071 0.329186 0 6.66846e-05 0.000250985 0 0.0074934 0.0484914 0.00123339 48 -0.0204321 0.0379085 0.00163395
220 1 0.44124 0.329175 0 3.99836e-05 0.000255645 0 0.00773292 0.0486664 0.000752731 48 -0.0203305 0.0379159 0.000998974
221 1 0.480413 0.329169 0 1.37032e-05 0.000258317 0 0.00785301 0.0487524 0.000252989 48 -0.0202786 0.037918 0.00033604
144 1 0.519709 0.204979 0 -9.58479e-06 0.000131343 0 0.0134694 0.046179 -0.000434445 48 -0.0143344 0.0322408 -0.000588782
145 1 0.559125 0.204982 0 -2.79881e-05 0.000129525 0 0.0133465 0.0461272 -0.0012994 48 -0.0144096 0.0322769 -0.0017602
146 1 0.598537 0.20499 0 -4.69594e-05 0.000128782 0 0.0130972 0.0460246 -0.00215196 48 -0.0145638 0.0323522 -0.00291223
147 1 0.63794 0.205004 0 -6.47403e-05 0.000123583 0 0.0127138 0.045873 -0.00298104 48 -0.0148042 0.0324723 -0.00402784
170 1 0.519662 0.246301 0 -1.07185e-05 0.000172601 0 0.0113774 0.0472864 -0.000376919 48 -0.0166376 0.0344821 -0.000507304
171 1 0.558983 0.246305 0 -3.30584e-05 0.000170264 0 0.0112505 0.0472242 -0.00112533 48 -0.0167096 0.0345093 -0.00151371
172 1 0.598301 0.246315 0 -5.43695e-05 0.000167028 0 0.0109943 0.0470993 -0.00185678 48 -0.0168552 0.0345645 -0.00249449
173 1 0.63761 0.246333 0 -7.54466e-05 0.000162973 0 0.0106043 0.0469106 -0.00255724 48 -0.0170775 0.0346488 -0.00342867
196 1 0.519621 0.287702 0 -1.24309e-05 0.000202841 0 0.00947613 0.048114 -0.000315065 48 -0.018625 0.0363659 -0.000421193
197 1 0.558861 0.287707 0 -3.70931e-05 0.000201936 0 0.00935086 0.04804 -0.000939004 48 -0.0186884 0.0363796 -0.00125439
198 1 0.598098 0.287718 0 -6.14108e-05 0.000198157 0 0.00909955 0.0478905 -0.00154377 48 -0.0188148 0.0364057 -0.00205915
199 1 0.637327 0.287738 0 -8.55176e-05 0.000194423 0 0.00872075 0.0476613 -0.00211423 48 -0.0190033 0.0364409 -0.00281322
222 1 0.519587 0.329169 0 -1.37032e-05 0.000258317 0 0.00785301 0.0487524 -0.000252989 48 -0.0202786 0.037918 -0.00033604
223 1 0.55876 0.329175 0 -3.99836e-05 0.000255645 0 0.00773292 0.0486664 -0.000752731 48 -0.0203305 0.0379159 -0.000998974
224 1 0.597929 0.329186 0 -6.66846e-05 0.000250985 0 0.0074934 0.0484914 -0.00123339 48 -0.0204321 0.0379085 -0.00163395
225 1 0.637093 0.329206 0 -9.21195e-05 0.000244585 0 0.00713581 0.0482214 -0.00168049 48 -0.0205791 0.0378891 -0.0022199
148 1 0.677331 0.205027 0 -8.23125e-05 0.000119635 0 0.0121845 0.045674 -0.00377087 48 -0.0151413 0.0326452 -0.00508312
149 1 0.716706 0.205066 0 -9.99223e-05 0.000116113 0 0.0114929 0.0454268 -0.00449843 48 -0.0155883 0.0328787 -0.00604354
150 1 0.75606 0.205125 0 -0.000116395 0.000112182 0 0.0106174 0.045124 -0.00512959 48 -0.0161585 0.0331765 -0.00685851
151 1 0.795386 0.205218 0 -0.000131909 0.000111846 0 0.00953134 0.0447415 -0.00561558 48 -0.0168599 0.0335295 -0.00745654
174 1 0.676909 0.246362 0 -9.60311e-05 0.000157516 0 0.0100738 0.0466547 -0.00320835 48 -0.0173802 0.0347624 -0.00428904
175 1 0.716193 0.246407 0 -0.000115201 0.000154467 0 0.0093945 0.0463239 -0.00378562 48 -0.0177658 0.0349019 -0.00503957
176 1 0.755458 0.246475 0 -0.000134556 0.000149133 0 0.0085562 0.0459013 -0.00425615 48 -0.0182329 0.0350558 -0.00563246
177 1 0.794703 0.246577 0 -0.00015377 0.000146018 0 0.00754731 0.0453519 -0.00457802 48 -0.0187713 0.0351963 -0.00600736
200 1 0.676548 0.28777 0 -0.000108834 0.000188651 0 0.00821273 0.0473449 -0.00263179 48 -0.0192511 0.0364786 -0.00348941
201 1 0.715757 0.287818 0 -0.000131607 0.00018227 0 0.00757417 0.0469281 -0.00307329 48 -0.019552 0.0365063 -0.0040542
202 1 0.754952 0.287889 0 -0.000153331 0.00017697 0 0.00680431 0.0463879 -0.00341014 48 -0.0198939 0.036502 -0.00446662
203 1 0.794132 0.287993 0 -0.000174738 0.000172952 0 0.00590141 0.0456839 -0.00360939 48 -0.0202556 0.0364277 -0.00468005
226 1 0.676251 0.329238 0 -0.000118149 0.000238332 0 0.00666278 0.0478457 -0.002077 48 -0.0207635 0.0378457 -0.00273218
227 1 0.715399 0.329285 0 -0.000142735 0.000231439 0 0.00607846 0.0473474 -0.00240283 48 -0.0209728 0.0377597 -0.00314207
228 1 0.754539 0.329353 0 -0.00016711 0.000225835 0 0.00538839 0.0467001 -0.00263499 48 -0.021188 0.0376024 -0.00341699
229 1 0.79367 0.32945 0 -0.000190793 0.000221183 0 0.00459716 0.0458621 -0.00274939 48 -0.0213823 0.0373319 -0.00352342
152 1 0.834679 0.205356 0 -0.000148725 0.000108702 0 0.00820439 0.0442233 -0.00589454 48 -0.0176848 0.0338994 -0.00774823
153 1 0.873935 0.205562 0 -0.000164829 0.000111221 0 0.00659457 0.0434535 -0.00591105 47 -0.0186007 0.0342002 -0.0076563
154 1 0.913152 0.205857 0 -0.000181074 0.000117888 0 0.00477817 0.0423478 -0.00575472 42 -0.0194944 0.0343087 -0.00732511
155 1 0.95233 0.206258 0 -0.000198484 0.000128674 0 0.00211309 0.040427 -0.00554812 35 -0.0206232 0.0341821 -0.0069392
156 1 0.991469 0.206755 0 -0.000216736 0.000143781 0 -0.002696 0.0369602 -0.00515166 28 -0.0226331 0.033933 -0.00627029
178 1 0.833923 0.246725 0 -0.000171823 0.000146605 0 0.00635189 0.0446083 -0.00470513 48 -0.0193556 0.0352679 -0.00609918
179 1 0.873118 0.246936 0 -0.000190903 0.000148633 0 0.00493396 0.0435477 -0.00460669 47 -0.0199458 0.035177 -0.00586742
180 1 0.91229 0.247226 0 -0.000209272 0.000155048 0 0.00326721 0.0420444 -0.00437869 42 -0.020492 0.0348271 -0.0054629
181 1 0.951442 0.247603 0 -0.000228226 0.000161913 0 0.000753298 0.039751 -0.00413471 35 -0.0212891 0.0342686 -0.00505284
182 1 0.990574 0.248053 0 -0.00024764 0.000173448 0 -0.00346117 0.0363291 -0.00377655 28 -0.0228392 0.0337059 -0.00447403
204 1 0.833297 0.288139 0 -0.000194917 0.000172093 0 0.00485733 0.0447463 -0.00363989 48 -0.0206047 0.0362226 -0.00465162
205 1 0.872448 0.28834 0 -0.000215087 0.000172885 0 0.00363754 0.0434594 -0.0034892 47 -0.0209048 0.0358006 -0.00436742
206 1 0.911589 0.288608 0 -0.00023561 0.000179771 0 0.00214088 0.0416829 -0.00324872 42 -0.0211606 0.0350984 -0.00396856
207 1 0.950725 0.288945 0 -0.000255496 0.00018986 0 -0.000169748 0.0391886 -0.00301526 35 -0.0216819 0.0342364 -0.00359514
208 1 0.989856 0.289337 0 -0.000275147 0.000203873 0 -0.00381409 0.0359159 -0.00272012 28 -0.0228527 0.0334706 -0.00313143
230 1 0.832794 0.329584 0 -0.000214492 0.000217083 0 0.00370022 0.0447674 -0.00272682 48 -0.0215232 0.0368897 -0.00343581
231 1 0.871913 0.329764 0 -0.000236412 0.000216259 0 0.00266217 0.0433132 -0.00256654 47 -0.0215826 0.0362038 -0.00315652
232 1 0.911034 0.329997 0 -0.000258526 0.000218774 0 0.00132903 0.0413593 -0.00234829 42 -0.0216085 0.0352425 -0.00280714
233 1 0.95016 0.330283 0 -0.000279261 0.000224773 0 -0.000777152 0.0387716 -0.00214945 35 -0.021914 0.0341752 -0.00249812
234 1 0.989291 0.330609 0 -0.000301012 0.000234404 0 -0.0039392 0.0356751 -0.00192195 28 -0.0227922 0.0332828 -0.00214748
235 1 0.0111405 0.371874 0 0.000323808 0.000266778 0 -0.00395191 0.0355515 0.00131986 28 -0.0227162 0.0331518 0.00143206
236 1 0.0502719 0.371618 0 0.000302351 0.000257884 0 -0.00116904 0.0384836 0.00148487 35 -0.0220534 0.0341206 0.0016829
237 1 0.0893916 0.37139 0 0.000278676 0.000251324 0 0.000759844 0.0411045 0.00163969 42 -0.0219084 0.0353224 0.00191918
238 1 0.128499 0.3712 0 0.000256214 0.000248383 0 0.00195299 0.0431688 0.00181759 47 -0.0220552 0.0364668 0.00219805
239 1 0.167596 0.371051 0 0.000231159 0.000245709 0 0.00283861 0.044741 0.00196066 48 -0.0221837 0.0373524 0.00243768
261 1 0.0114529 0.413135 0 0.000344387 0.000300165 0 -0.00392049 0.0354997 0.000859235 28 -0.0226512 0.0330705 0.000908566
262 1 0.0505849 0.412951 0 0.000321176 0.000292695 0 -0.00141442 0.038299 0.000969682 35 -0.0221387 0.0340837 0.00107489
263 1 0.0897007 0.412784 0 0.00029768 0.000289416 0 0.000377055 0.0409243 0.0010786 42 -0.0221061 0.0353704 0.00123925
264 1 0.128799 0.412644 0 0.000272155 0.00028763 0 0.00146219 0.0430544 0.00120805 47 -0.0223749 0.0366381 0.0014396
265 1 0.167881 0.412532 0 0.000247235 0.000294125 0 0.00223111 0.0447056 0.00131815 48 -0.0226404 0.0376657 0.00162005
287 1 0.0116578 0.454394 0 0.000362666 0.000335844 0 -0.00388732 0.0354838 0.000492936 28 -0.0226092 0.0330276 0.000512443
288 1 0.05079 0.454282 0 0.000337514 0.000331308 0 -0.00155866 0.0381935 0.000556211 35 -0.0221906 0.0340653 0.000607212
289 1 0.0899034 0.45418 0 0.00031228 0.000330569 0 0.000140501 0.0408137 0.00062039 42 -0.022229 0.0354019 0.00070348
290 1 0.128996 0.454093 0 0.000285401 0.000331425 0 0.00115285 0.0429805 0.0006985 47 -0.0225757 0.0367457 0.000823595
291 1 0.168069 0.454023 0 0.00025758 0.000334758 0 0.00184338 0.0446802 0.000767075 48 -0.0229303 0.0378644 0.00093485
313 1 0.011762 0.495653 0 0.000376629 0.000372027 0 -0.00387248 0.0354827 0.000180342 28 -0.0225935 0.0330136 0.000188645
314 1 0.0508943 0.495613 0 0.000351544 0.000369808 0 -0.00162879 0.0381495 0.00020111 35 -0.0222198 0.0340631 0.00021987
315 1 0.0900063 0.495576 0 0.000324689 0.00036838 0 2.60723e-05 0.0407678 0.000222102 42 -0.0222925 0.035424 0.00025149
316 1 0.129096 0.495545 0 0.000298008 0.000371342 0 0.00100255 0.0429526 0.000248203 47 -0.0226776 0.0368053 0.000291781
317 1 0.168164 0.495521 0 0.00026842 0.000376483 0 0.00165398 0.0446765 0.000271203 48 -0.0230764 0.0379693 0.000329303
240 1 0.20669 0.370938 0 0.000206754 0.000249423 0 0.00360736 0.0459562 0.00200469 48 -0.0222136 0.0379844 0.00254117
241 1 0.245784 0.370854 0 0.000181411 0.000255185 0 0.00429642 0.0469028 0.00194457 48 -0.022163 0.0384198 0.00249851
242 1 0.284882 0.370794 0 0.000155211 0.000263552 0 0.00490928 0.0476405 0.00179099 48 -0.0220617 0.0387112 0.00232324
243 1 0.323984 0.370753 0 0.000127353 0.000272436 0 0.00543793 0.04821 0.00156049 48 -0.0219383 0.0389008 0.00203803
266 1 0.206954 0.412446 0 0.000219968 0.000300704 0 0.00289891 0.0460072 0.00136217 48 -0.0227991 0.0384387 0.00171064
267 1 0.246022 0.412382 0 0.000192743 0.000307691 0 0.00350497 0.0470352 0.00133359 48 -0.0228607 0.039001 0.00170009
268 1 0.28509 0.412336 0 0.000163692 0.000315849 0 0.00405299 0.0478431 0.00123777 48 -0.0228511 0.0393988 0.00159473
269 1 0.324158 0.412303 0 0.000136044 0.000323232 0 0.00453333 0.0484692 0.00108515 48 -0.0227988 0.0396728 0.00140865
292 1 0.207129 0.453969 0 0.000229521 0.000339172 0 0.00244216 0.0460376 0.000797698 48 -0.023175 0.0387305 0.000994849
293 1 0.24618 0.453929 0 0.000199377 0.000348224 0 0.00299053 0.04712 0.000785372 48 -0.023313 0.0393788 0.00099532
294 1 0.285228 0.453899 0 0.000170751 0.000359376 0 0.00349243 0.0479759 0.000732428 48 -0.0233673 0.0398501 0.000938784
295 1 0.324274 0.453878 0 0.00013918 0.000368789 0 0.00393746 0.0486412 0.000644624 48 -0.0233653 0.0401833 0.000832907
318 1 0.207217 0.495501 0 0.000238987 0.000386691 0 0.00221805 0.0460621 0.000281188 48 -0.0233644 0.0388822 0.000349306
319 1 0.24626 0.495487 0 0.000209306 0.000397025 0 0.00273679 0.047172 0.000276359 48 -0.0235413 0.0395742 0.00034885
320 1 0.285298 0.495476 0 0.000177123 0.000404924 0 0.00321481 0.0480524 0.000257474 48 -0.0236283 0.0400834 0.000328718
321 1 0.324333 0.495468 0 0.000146567 0.000416594 0 0.00364156 0.0487381 0.000226516 48 -0.0236525 0.0404473 0.000291537
244 1 0.363092 0.370724 0 0.000101138 0.00027959 0 0.00587268 0.0486388 0.00127034 48 -0.0218156 0.0390202 0.00166707
245 1 0.402205 0.370706 0 7.164e-05 0.000286098 0 0.00620539 0.0489462 0.000936483 48 -0.0217105 0.0390923 0.00123297
246 1 0.441321 0.370695 0 4.34987e-05 0.000289681 0 0.00643018 0.0491446 0.000573159 48 -0.0216346 0.0391325 0.000756164
247 1 0.48044 0.37069 0 1.41931e-05 0.000291687 0 0.00654334 0.0492419 0.000192907 48 -0.021595 0.0391503 0.000254752
270 1 0.36323 0.412281 0 0.00010482 0.000331986 0 0.00493366 0.0489413 0.000887578 48 -0.0227285 0.0398556 0.00115831
271 1 0.402304 0.412266 0 7.63078e-05 0.000338308 0 0.00524314 0.0492792 0.000656568 48 -0.0226598 0.0399723 0.000859942
272 1 0.441381 0.412257 0 4.53631e-05 0.000343628 0 0.00545388 0.0494973 0.000402738 48 -0.0226065 0.0400408 0.000528678
273 1 0.48046 0.412253 0 1.51242e-05 0.000346984 0 0.00556054 0.0496042 0.000135689 48 -0.0225777 0.0400722 0.000178314
296 1 0.363322 0.453863 0 0.000109783 0.000378243 0 0.00431222 0.0491436 0.000528834 48 -0.0233328 0.0404114 0.000687177
297 1 0.402371 0.453854 0 7.76277e-05 0.000385996 0 0.00460432 0.0495035 0.000392061 48 -0.0232906 0.0405603 0.000511423
298 1 0.441422 0.453848 0 4.73865e-05 0.000391626 0 0.00480429 0.0497356 0.000240846 48 -0.0232541 0.0406494 0.00031493
299 1 0.480474 0.453845 0 1.57137e-05 0.000393577 0 0.00490585 0.0498494 8.12001e-05 48 -0.0232333 0.0406908 0.000106302
322 1 0.363369 0.495463 0 0.000113305 0.000426061 0 0.00400279 0.0492562 0.000185804 48 -0.0236398 0.040699 0.000240513
323 1 0.402405 0.495459 0 8.21824e-05 0.000432487 0 0.00428564 0.0496276 0.000137747 48 -0.0236115 0.0408649 0.000179002
324 1 0.441442 0.495457 0 4.86149e-05 0.000438965 0 0.00447983 0.0498671 8.46194e-05 48 -0.0235837 0.0409647 0.00011023
325 1 0.480481 0.495456 0 1.6409e-05 0.000441344 0 0.00457859 0.0499844 2.85275e-05 48 -0.0235673 0.0410115 3.7208e-05
248 1 0.51956 0.37069 0 -1.41931e-05 0.000291687 0 0.00654334 0.0492419 -0.000192907 48 -0.021595 0.0391503 -0.000254752
249 1 0.558679 0.370695 0 -4.34987e-05 0.000289681 0 0.00643018 0.0491446 -0.000573159 48 -0.0216346 0.0391325 -0.000756164
250 1 0.597795 0.370706 0 -7.164e-05 0.000286098 0 0.00620539 0.0489462 -0.000936483 48 -0.0217105 0.0390923 -0.00123297
251 1 0.636908 0.370724 0 -0.000101138 0.00027959 0 0.00587268 0.0486388 -0.00127034 48 -0.0218156 0.0390202 -0.00166707
274 1 0.51954 0.412253 0 -1.51242e-05 0.000346984 0 0.00556054 0.0496042 -0.000135689 48 -0.0225777 0.0400722 -0.000178314
275 1 0.558619 0.412257 0 -4.53631e-05 0.000343628 0 0.00545388 0.0494973 -0.000402738 48 -0.0226065 0.0400408 -0.000528678
276 1 0.597696 0.412266 0 -7.63078e-05 0.000338308 0 0.00524314 0.0492792 -0.000656568 48 -0.0226598 0.0399723 -0.000859942
277 1 0.63677 0.412281 0 -0.00010482 0.000331986 0 0.00493366 0.0489413 -0.000887578 48 -0.0227285 0.0398556 -0.00115831
300 1 0.519526 0.453845 0 -1.57137e-05 0.000393577 0 0.00490585 0.0498494 -8.12001e-05 48 -0.0232333 0.0406908 -0.000106302
301 1 0.558578 0.453848 0 -4.73865e-05 0.000391626 0 0.00480429 0.0497356 -0.000240846 48 -0.0232541 0.0406494 -0.00031493
302 1 0.597629 0.453854 0 -7.76277e-05 0.000385996 0 0.00460432 0.0495035 -0.000392061 48 -0.0232906 0.0405603 -0.000511423
303 1 0.636678 0.453863 0 -0.000109783 0.000378243 0 0.00431222 0.0491436 -0.000528834 48 -0.0233328 0.0404114 -0.000687177
326 1 0.519519 0.495456 0 -1.6409e-05 0.000441344 0 0.00457859 0.0499844 -2.85275e-05 48 -0.0235673 0.0410115 -3.7208e-05
327 1 0.558558 0.495457 0 -4.86149e-05 0.000438965 0 0.00447983 0.0498671 -8.46194e-05 48 -0.0235837 0.0409647 -0.00011023
328 1 0.597595 0.495459 0 -8.21824e-05 0.000432487 0 0.00428564 0.0496276 -0.000137747 48 -0.0236115 0.0408649 -0.000179002
329 1 0.636631 0.495463 0 -0.000113305 0.000426061 0 0.00400279 0.0492562 -0.000185804 48 -0.0236398 0.040699 -0.000240513
252 1 0.676016 0.370753 0 -0.000127353 0.000272436 0 0.00543793 0.04821 -0.00156049 48 -0.0219383 0.0389008 -0.00203803
253 1 0.715118 0.370794 0 -0.000155211 0.000263552 0 0.00490928 0.0476405 -0.00179099 48 -0.0220617 0.0387112 -0.00232324
254 1 0.754216 0.370854 0 -0.000181411 0.000255185 0 0.00429642 0.0469028 -0.00194457 48 -0.022163 0.0384198 -0.00249851
255 1 0.79331 0.370938 0 -0.000206754 0.000249423 0 0.00360736 0.0459562 -0.00200469 48 -0.0222136 0.0379844 -0.00254117
278 1 0.675842 0.412303 0 -0.000136044 0.000323232 0 0.00453333 0.0484692 -0.00108515 48 -0.0227988 0.0396728 -0.00140865
279 1 0.71491 0.412336 0 -0.000163692 0.000315849 0 0.00405299 0.0478431 -0.00123777 48 -0.0228511 0.0393988 -0.00159473
280 1 0.753978 0.412382 0 -0.000192743 0.000307691 0 0.00350497 0.0470352 -0.00133359 48 -0.0228607 0.039001 -0.00170009
281 1 0.793046 0.412446 0 -0.000219968 0.000300704 0 0.00289891 0.0460072 -0.00136217 48 -0.0227991 0.0384387 -0.00171064
304 1 0.675726 0.453878 0 -0.00013918 0.000368789 0 0.00393746 0.0486412 -0.000644624 48 -0.0233653 0.0401833 -0.000832907
305 1 0.714772 0.453899 0 -0.000170751 0.000359376 0 0.00349243 0.0479759 -0.000732428 48 -0.0233673 0.0398501 -0.000938784
306 1 0.75382 0.453929 0 -0.000199377 0.000348224 0 0.00299053 0.04712 -0.000785372 48 -0.023313 0.0393788 -0.00099532
307 1 0.792871 0.453969 0 -0.000229521 0.000339172 0 0.00244216 0.0460376 -0.000797698 48 -0.023175 0.0387305 -0.000994849
330 1 0.675667 0.495468 0 -0.000146567 0.000416594 0 0.00364156 0.0487381 -0.000226516 48 -0.0236525 0.0404473 -0.000291537
331 1 0.714702 0.495476 0 -0.000177123 0.000404924 0 0.00321481 0.0480524 -0.000257474 48 -0.0236283 0.0400834 -0.000328718
332 1 0.75374 0.495487 0 -0.000209306 0.000397025 0 0.00273679 0.047172 -0.000276359 48 -0.0235413 0.0395742 -0.00034885
333 1 0.792783 0.495501 0 -0.000238987 0.000386691 0 0.00221805 0.0460621 -0.000281188 48 -0.0233644 0.0388822 -0.000349306
256 1 0.832404 0.371051 0 -0.000231159 0.000245709 0 0.00283861 0.044741 -0.00196066 48 -0.0221837 0.0373524 -0.00243768
257 1 0.871501 0.3712 0 -0.000256214 0.000248383 0 0.00195299 0.0431688 -0.00181759 47 -0.0220552 0.0364668 -0.00219805
258 1 0.910608 0.37139 0 -0.000278676 0.000251324 0 0.000759844 0.0411045 -0.00163969 42 -0.0219084 0.0353224 -0.00191918
259 1 0.949728 0.371618 0 -0.000302351 0.000257884 0 -0.00116904 0.0384836 -0.00148487 35 -0.0220534 0.0341206 -0.0016829
260 1 0.988859 0.371874 0 -0.000323808 0.000266778 0 -0.00395191 0.0355515 -0.00131986 28 -0.0227162 0.0331518 -0.00143206
282 1 0.832119 0.412532 0 -0.000247235 0.000294125 0 0.00223111 0.0447056 -0.00131815 48 -0.0226404 0.0376657 -0.00162005
283 1 0.871201 0.412644 0 -0.000272155 0.00028763 0 0.00146219 0.0430544 -0.00120805 47 -0.0223749 0.0366381 -0.0014396
284 1 0.910299 0.412784 0 -0.00029768 0.000289416 0 0.000377055 0.0409243 -0.0010786 42 -0.0221061 0.0353704 -0.00123925
285 1 0.949415 0.412951 0 -0.000321176 0.000292695 0 -0.00141442 0.038299 -0.000969682 35 -0.0221387 0.0340837 -0.00107489
286 1 0.988547 0.413135 0 -0.000344387 0.000300165 0 -0.00392049 0.0354997 -0.000859235 28 -0.0226512 0.0330705 -0.000908566
308 1 0.831931 0.454023 0 -0.00025758 0.000334758 0 0.00184338 0.0446802 -0.000767075 48 -0.0229303 0.0378644 -0.00093485
309 1 0.871004 0.454093 0 -0.000285401 0.000331425 0 0.00115285 0.0429805 -0.0006985 47 -0.0225757 0.0367457 -0.000823595
310 1 0.910097 0.45418 0 -0.00031228 0.000330569 0 0.000140501 0.0408137 -0.00062039 42 -0.022229 0.0354019 -0.00070348
311 1 0.94921 0.454282 0 -0.000337514 0.000331308 0 -0.00155866 0.0381935 -0.000556211 35 -0.0221906 0.0340653 -0.000607212
312 1 0.988342 0.454394 0 -0.000362666 0.000335844 0 -0.00388732 0.0354838 -0.000492936 28 -0.0226092 0.0330276 -0.000512443
334 1 0.831836 0.495521 0 -0.00026842 0.000376483 0 0.00165398 0.0446765 -0.000271203 48 -0.0230764 0.0379693 -0.000329303
335 1 0.870904 0.495545 0 -0.000298008 0.000371342 0 0.00100255 0.0429526 -0.000248203 47 -0.0226776 0.0368053 -0.000291781
336 1 0.909994 0.495576 0 -0.000324689 0.00036838 0 2.60723e-05 0.0407678 -0.000222102 42 -0.0222925 0.035424 -0.00025149
337 1 0.949106 0.495613 0 -0.000351544 0.000369808 0 -0.00162879 0.0381495 -0.00020111 35 -0.0222198 0.0340631 -0.00021987
338 1 0.988238 0.495653 0 -0.000376629 0.000372027 0 -0.00387248 0.0354827 -0.000180342 28 -0.0225935 0.0330136 -0.000188645
339 2 0.0117691 0.536911 0 0.000388551 0.000410441 0 -0.00388717 0.0354844 -0.00011589 28 -0.0226057 0.0330234 -0.000112889
340 2 0.050901 0.536943 0 0.00036085 0.00041108 0 -0.00163686 0.0381582 -0.000136004 35 -0.0222305 0.0340752 -0.00014251
341 2 0.0900126 0.536973 0 0.000332548 0.000414866 0 2.16897e-05 0.0407822 -0.000157632 42 -0.0223033 0.035439 -0.000174346
342 2 0.129101 0.536999 0 0.000302737 0.000421165 0 0.000999419 0.0429708 -0.000183677 47 -0.0226894 0.036823 -0.000213641
343 2 0.168169 0.53702 0 0.000272977 0.000430174 0 0.00165111 0.0446972 -0.000207451 48 -0.0230895 0.0379892 -0.000251146
365 2 0.0116786 0.57817 0 0.000395003 0.000451365 0 -0.00392976 0.0354899 -0.000431858 28 -0.0226452 0.0330568 -0.00044048
366 2 0.0508099 0.578275 0 0.000366666 0.00045467 0 -0.00158225 0.03822 -0.00049456 35 -0.0222225 0.0341015 -0.000533849
367 2 0.0899221 0.578371 0 0.000337757 0.000457886 0 0.000128097 0.0408573 -0.000559588 42 -0.0222611 0.0354467 -0.00063065
368 2 0.129013 0.578453 0 0.000306981 0.000465086 0 0.00114435 0.0430357 -0.000637851 47 -0.0226109 0.0367988 -0.000750087
369 2 0.168085 0.578518 0 0.000275823 0.000471454 0 0.00183599 0.0447431 -0.000707264 48 -0.0229688 0.037924 -0.000861462
391 2 0.0114866 0.61943 0 0.000397194 0.000492126 0 -0.00399028 0.0355104 -0.00080437 28 -0.0227108 0.0331191 -0.0008437
392 2 0.0506169 0.619608 0 0.000367657 0.000499192 0 -0.0014521 0.0383437 -0.000915027 35 -0.0221909 0.0341436 -0.0010097
393 2 0.0897307 0.619769 0 0.000337011 0.000506899 0 0.000357531 0.0409963 -0.00102513 42 -0.0221584 0.0354441 -0.00117507
394 2 0.128826 0.619905 0 0.000306254 0.000515937 0 0.00144904 0.043145 -0.00115506 47 -0.0224322 0.0367249 -0.00137525
395 2 0.167906 0.620013 0 0.000273583 0.000528128 0 0.00221999 0.0448086 -0.00126612 48 -0.0227027 0.0377629 -0.00155612
417 2 0.0111854 0.660693 0 0.000394529 0.000537031 0 -0.00404483 0.0355698 -0.00127467 28 -0.0227978 0.0332202 -0.00137816
418 2 0.0503144 0.660944 0 0.000363576 0.000545575 0 -0.00121843 0.0385474 -0.00144065 35 -0.0221248 0.0342039 -0.00162991
419 2 0.0894315 0.661167 0 0.000331749 0.00055454 0 0.00073545 0.041205 -0.0015972 42 -0.0219795 0.0354238 -0.00186804
420 2 0.128535 0.661353 0 0.000299143 0.000566648 0 0.0019377 0.0432941 -0.00177603 47 -0.0221323 0.0365853 -0.00214748
421 2 0.16763 0.661499 0 0.000266572 0.000576169 0 0.00282656 0.0448827 -0.00192017 48 -0.0222672 0.0374842 -0.00238782
344 2 0.207222 0.537036 0 0.000240981 0.000438176 0 0.0022154 0.0460847 -0.000220378 48 -0.0233782 0.0389039 -0.000274089
345 2 0.246264 0.537048 0 0.000208852 0.000449477 0 0.0027344 0.047196 -0.000220464 48 -0.0235558 0.039597 -0.000279268
346 2 0.285301 0.537057 0 0.000177179 0.000460566 0 0.00321281 0.0480775 -0.000208006 48 -0.0236431 0.040107 -0.000266854
347 2 0.324336 0.537064 0 0.000144124 0.000472016 0 0.00363993 0.0487641 -0.000184628 48 -0.0236675 0.0404716 -0.000238979
370 2 0.207143 0.57857 0 0.000244062 0.000482702 0 0.00243559 0.0461061 -0.000740713 48 -0.023216 0.0387948 -0.000924314
371 2 0.246192 0.578608 0 0.000211784 0.000493959 0 0.00298474 0.0471925 -0.000733012 48 -0.0233556 0.0394465 -0.000930112
372 2 0.285238 0.578636 0 0.000179187 0.000507818 0 0.00348755 0.0480513 -0.000686076 48 -0.0234109 0.0399204 -0.000880795
373 2 0.324283 0.578656 0 0.000146635 0.000517788 0 0.00393351 0.0487189 -0.00060537 48 -0.0234096 0.0402553 -0.000783634
396 2 0.206977 0.620096 0 0.000241445 0.000541142 0 0.00288925 0.0461191 -0.00131274 48 -0.0228653 0.0385433 -0.00164935
397 2 0.246042 0.620158 0 0.000208112 0.000552135 0 0.00349688 0.0471536 -0.00128827 48 -0.0229293 0.039111 -0.00164352
398 2 0.285106 0.620203 0 0.0001754 0.00056243 0 0.00404653 0.0479663 -0.00119769 48 -0.0229213 0.0395127 -0.00154448
399 2 0.324172 0.620234 0 0.000143429 0.000574614 0 0.00452838 0.048596 -0.00105122 48 -0.0228698 0.0397893 -0.00136597
422 2 0.20672 0.66161 0 0.000232744 0.000587861 0 0.00359768 0.0461096 -0.00196635 48 -0.0223017 0.0381258 -0.00249357
423 2 0.24581 0.661691 0 0.000200442 0.000601515 0 0.00428914 0.0470648 -0.00190944 48 -0.0222541 0.0385681 -0.00245463
424 2 0.284904 0.661749 0 0.000168164 0.000613655 0 0.00490443 0.047809 -0.00175993 48 -0.0221547 0.0388644 -0.00228429
425 2 0.324002 0.66179 0 0.000135553 0.00062608 0 0.00543545 0.0483833 -0.00153416 48 -0.0220322 0.0390574 -0.00200491
348 2 0.363371 0.537068 0 0.00011286 0.000481387 0 0.0040015 0.0492828 -0.000152396 48 -0.0236549 0.0407237 -0.000198489
349 2 0.402406 0.537071 0 7.96671e-05 0.000488824 0 0.00428455 0.0496546 -0.000113443 48 -0.0236266 0.0408899 -0.000148386
350 2 0.441443 0.537073 0 4.81765e-05 0.000495807 0 0.00447894 0.0498943 -6.98712e-05 48 -0.023599 0.0409899 -9.16347e-05
351 2 0.480481 0.537073 0 1.5977e-05 0.000498184 0 0.00457785 0.0500118 -2.35874e-05 48 -0.0235825 0.0410367 -3.09701e-05
374 2 0.363328 0.578669 0 0.000113937 0.000528193 0 0.00430909 0.0492229 -0.000497539 48 -0.0233774 0.0404845 -0.000647805
375 2 0.402376 0.578678 0 8.15846e-05 0.000537259 0 0.00460183 0.0495839 -0.000369287 48 -0.0233353 0.0406343 -0.000482729
376 2 0.441425 0.578683 0 4.90246e-05 0.000542479 0 0.00480224 0.0498167 -0.000227008 48 -0.0232988 0.0407238 -0.000297473
377 2 0.480475 0.578686 0 1.63133e-05 0.000545518 0 0.00490399 0.0499307 -7.65609e-05 48 -0.0232781 0.0407654 -0.000100443
400 2 0.363241 0.620256 0 0.000110028 0.000585027 0 0.00493014 0.0490707 -0.000860515 48 -0.0228 0.039974 -0.00112419
401 2 0.402312 0.62027 0 7.90198e-05 0.000591398 0 0.00524083 0.0494105 -0.000636884 48 -0.0227315 0.040092 -0.00083509
402 2 0.441386 0.620278 0 4.67343e-05 0.000598286 0 0.00545232 0.0496296 -0.000390796 48 -0.0226783 0.0401612 -0.000513587
403 2 0.480462 0.620282 0 1.54117e-05 0.000599945 0 0.00555933 0.049737 -0.000131694 48 -0.0226496 0.040193 -0.000173261
426 2 0.363106 0.661818 0 0.000106151 0.000634394 0 0.00587228 0.0488157 -0.00124931 48 -0.0219101 0.0391792 -0.00164054
427 2 0.402215 0.661835 0 7.40008e-05 0.000642894 0 0.00620657 0.0491254 -0.000921179 48 -0.0218052 0.0392529 -0.00121365
428 2 0.441327 0.661846 0 4.47839e-05 0.000649073 0 0.00643251 0.0493254 -0.000563856 48 -0.0217293 0.039294 -0.000744407
429 2 0.480442 0.661851 0 1.52962e-05 0.000651519 0 0.00654635 0.0494235 -0.00018978 48 -0.0216897 0.0393123 -0.000250796
352 2 0.519519 0.537073 0 -1.5977e-05 0.000498184 0 0.00457785 0.0500118 2.35874e-05 48 -0.0235825 0.0410367 3.09701e-05
353 2 0.558557 0.537073 0 -4.81765e-05 0.000495807 0 0.00447894 0.0498943 6.98712e-05 48 -0.023599 0.0409899 9.16347e-05
354 2 0.597594 0.537071 0 -7.96671e-05 0.000488824 0 0.00428455 0.0496546 0.000113443 48 -0.0236266 0.0408899 0.000148386
355 2 0.636629 0.537068 0 -0.00011286 0.000481387 0 0.0040015 0.0492828 0.000152396 48 -0.0236549 0.0407237 0.000198489
378 2 0.519525 0.578686 0 -1.63133e-05 0.000545518 0 0.00490399 0.0499307 7.65609e-05 48 -0.0232781 0.0407654 0.000100443
379 2 0.558575 0.578683 0 -4.90246e-05 0.000542479 0 0.00480224 0.0498167 0.000227008 48 -0.0232988 0.0407238 0.000297473
380 2 0.597624 0.578678 0 -8.15846e-05 0.000537259 0 0.00460183 0.0495839 0.000369287 48 -0.0233353 0.0406343 0.000482729
381 2 0.636672 0.578669 0 -0.000113937 0.000528193 0 0.00430909 0.0492229 0.000497539 48 -0.0233774 0.0404845 0.000647805
404 2 0.519538 0.620282 0 -1.54117e-05 0.000599945 0 0.00555933 0.049737 0.000131694 48 -0.0226496 0.040193 0.000173261
405 2 0.558614 0.620278 0 -4.67343e-05 0.000598286 0 0.00545232 0.0496296 0.000390796 48 -0.0226783 0.0401612 0.000513587
406 2 0.597688 0.62027 0 -7.90198e-05 0.000591398 0 0.00524083 0.0494105 0.000636884 48 -0.0227315 0.040092 0.00083509
407 2 0.636759 0.620256 0 -0.000110028 0.000585027 0 0.00493014 0.0490707 0.000860515 48 -0.0228 0.039974 0.00112419
430 2 0.519558 0.661851 0 -1.52962e-05 0.000651519 0 0.00654635 0.0494235 0.00018978 48 -0.0216897 0.0393123 0.000250796
431 2 0.558673 0.661846 0 -4.47839e-05 0.000649073 0 0.00643251 0.0493254 0.000563856 48 -0.0217293 0.039294 0.000744407
432 2 0.597785 0.661835 0 -7.40008e-05 0.000642894 0 0.00620657 0.0491254 0.000921179 48 -0.0218052 0.0392529 0.00121365
433 2 0.636894 0.661818 0 -0.000106151 0.000634394 0 0.00587228 0.0488157 0.00124931 48 -0.0219101 0.0391792 0.00164054
356 2 0.675664 0.537064 0 -0.000144124 0.000472016 0 0.00363993 0.0487641 0.000184628 48 -0.0236675 0.0404716 0.000238979
357 2 0.714699 0.537057 0 -0.000177179 0.000460566 0 0.00321281 0.0480775 0.000208006 48 -0.0236431 0.040107 0.000266854
358 2 0.753736 0.537048 0 -0.000208852 0.000449477 0 0.0027344 0.047196 0.000220464 48 -0.0235558 0.039597 0.000279268
359 2 0.792778 0.537036 0 -0.000240981 0.000438176 0 0.0022154 0.0460847 0.000220378 48 -0.0233782 0.0389039 0.000274089
382 2 0.675717 0.578656 0 -0.000146635 0.000517788 0 0.00393351 0.0487189 0.00060537 48 -0.0234096 0.0402553 0.000783634
383 2 0.714762 0.578636 0 -0.000179187 0.000507818 0 0.00348755 0.0480513 0.000686076 48 -0.0234109 0.0399204 0.000880795
384 2 0.753808 0.578608 0 -0.000211784 0.000493959 0 0.00298474 0.0471925 0.000733012 48 -0.0233556 0.0394465 0.000930112
385 2 0.792857 0.57857 0 -0.000244062 0.000482702 0 0.00243559 0.0461061 0.000740713 48 -0.023216 0.0387948 0.000924314
408 2 0.675828 0.620234 0 -0.000143429 0.000574614 0 0.00452838 0.048596 0.00105122 48 -0.0228698 0.0397893 0.00136597
409 2 0.714894 0.620203 0 -0.0001754 0.00056243 0 0.00404653 0.0479663 0.00119769 48 -0.0229213 0.0395127 0.00154448
410 2 0.753958 0.620158 0 -0.000208112 0.000552135 0 0.00349688 0.0471536 0.00128827 48 -0.0229293 0.039111 0.00164352
411 2 0.793023 0.620096 0 -0.000241445 0.000541142 0 0.00288925 0.0461191 0.00131274 48 -0.0228653 0.0385433 0.00164935
434 2 0.675998 0.66179 0 -0.000135553 0.00062608 0 0.00543545 0.0483833 0.00153416 48 -0.0220322 0.0390574 0.00200491
435 2 0.715096 0.661749 0 -0.000168164 0.000613655 0 0.00490443 0.047809 0.00175993 48 -0.0221547 0.0388644 0.00228429
436 2 0.75419 0.661691 0 -0.000200442 0.000601515 0 0.00428914 0.0470648 0.00190944 48 -0.0222541 0.0385681 0.00245463
437 2 0.79328 0.66161 0 -0.000232744 0.000587861 0 0.00359768 0.0461096 0.00196635 48 -0.0223017 0.0381258 0.00249357
360 2 0.831831 0.53702 0 -0.000272977 0.000430174 0 0.00165111 0.0446972 0.000207451 48 -0.0230895 0.0379892 0.000251146
361 2 0.870899 0.536999 0 -0.000302737 0.000421165 0 0.000999419 0.0429708 0.000183677 47 -0.0226894 0.036823 0.000213641
362 2 0.909987 0.536973 0 -0.000332548 0.000414866 0 2.16897e-05 0.0407822 0.000157632 42 -0.0223033 0.035439 0.000174346
363 2 0.949099 0.536943 0 -0.00036085 0.00041108 0 -0.00163686 0.0381582 0.000136004 35 -0.0222305 0.0340752 0.00014251
364 2 0.988231 0.536911 0 -0.000388551 0.000410441 0 -0.00388717 0.0354844 0.00011589 28 -0.0226057 0.0330234 0.000112889
386 2 0.831915 0.578518 0 -0.000275823 0.000471454 0 0.00183599 0.0447431 0.000707264 48 -0.0229688 0.037924 0.000861462
387 2 0.870987 0.578453 0 -0.000306981 0.000465086 0 0.00114435 0.0430357 0.000637851 47 -0.0226109 0.0367988 0.000750087
388 2 0.910078 0.578371 0 -0.000337757 0.000457886 0 0.000128097 0.0408573 0.000559588 42 -0.0222611 0.0354467 0.00063065
389 2 0.94919 0.578275 0 -0.000366666 0.00045467 0 -0.00158225 0.03822 0.00049456 35 -0.0222225 0.0341015 0.000533849
390 2 0.988321 0.57817 0 -0.000395003 0.000451365 0 -0.00392976 0.0354899 0.000431858 28 -0.0226452 0.0330568 0.00044048
412 2 0.832094 0.620013 0 -0.000273583 0.000528128 0 0.00221999 0.0448086 0.00126612 48 -0.0227027 0.0377629 0.00155612
413 2 0.871174 0.619905 0 -0.000306254 0.000515937 0 0.00144904 0.043145 0.00115506 47 -0.0224322 0.0367249 0.00137525
414 2 0.910269 0.619769 0 -0.000337011 0.000506899 0 0.000357531 0.0409963 0.00102513 42 -0.0221584 0.0354441 0.00117507
415 2 0.949383 0.619608 0 -0.000367657 0.000499192 0 -0.0014521 0.0383437 0.000915027 35 -0.0221909 0.0341436 0.0010097
416 2 0.988513 0.61943 0 -0.000397194 0.000492126 0 -0.00399028 0.0355104 0.00080437 28 -0.0227108 0.0331191 0.0008437
438 2 0.83237 0.661499 0 -0.000266572 0.000576169 0 0.00282656 0.0448827 0.00192017 48 -0.0222672 0.0374842 0.00238782
439 2 0.871465 0.661353 0 -0.000299143 0.000566648 0 0.0019377 0.0432941 0.00177603 47 -0.0221323 0.0365853 0.00214748
440 2 0.910569 0.661167 0 -0.000331749 0.00055454 0 0.00073545 0.041205 0.0015972 42 -0.0219795 0.0354238 0.00186804
441 2 0.949686 0.660944 0 -0.000363576 0.000545575 0 -0.00121843 0.0385474 0.00144065 35 -0.0221248 0.0342039 0.00162991
442 2 0.988815 0.660693 0 -0.000394529 0.000537031 0 -0.00404483 0.0355698 0.00127467 28 -0.0227978 0.0332202 0.00137816
443 2 0.0107633 0.701961 0 0.000385431 0.00058227 0 -0.00405132 0.0357037 -0.00188966 28 -0.0228944 0.0333714 -0.00210842
444 2 0.049891 0.702282 0 0.000353371 0.000595015 0 -0.000834728 0.0388559 -0.00211919 35 -0.0220027 0.0342814 -0.00246159
445 2 0.0890136 0.702565 0 0.000321419 0.000606597 0 0.00130284 0.041488 -0.00232035 42 -0.021696 0.0353699 -0.00277343
446 2 0.128131 0.702795 0 0.0002883 0.000617576 0 0.00264778 0.0434714 -0.00253999 47 -0.0216765 0.036351 -0.00312422
447 2 0.167246 0.702972 0 0.0002556 0.000631539 0 0.0036906 0.0449451 -0.00270138 48 -0.0216239 0.0370521 -0.00340451
469 2 0.0102046 0.743236 0 0.000370036 0.000630809 0 -0.00393992 0.0359584 -0.00270414 28 -0.0229733 0.0335799 -0.00311118
470 2 0.0493315 0.743625 0 0.000337626 0.00064452 0 -0.000230367 0.0392955 -0.00300234 35 -0.0217853 0.0343648 -0.00357931
471 2 0.0884634 0.74396 0 0.000304191 0.000658521 0 0.00211686 0.0418392 -0.00323871 42 -0.0212613 0.0352495 -0.00395657
472 2 0.1276 0.744225 0 0.000272191 0.000672513 0 0.00362788 0.043648 -0.00348096 47 -0.0210115 0.0359726 -0.00435765
473 2 0.166747 0.744424 0 0.000239027 0.000684325 0 0.00485428 0.0449564 -0.00363254 48 -0.0207178 0.0364103 -0.0046429
495 2 0.00948919 0.784523 0 0.000348406 0.000679329 0 -0.00359163 0.0363916 -0.00377982 28 -0.0229749 0.0338368 -0.00447636
496 2 0.0486174 0.784973 0 0.000314066 0.000696232 0 0.000696491 0.0398834 -0.00414244 35 -0.0214038 0.0344186 -0.00506194
497 2 0.0877649 0.785348 0 0.00028155 0.000710806 0 0.00325097 0.0422283 -0.00438969 42 -0.020602 0.0349993 -0.00547677
498 2 0.126932 0.785637 0 0.000248027 0.000723709 0 0.00493475 0.0437651 -0.00461953 47 -0.0200602 0.0353693 -0.005884
499 2 0.166122 0.785846 0 0.00021724 0.000735964 0 0.0063615 0.0448477 -0.00471831 48 -0.019475 0.0354749 -0.00611649
521 2 0.00859331 0.825827 0 0.000318064 0.000731587 0 -0.00282079 0.0370497 -0.00517731 28 -0.0227799 0.0340868 -0.00629921
522 2 0.0477279 0.826324 0 0.000284003 0.00074916 0 0.00206873 0.0405886 -0.00557928 35 -0.0207448 0.0343528 -0.00697718
523 2 0.0869015 0.826724 0 0.000250816 0.000765453 0 0.00477682 0.0425594 -0.00578909 42 -0.0196086 0.0344988 -0.0073683
524 2 0.126113 0.827018 0 0.000220139 0.000779195 0 0.00661206 0.0436967 -0.0059468 47 -0.0187168 0.0344073 -0.00770211
525 2 0.165364 0.827223 0 0.000189938 0.000791859 0 0.00823273 0.0444875 -0.00592955 48 -0.0178037 0.0341188 -0.00779378
448 2 0.206365 0.703104 0 0.000223589 0.000643111 0 0.00459117 0.0460537 -0.00272547 48 -0.0214879 0.0375051 -0.00349377
449 2 0.245492 0.703199 0 0.000191736 0.000655381 0 0.00538575 0.0469018 -0.0026131 48 -0.0212967 0.0377833 -0.0033897
450 2 0.284627 0.703266 0 0.000160141 0.000666304 0 0.00607907 0.0475567 -0.00238341 48 -0.0210833 0.037946 -0.00311776
451 2 0.323771 0.703312 0 0.000130128 0.000676316 0 0.00666643 0.0480607 -0.00206046 48 -0.020875 0.0380358 -0.00271142
474 2 0.205907 0.744568 0 0.00020734 0.000698126 0 0.0059034 0.0459091 -0.00360259 48 -0.0203731 0.0366265 -0.00467196
475 2 0.245082 0.74467 0 0.000175949 0.000707858 0 0.00681097 0.0466245 -0.0034038 48 -0.0200142 0.0367086 -0.00445905
476 2 0.284272 0.744741 0 0.000146658 0.000720378 0 0.00758515 0.0471732 -0.00306748 48 -0.0196738 0.0367184 -0.00404725
477 2 0.323475 0.744788 0 0.000117921 0.000730017 0 0.00822747 0.0475964 -0.00262665 48 -0.0193737 0.0366945 -0.00348322
500 2 0.205337 0.785992 0 0.000186351 0.000746465 0 0.00756364 0.0456071 -0.00459039 48 -0.0188941 0.0354137 -0.00602381
501 2 0.244576 0.786093 0 0.000158226 0.000757692 0 0.00857842 0.0461683 -0.00426702 48 -0.0183577 0.0352804 -0.00564707
502 2 0.283837 0.786161 0 0.000130062 0.000766979 0 0.00942199 0.0466 -0.00379473 48 -0.0178916 0.0351316 -0.00505193
503 2 0.323115 0.786205 0 0.000104256 0.000774431 0 0.010106 0.0469377 -0.0032156 48 -0.0175064 0.0349958 -0.00429894
526 2 0.204653 0.827361 0 0.000163033 0.000801991 0 0.00956811 0.0450212 -0.00564797 48 -0.0169805 0.0337574 -0.00749911
527 2 0.243974 0.827452 0 0.000136235 0.000811307 0 0.0106612 0.0454154 -0.00515822 48 -0.01628 0.0334105 -0.00689643
528 2 0.283322 0.827511 0 0.000112632 0.000819015 0 0.0115428 0.0457276 -0.00452279 48 -0.0157101 0.0331171 -0.00607597
529 2 0.322692 0.827549 0 8.94296e-05 0.000828231 0 0.0122396 0.0459819 -0.00379073 48 -0.0152631 0.0328868 -0.00510968
452 2 0.362923 0.703343 0 9.94605e-05 0.000684939 0 0.00714206 0.0484405 -0.00166723 48 -0.020691 0.0380818 -0.00220322
453 2 0.402083 0.703362 0 7.15225e-05 0.000693549 0 0.00750176 0.0487135 -0.00122371 48 -0.0205442 0.038103 -0.00162177
454 2 0.441247 0.703374 0 4.24182e-05 0.000696462 0 0.00774271 0.0488903 -0.000746816 48 -0.0204426 0.0381114 -0.000991522
455 2 0.480415 0.703379 0 1.40149e-05 0.000700771 0 0.00786344 0.0489771 -0.000250984 48 -0.0203907 0.0381139 -0.000333513
478 2 0.362691 0.744819 0 9.04077e-05 0.000738473 0 0.00873884 0.0479177 -0.00210995 48 -0.0191262 0.0366596 -0.00280805
479 2 0.401915 0.744838 0 6.36687e-05 0.000745436 0 0.00912024 0.0481503 -0.00154057 48 -0.0189377 0.0366262 -0.00205528
480 2 0.441147 0.744849 0 3.80227e-05 0.000749081 0 0.00937334 0.048302 -0.000937027 48 -0.0188112 0.0366012 -0.00125199
481 2 0.480382 0.744854 0 1.23681e-05 0.000750695 0 0.00949952 0.048377 -0.000314394 48 -0.0187477 0.036588 -0.000420378
504 2 0.362408 0.786233 0 8.0033e-05 0.00078192 0 0.0106402 0.0471988 -0.00256269 48 -0.0172037 0.0348847 -0.00343618
505 2 0.401713 0.786251 0 5.59378e-05 0.000786217 0 0.0110331 0.0473911 -0.00186058 48 -0.0169813 0.0348021 -0.00249977
506 2 0.441025 0.78626 0 3.33018e-05 0.000792624 0 0.0112912 0.0475183 -0.00112755 48 -0.0168355 0.0347479 -0.0015168
507 2 0.480341 0.786265 0 1.14243e-05 0.000795185 0 0.0114192 0.0475817 -0.00037764 48 -0.0167634 0.0347213 -0.000508312
530 2 0.362078 0.827572 0 6.80202e-05 0.000833429 0 0.0127732 0.0461864 -0.00299637 48 -0.0149257 0.0327163 -0.00404843
531 2 0.401476 0.827585 0 4.8128e-05 0.000838568 0 0.0131598 0.0463419 -0.00216286 48 -0.0146851 0.0325977 -0.0029269
532 2 0.440882 0.827593 0 2.8437e-05 0.000839773 0 0.0134113 0.046447 -0.0013059 48 -0.0145306 0.0325234 -0.00176895
533 2 0.480294 0.827596 0 9.37327e-06 0.00084001 0 0.0135352 0.0465001 -0.000436587 48 -0.0144552 0.0324877 -0.00059167
456 2 0.519585 0.703379 0 -1.40149e-05 0.000700771 0 0.00786344 0.0489771 0.000250984 48 -0.0203907 0.0381139 0.000333513
457 2 0.558753 0.703374 0 -4.24182e-05 0.000696462 0 0.00774271 0.0488903 0.000746816 48 -0.0204426 0.0381114 0.000991522
458 2 0.597917 0.703362 0 -7.15225e-05 0.000693549 0 0.00750176 0.0487135 0.00122371 48 -0.0205442 0.038103 0.00162177
459 2 0.637077 0.703343 0 -9.94605e-05 0.000684939 0 0.00714206 0.0484405 0.00166723 48 -0.020691 0.0380818 0.00220322
482 2 0.519618 0.744854 0 -1.23681e-05 0.000750695 0 0.00949952 0.048377 0.000314394 48 -0.0187477 0.036588 0.000420378
483 2 0.558853 0.744849 0 -3.80227e-05 0.000749081 0 0.00937334 0.048302 0.000937027 48 -0.0188112 0.0366012 0.00125199
484 2 0.598085 0.744838 0 -6.36687e-05 0.000745436 0 0.00912024 0.0481503 0.00154057 48 -0.0189377 0.0366262 0.00205528
485 2 0.637309 0.744819 0 -9.04077e-05 0.000738473 0 0.00873884 0.0479177 0.00210995 48 -0.0191262 0.0366596 0.00280805
508 2 0.519659 0.786265 0 -1.14243e-05 0.000795185 0 0.0114192 0.0475817 0.00037764 48 -0.0167634 0.0347213 0.000508312
509 2 0.558975 0.78626 0 -3.33018e-05 0.000792624 0 0.0112912 0.0475183 0.00112755 48 -0.0168355 0.0347479 0.0015168
510 2 0.598287 0.786251 0 -5.59378e-05 0.000786217 0 0.0110331 0.0473911 0.00186058 48 -0.0169813 0.0348021 0.00249977
511 2 0.637592 0.786233 0 -8.0033e-05 0.00078192 0 0.0106402 0.0471988 0.00256269 48 -0.0172037 0.0348847 0.00343618
534 2 0.519706 0.827596 0 -9.37327e-06 0.00084001 0 0.0135352 0.0465001 0.000436587 48 -0.0144552 0.0324877 0.00059167
535 2 0.559118 0.827593 0 -2.8437e-05 0.000839773 0 0.0134113 0.046447 0.0013059 48 -0.0145306 0.0325234 0.00176895
536 2 0.598524 0.827585 0 -4.8128e-05 0.000838568 0 0.0131598 0.0463419 0.00216286 48 -0.0146851 0.0325977 0.0029269
537 2 0.637922 0.827572 0 -6.80202e-05 0.000833429 0 0.0127732 0.0461864 0.00299637 48 -0.0149257 0.0327163 0.00404843
460 2 0.676229 0.703312 0 -0.000130128 0.000676316 0 0.00666643 0.0480607 0.00206046 48 -0.020875 0.0380358 0.00271142
461 2 0.715373 0.703266 0 -0.000160141 0.000666304 0 0.00607907 0.0475567 0.00238341 48 -0.0210833 0.037946 0.00311776
462 2 0.754508 0.703199 0 -0.000191736 0.000655381 0 0.00538575 0.0469018 0.0026131 48 -0.0212967 0.0377833 0.0033897
463 2 0.793635 0.703104 0 -0.000223589 0.000643111 0 0.00459117 0.0460537 0.00272547 48 -0.0214879 0.0375051 0.00349377
486 2 0.676525 0.744788 0 -0.000117921 0.000730017 0 0.00822747 0.0475964 0.00262665 48 -0.0193737 0.0366945 0.00348322
487 2 0.715728 0.744741 0 -0.000146658 0.000720378 0 0.00758515 0.0471732 0.00306748 48 -0.0196738 0.0367184 0.00404725
488 2 0.754918 0.74467 0 -0.000175949 0.000707858 0 0.00681097 0.0466245 0.0034038 48 -0.0200142 0.0367086 0.00445905
489 2 0.794093 0.744568 0 -0.00020734 0.000698126 0 0.0059034 0.0459091 0.00360259 48 -0.0203731 0.0366265 0.00467196
512 2 0.676885 0.786205 0 -0.000104256 0.000774431 0 0.010106 0.0469377 0.0032156 48 -0.0175064 0.0349958 0.00429894
513 2 0.716163 0.786161 0 -0.000130062 0.000766979 0 0.00942199 0.0466 0.00379473 48 -0.0178916 0.0351316 0.00505193
514 2 0.755424 0.786093 0 -0.000158226 0.000757692 0 0.00857842 0.0461683 0.00426702 48 -0.0183577 0.0352804 0.00564707
515 2 0.794663 0.785992 0 -0.000186351 0.000746465 0 0.00756364 0.0456071 0.00459039 48 -0.0188941 0.0354137 0.00602381
538 2 0.677308 0.827549 0 -8.94296e-05 0.000828231 0 0.0122396 0.0459819 0.00379073 48 -0.0152631 0.0328868 0.00510968
539 2 0.716678 0.827511 0 -0.000112632 0.000819015 0 0.0115428 0.0457276 0.00452279 48 -0.0157101 0.0331171 0.00607597
540 2 0.756026 0.827452 0 -0.000136235 0.000811307 0 0.0106612 0.0454154 0.00515822 48 -0.01628 0.0334105 0.00689643
541 2 0.795347 0.827361 0 -0.000163033 0.000801991 0 0.00956811 0.0450212 0.00564797 48 -0.0169805 0.0337574 0.00749911
464 2 0.832754 0.702972 0 -0.0002556 0.000631539 0 0.0036906 0.0449451 0.00270138 48 -0.0216239 0.0370521 0.00340451
465 2 0.871869 0.702795 0 -0.0002883 0.000617576 0 0.00264778 0.0434714 0.00253999 47 -0.0216765 0.036351 0.00312422
466 2 0.910986 0.702565 0 -0.000321419 0.000606597 0 0.00130284 0.041488 0.00232035 42 -0.021696 0.0353699 0.00277343
467 2 0.950109 0.702282 0 -0.000353371 0.000595015 0 -0.000834728 0.0388559 0.00211919 35 -0.0220027 0.0342814 0.00246159
468 2 0.989237 0.701961 0 -0.000385431 0.00058227 0 -0.00405132 0.0357037 0.00188966 28 -0.0228944 0.0333714 0.00210842
490 2 0.833253 0.744424 0 -0.000239027 0.000684325 0 0.00485428 0.0449564 0.00363254 48 -0.0207178 0.0364103 0.0046429
491 2 0.8724 0.744225 0 -0.000272191 0.000672513 0 0.00362788 0.043648 0.00348096 47 -0.0210115 0.0359726 0.00435765
492 2 0.911537 0.74396 0 -0.000304191 0.000658521 0 0.00211686 0.0418392 0.00323871 42 -0.0212613 0.0352495 0.00395657
493 2 0.950668 0.743625 0 -0.000337626 0.00064452 0 -0.000230367 0.0392955 0.00300234 35 -0.0217853 0.0343648 0.00357931
494 2 0.989795 0.743236 0 -0.000370036 0.000630809 0 -0.00393992 0.0359584 0.00270414 28 -0.0229733 0.0335799 0.00311118
516 2 0.833878 0.785846 0 -0.00021724 0.000735964 0 0.0063615 0.0448477 0.00471831 48 -0.019475 0.0354749 0.00611649
517 2 0.873068 0.785637 0 -0.000248027 0.000723709 0 0.00493475 0.0437651 0.00461953 47 -0.0200602 0.0353693 0.005884
518 2 0.912235 0.785348 0 -0.00028155 0.000710806 0 0.00325097 0.0422283 0.00438969 42 -0.020602 0.0349993 0.00547677
519 2 0.951383 0.784973 0 -0.000314066 0.000696232 0 0.000696491 0.0398834 0.00414244 35 -0.0214038 0.0344186 0.00506194
520 2 0.990511 0.784523 0 -0.000348406 0.000679329 0 -0.00359163 0.0363916 0.00377982 28 -0.0229749 0.0338368 0.00447636
542 2 0.834636 0.827223 0 -0.000189938 0.000791859 0 0.00823273 0.0444875 0.00592955 48 -0.0178037 0.0341188 0.00779378
543 2 0.873887 0.827018 0 -0.000220139 0.000779195 0 0.00661206 0.0436967 0.0059468 47 -0.0187168 0.0344073 0.00770211
544 2 0.913098 0.826724 0 -0.000250816 0.000765453 0 0.00477682 0.0425594 0.00578909 42 -0.0196086 0.0344988 0.0073683
545 2 0.952272 0.826324 0 -0.000284003 0.00074916 0 0.00206873 0.0405886 0.00557928 35 -0.0207448 0.0343528 0.00697718
546 2 0.991407 0.825827 0 -0.000318064 0.000731587 0 -0.00282079 0.0370497 0.00517731 28 -0.0227799 0.0340868 0.00629921
547 2 0.00749072 0.867151 0 0.000279094 0.000784038 0 -0.00135088 0.0379379 -0.0069361 28 -0.0221695 0.0341829 -0.00865907
548 2 0.0466434 0.867672 0 0.00024589 0.000802626 0 0.00399629 0.0412695 -0.00731924 35 -0.0196405 0.0339842 -0.00935501
549 2 0.0858602 0.868073 0 0.000214584 0.00081797 0 0.0067333 0.0426212 -0.00740971 42 -0.0181299 0.03354 -0.00961153
550 2 0.125137 0.868353 0 0.00018504 0.00082861 0 0.00866728 0.0432182 -0.00740263 47 -0.0168457 0.0328814 -0.00974272
551 2 0.164472 0.868536 0 0.0001589 0.000838435 0 0.01044 0.0436595 -0.00718344 48 -0.0156 0.0321632 -0.00956949
573 2 0.0061599 0.908495 0 0.00023174 0.000837767 0 0.00113176 0.0390568 -0.0092125 27 -0.0208899 0.0339692 -0.0118025
574 2 0.0453512 0.909004 0 0.000198899 0.000855268 0 0.00677607 0.0418912 -0.00942425 34 -0.0178241 0.0331227 -0.0123074
575 2 0.0846372 0.909372 0 0.000169622 0.00087028 0 0.00931123 0.0423059 -0.00921947 41 -0.0159399 0.0319184 -0.0121823
576 2 0.12401 0.909612 0 0.000144692 0.000880157 0 0.0112148 0.0422148 -0.00889159 46 -0.0142763 0.0306199 -0.0118863
577 2 0.163456 0.909758 0 0.000121394 0.000889923 0 0.0130246 0.0422658 -0.00835877 47 -0.0127625 0.0294935 -0.0112812
599 2 0.00461181 0.94984 0 0.000174765 0.000892465 0 0.00439191 0.0403622 -0.011901 24 -0.0190855 0.0335556 -0.0155896
600 2 0.0438635 0.950283 0 0.000144522 0.000907632 0 0.0112673 0.0433281 -0.0117686 30 -0.015045 0.0320369 -0.0156804
601 2 0.083253 0.950578 0 0.000120186 0.000918594 0 0.0136882 0.0428883 -0.0110966 36 -0.0127463 0.0300668 -0.0149264
602 2 0.12276 0.950752 0 9.90067e-05 0.000924038 0 0.0152314 0.0419603 -0.010266 41 -0.0108819 0.0281694 -0.0139294
603 2 0.162353 0.950848 0 8.23148e-05 0.00093001 0 0.0167528 0.0415245 -0.00932051 42 -0.00931156 0.0267341 -0.0127346
625 2 0.00286853 0.991164 0 0.000109439 0.000944893 0 0.00726578 0.0417749 -0.0150553 20 -0.01766 0.0336125 -0.0200208
626 2 0.042178 0.99147 0 8.20375e-05 0.000954518 0 0.0186739 0.0471822 -0.0142403 25 -0.0111719 0.0314418 -0.0193106
627 2 0.0817357 0.991639 0 6.40337e-05 0.000960673 0 0.0203057 0.0455267 -0.0128863 30 -0.00879698 0.0287366 -0.0176059
628 2 0.121435 0.991729 0 5.16054e-05 0.000964439 0 0.0209048 0.0435172 -0.0114445 34 -0.00707714 0.0263496 -0.0157294
629 2 0.161213 0.99177 0 4.19248e-05 0.000967307 0 0.0215557 0.0423184 -0.0100468 35 -0.00578386 0.0247 -0.0138694
651 2 0 1.03262 0 0 0.001 0 0.0383263 0.0632532 -0.0198904 16 -0.0040887 0.0352534 -0.0275597
652 2 0.04 1.03262 0 0 0.001 0 0.0303363 0.054128 -0.0172325 20 -0.00548201 0.0312672 -0.0237908
653 2 0.08 1.03262 0 0 0.001 0 0.0269441 0.0482024 -0.0146284 24 -0.00482056 0.0274866 -0.0202341
654 2 0.12 1.03262 0 0 0.001 0 0.0257401 0.0447311 -0.0124239 27 -0.00374736 0.0247459 -0.0172375
655 2 0.16 1.03262 0 0 0.001 0 0.0253613 0.0429214 -0.0106108 28 -0.00295693 0.0231109 -0.0147553
552 2 0.203856 0.868654 0 0.000133201 0.000845904 0 0.0118494 0.0439476 -0.00668552 48 -0.0145674 0.0315135 -0.00897904
553 2 0.243279 0.868728 0 0.000111372 0.000852776 0 0.012957 0.0441729 -0.00599245 48 -0.0137513 0.0309863 -0.00809236
554 2 0.282733 0.868774 0 9.02024e-05 0.000860263 0 0.0138187 0.0443705 -0.00517819 48 -0.0131266 0.0305863 -0.00701887
555 2 0.32221 0.868802 0 7.16629e-05 0.000862916 0 0.0144811 0.0445486 -0.00429254 48 -0.0126597 0.0302962 -0.00583342
578 2 0.202961 0.909846 0 0.000102128 0.000895914 0 0.0143808 0.042302 -0.00758495 47 -0.0116183 0.0286216 -0.0103008
579 2 0.242507 0.909898 0 8.40781e-05 0.000902074 0 0.0153894 0.0423645 -0.00666877 47 -0.0107825 0.0279871 -0.0090934
580 2 0.282084 0.909928 0 6.81852e-05 0.000905626 0 0.0161429 0.0424572 -0.005681 47 -0.0101811 0.0275431 -0.00776742
581 2 0.321682 0.909946 0 5.36567e-05 0.000911035 0 0.0167071 0.0425678 -0.00466106 47 -0.00975232 0.027241 -0.00638456
604 2 0.202004 0.9509 0 6.77368e-05 0.000931896 0 0.0177989 0.0412584 -0.00824774 42 -0.00824111 0.0257477 -0.0113178
605 2 0.241692 0.950929 0 5.50284e-05 0.000935186 0 0.0185294 0.0411332 -0.00712514 42 -0.00752214 0.0250932 -0.00980384
606 2 0.281404 0.950945 0 4.40235e-05 0.000938468 0 0.0190571 0.0411075 -0.00599653 42 -0.00703637 0.0246668 -0.00826531
607 2 0.321132 0.950954 0 3.46067e-05 0.000939344 0 0.019448 0.0411418 -0.0048792 42 -0.00670502 0.0243927 -0.006733
630 2 0.201031 0.99179 0 3.43948e-05 0.000969162 0 0.0219717 0.0416194 -0.0086996 35 -0.00498583 0.0236755 -0.0120409
631 2 0.24087 0.9918 0 2.81496e-05 0.000970637 0 0.0222637 0.0412505 -0.00741341 35 -0.00449054 0.0230502 -0.0102767
632 2 0.280723 0.991804 0 2.26194e-05 0.000971706 0 0.0224886 0.0410821 -0.0061852 35 -0.00417407 0.0226685 -0.0085824
633 2 0.320583 0.991806 0 1.71177e-05 0.000973315 0 0.0226698 0.0410279 -0.00500461 35 -0.00396595 0.0224353 -0.00694859
656 2 0.2 1.03262 0 0 0.001 0 0.0252154 0.0420025 -0.00905511 28 -0.00249921 0.0222004 -0.0126082
657 2 0.24 1.03262 0 0 0.001 0 0.0251823 0.0415588 -0.00765733 28 -0.00223074 0.021689 -0.0106698
658 2 0.28 1.03262 0 0 0.001 0 0.0252068 0.0413661 -0.00636214 28 -0.0020661 0.0213969 -0.00886903
659 2 0.32 1.03262 0 0 0.001 0 0.0252598 0.0413065 -0.00513566 28 -0.00196056 0.0212296 -0.00716131
556 2 0.361703 0.868819 0 5.3874e-05 0.000867853 0 0.0149783 0.044703 -0.00336585 48 -0.0123201 0.0300936 -0.00458223
557 2 0.401209 0.868828 0 3.77833e-05 0.00087285 0 0.0153337 0.0448268 -0.00241605 48 -0.0120845 0.029959 -0.00329311
558 2 0.440722 0.868833 0 2.22703e-05 0.000876256 0 0.0155628 0.0449131 -0.00145367 48 -0.0119361 0.0298773 -0.00198283
559 2 0.48024 0.868835 0 7.02535e-06 0.000879087 0 0.0156752 0.0449575 -0.000485163 48 -0.0118645 0.0298389 -0.000662001
582 2 0.361295 0.909956 0 4.04531e-05 0.000915227 0 0.0171238 0.0426788 -0.00362834 47 -0.0094513 0.0270406 -0.00497616
583 2 0.400919 0.909961 0 2.80534e-05 0.000915015 0 0.0174189 0.0427752 -0.00259166 47 -0.00924763 0.0269127 -0.00355733
584 2 0.440549 0.909963 0 1.67833e-05 0.000916435 0 0.0176083 0.0428455 -0.00155459 47 -0.00912155 0.0268375 -0.00213492
585 2 0.480182 0.909964 0 5.5682e-06 0.000916003 0 0.017701 0.0428825 -0.000518091 47 -0.00906125 0.0268028 -0.000711665
608 2 0.360871 0.950957 0 2.58851e-05 0.000941611 0 0.0197373 0.0412033 -0.0037768 42 -0.00647953 0.0242194 -0.0052158
609 2 0.400618 0.950959 0 1.77094e-05 0.000943435 0 0.0199435 0.041268 -0.00268773 42 -0.00633026 0.0241132 -0.00371368
610 2 0.440369 0.95096 0 1.03502e-05 0.000946579 0 0.0200767 0.0413193 -0.00160862 42 -0.00623915 0.0240528 -0.00222333
611 2 0.480123 0.95096 0 3.6662e-06 0.000946487 0 0.0201422 0.0413474 -0.00053553 42 -0.00619594 0.0240254 -0.000740283
634 2 0.360449 0.991806 0 1.31907e-05 0.00097358 0 0.0228151 0.0410333 -0.0038598 35 -0.00382772 0.0222945 -0.00536132
635 2 0.400319 0.991806 0 9.14346e-06 0.000974829 0 0.0229254 0.0410626 -0.00274046 35 -0.00373766 0.0222119 -0.00380756
636 2 0.44019 0.991806 0 5.00793e-06 0.000973307 0 0.0229997 0.0410929 -0.00163791 35 -0.00368325 0.0221666 -0.00227606
637 2 0.480063 0.991805 0 1.66882e-06 0.000974382 0 0.0230373 0.0411113 -0.000544945 35 -0.00365758 0.0221466 -0.000757319
660 2 0.36 1.03262 0 0 0.001 0 0.0253214 0.0413127 -0.00395547 28 -0.00189155 0.0211354 -0.00551663
661 2 0.4 1.03262 0 0 0.001 0 0.0253778 0.0413444 -0.00280612 28 -0.00184704 0.0210843 -0.00391412
662 2 0.44 1.03262 0 0 0.001 0 0.02542 0.0413773 -0.00167642 28 -0.00182031 0.0210585 -0.00233852
663 2 0.48 1.03262 0 0 0.001 0 0.0254424 0.041397 -0.000557633 28 -0.00180774 0.0210479 -0.0007779
560 2 0.51976 0.868835 0 -7.02535e-06 0.000879087 0 0.0156752 0.0449575 0.000485163 48 -0.0118645 0.0298389 0.000662001
561 2 0.559278 0.868833 0 -2.22703e-05 0.000876256 0 0.0155628 0.0449131 0.00145367 48 -0.0119361 0.0298773 0.00198283
562 2 0.598791 0.868828 0 -3.77833e-05 0.00087285 0 0.0153337 0.0448268 0.00241605 48 -0.0120845 0.029959 0.00329311
563 2 0.638297 0.868819 0 -5.3874e-05 0.000867853 0 0.0149783 0.044703 0.00336585 48 -0.0123201 0.0300936 0.00458223
586 2 0.519818 0.909964 0 -5.5682e-06 0.000916003 0 0.017701 0.0428825 0.000518091 47 -0.00906125 0.0268028 0.000711665
587 2 0.559451 0.909963 0 -1.67833e-05 0.000916435 0 0.0176083 0.0428455 0.00155459 47 -0.00912155 0.0268375 0.00213492
588 2 0.599081 0.909961 0 -2.80534e-05 0.000915015 0 0.0174189 0.0427752 0.00259166 47 -0.00924763 0.0269127 0.00355733
589 2 0.638705 0.909956 0 -4.04531e-05 0.000915227 0 0.0171238 0.0426788 0.00362834 47 -0.0094513 0.0270406 0.00497616
612 2 0.519877 0.95096 0 -3.6662e-06 0.000946487 0 0.0201422 0.0413474 0.00053553 42 -0.00619594 0.0240254 0.000740283
613 2 0.559631 0.95096 0 -1.03502e-05 0.000946579 0 0.0200767 0.0413193 0.00160862 42 -0.00623915 0.0240528 0.00222333
614 2 0.599382 0.950959 0 -1.77094e-05 0.000943435 0 0.0199435 0.041268 0.00268773 42 -0.00633026 0.0241132 0.00371368
615 2 0.639129 0.950957 0 -2.58851e-05 0.000941611 0 0.0197373 0.0412033 0.0037768 42 -0.00647953 0.0242194 0.0052158
638 2 0.519937 0.991805 0 -1.66882e-06 0.000974382 0 0.0230373 0.0411113 0.000544945 35 -0.00365758 0.0221466 0.000757319
639 2 0.55981 0.991806 0 -5.00793e-06 0.000973307 0 0.0229997 0.0410929 0.00163791 35 -0.00368325 0.0221666 0.00227606
640 2 0.599681 0.991806 0 -9.14346e-06 0.000974829 0 0.0229254 0.0410626 0.00274046 35 -0.00373766 0.0222119 0.00380756
641 2 0.639551 0.991806 0 -1.31907e-05 0.00097358 0 0.0228151 0.0410333 0.0038598 35 -0.00382772 0.0222945 0.00536132
664 2 0.52 1.03262 0 0 0.001 0 0.0254424 0.041397 0.000557633 28 -0.00180774 0.0210479 0.0007779
665 2 0.56 1.03262 0 0 0.001 0 0.02542 0.0413773 0.00167642 28 -0.00182031 0.0210585 0.00233852
666 2 0.6 1.03262 0 0 0.001 0 0.0253778 0.0413444 0.00280612 28 -0.00184704 0.0210843 0.00391412
667 2 0.64 1.03262 0 0 0.001 0 0.0253214 0.0413127 0.00395547 28 -0.00189155 0.0211354 0.00551663
564 2 0.67779 0.868802 0 -7.16629e-05 0.000862916 0 0.0144811 0.0445486 0.00429254 48 -0.0126597 0.0302962 0.00583342
565 2 0.717267 0.868774 0 -9.02024e-05 0.000860263 0 0.0138187 0.0443705 0.00517819 48 -0.0131266 0.0305863 0.00701887
566 2 0.756721 0.868728 0 -0.000111372 0.000852776 0 0.012957 0.0441729 0.00599245 48 -0.0137513 0.0309863 0.00809236
567 2 0.796144 0.868654 0 -0.000133201 0.000845904 0 0.0118494 0.0439476 0.00668552 48 -0.0145674 0.0315135 0.00897904
590 2 0.678318 0.909946 0 -5.36567e-05 0.000911035 0 0.0167071 0.0425678 0.00466106 47 -0.00975232 0.027241 0.00638456
591 2 0.717916 0.909928 0 -6.81852e-05 0.000905626 0 0.0161429 0.0424572 0.005681 47 -0.0101811 0.0275431 0.00776742
592 2 0.757493 0.909898 0 -8.40781e-05 0.000902074 0 0.0153894 0.0423645 0.00666877 47 -0.0107825 0.0279871 0.0090934
593 2 0.797039 0.909846 0 -0.000102128 0.000895914 0 0.0143808 0.042302 0.00758495 47 -0.0116183 0.0286216 0.0103008
616 2 0.678868 0.950954 0 -3.46067e-05 0.000939344 0 0.019448 0.0411418 0.0048792 42 -0.00670502 0.0243927 0.006733
617 2 0.718596 0.950945 0 -4.40235e-05 0.000938468 0 0.0190571 0.0411075 0.00599653 42 -0.00703637 0.0246668 0.00826531
618 2 0.758308 0.950929 0 -5.50284e-05 0.000935186 0 0.0185294 0.0411332 0.00712514 42 -0.00752214 0.0250932 0.00980384
619 2 0.797996 0.9509 0 -6.77368e-05 0.000931896 0 0.0177989 0.0412584 0.00824774 42 -0.00824111 0.0257477 0.0113178
642 2 0.679417 0.991806 0 -1.71177e-05 0.000973315 0 0.0226698 0.0410279 0.00500461 35 -0.00396595 0.0224353 0.00694859
643 2 0.719277 0.991804 0 -2.26194e-05 0.000971706 0 0.0224886 0.0410821 0.0061852 35 -0.00417407 0.0226685 0.0085824
644 2 0.75913 0.9918 0 -2.81496e-05 0.000970637 0 0.0222637 0.0412505 0.00741341 35 -0.00449054 0.0230502 0.0102767
645 2 0.798969 0.99179 0 -3.43948e-05 0.000969162 0 0.0219717 0.0416194 0.0086996 35 -0.00498583 0.0236755 0.0120409
668 2 0.68 1.03262 0 0 0.001 0 0.0252598 0.0413065 0.00513566 28 -0.00196056 0.0212296 0.00716131
669 2 0.72 1.03262 0 0 0.001 0 0.0252068 0.0413661 0.00636214 28 -0.0020661 0.0213969 0.00886903
670 2 0.76 1.03262 0 0 0.001 0 0.0251823 0.0415588 0.00765733 28 -0.00223074 0.021689 0.0106698
671 2 0.8 1.03262 0 0 0.001 0 0.0252154 0.0420025 0.00905511 28 -0.00249921 0.0222004 0.0126082
568 2 0.835528 0.868536 0 -0.0001589 0.000838435 0 0.01044 0.0436595 0.00718344 48 -0.0156 0.0321632 0.00956949
569 2 0.874863 0.868353 0 -0.00018504 0.00082861 0 0.00866728 0.0432182 0.00740263 47 -0.0168457 0.0328814 0.00974272
570 2 0.91414 0.868073 0 -0.000214584 0.00081797 0 0.0067333 0.0426212 0.00740971 42 -0.0181299 0.03354 0.00961153
571 2 0.953357 0.867672 0 -0.00024589 0.000802626 0 0.00399629 0.0412695 0.00731924 35 -0.0196405 0.0339842 0.00935501
572 2 0.992509 0.867151 0 -0.000279094 0.000784038 0 -0.00135088 0.0379379 0.0069361 28 -0.0221695 0.0341829 0.00865907
594 2 0.836544 0.909758 0 -0.000121394 0.000889923 0 0.0130246 0.0422658 0.00835877 47 -0.0127625 0.0294935 0.0112812
595 2 0.87599 0.909612 0 -0.000144692 0.000880157 0 0.0112148 0.0422148 0.00889159 46 -0.0142763 0.0306199 0.0118863
596 2 0.915363 0.909372 0 -0.000169622 0.00087028 0 0.00931123 0.0423059 0.00921947 41 -0.0159399 0.0319184 0.0121823
597 2 0.954649 0.909004 0 -0.000198899 0.000855268 0 0.00677607 0.0418912 0.00942425 34 -0.0178241 0.0331227 0.0123074
598 2 0.99384 0.908495 0 -0.00023174 0.000837767 0 0.00113176 0.0390568 0.0092125 27 -0.0208899 0.0339692 0.0118025
620 2 0.837647 0.950848 0 -8.23148e-05 0.00093001 0 0.0167528 0.0415245 0.00932051 42 -0.00931156 0.0267341 0.0127346
621 2 0.87724 0.950752 0 -9.90067e-05 0.000924038 0 0.0152314 0.0419603 0.010266 41 -0.0108819 0.0281694 0.0139294
622 2 0.916747 0.950578 0 -0.000120186 0.000918594 0 0.0136882 0.0428883 0.0110966 36 -0.0127463 0.0300668 0.0149264
623 2 0.956137 0.950283 0 -0.000144522 0.000907632 0 0.0112673 0.0433281 0.0117686 30 -0.015045 0.0320369 0.0156804
624 2 0.995388 0.94984 0 -0.000174765 0.000892465 0 0.00439191 0.0403622 0.011901 24 -0.0190855 0.0335556 0.0155896
646 2 0.838787 0.99177 0 -4.19248e-05 0.000967307 0 0.0215557 0.0423184 0.0100468 35 -0.00578386 0.0247 0.0138694
647 2 0.878565 0.991729 0 -5.16054e-05 0.000964439 0 0.0209048 0.0435172 0.0114445 34 -0.00707714 0.0263496 0.0157294
648 2 0.918264 0.991639 0 -6.40337e-05 0.000960673 0 0.0203057 0.0455267 0.0128863 30 -0.00879698 0.0287366 0.0176059
649 2 0.957822 0.99147 0 -8.20375e-05 0.000954518 0 0.0186739 0.0471822 0.0142403 25 -0.0111719 0.0314418 0.0193106
650 2 0.997131 0.991164 0 -0.000109439 0.000944893 0 0.00726578 0.0417749 0.0150553 20 -0.01766 0.0336125 0.0200208
672 2 0.84 1.03262 0 0 0.001 0 0.0253613 0.0429214 0.0106108 28 -0.00295693 0.0231109 0.0147553
673 2 0.88 1.03262 0 0 0.001 0 0.0257401 0.0447311 0.0124239 27 -0.00374736 0.0247459 0.0172375
674 2 0.92 1.03262 0 0 0.001 0 0.0269441 0.0482024 0.0146284 24 -0.00482056 0.0274866 0.0202341
675 2 0.96 1.03262 0 0 0.001 0 0.0303363 0.054128 0.0172325 20 -0.00548201 0.0312672 0.0237908
676 2 1 1.03262 0 0 0.001 0 0.0383263 0.0632532 0.0198904 16 -0.0040887 0.0352534 0.0275597
