1 1 0 0 0 0 0 0 0.0836984 0.13394 0.0453148 16 -0.00896829 0.0830008 0.0622094
2 1 0.04 0 0 0 0 0 0.0671919 0.116589 0.0395567 20 -0.0121146 0.0739039 0.0538616
3 1 0.08 0 0 0 0 0 0.0605679 0.105886 0.033623 24 -0.0107429 0.0652083 0.0459296
4 1 0.12 0 0 0 0 0 0.0583677 0.0997051 0.0285104 27 -0.00843284 0.0587688 0.0391751
5 1 0.16 0 0 0 0 0 0.057659 0.0964197 0.0243007 28 -0.00671046 0.0547499 0.0335387
27 1 0.00645674 0.0430886 0 7.36061e-05 3.23016e-05 0 0.0158674 0.0895583 0.035958 20 -0.03869 0.079366 0.0454346
28 1 0.0449445 0.0425289 0 5.71839e-05 2.83488e-05 0 0.0416186 0.102697 0.0332738 25 -0.0247324 0.0743015 0.0436483
29 1 0.0839588 0.0422088 0 4.58581e-05 2.56103e-05 0 0.0457318 0.100342 0.0298915 30 -0.0195806 0.0680265 0.0397767
30 1 0.12328 0.0420307 0 3.82284e-05 2.4181e-05 0 0.0473024 0.09689 0.0263856 34 -0.0158776 0.0624294 0.0355204
31 1 0.162772 0.0419427 0 3.21637e-05 2.29101e-05 0 0.0488169 0.0948222 0.0230512 35 -0.0130736 0.0584397 0.0313058
53 1 0.0104204 0.0860634 0 0.000119992 6.68091e-05 0 0.00938457 0.0878482 0.0288451 24 -0.0421851 0.0793476 0.0352824
54 1 0.0487561 0.0851988 0 0.000100915 5.90069e-05 0 0.0253534 0.095266 0.0279401 30 -0.0332899 0.0757673 0.0353194
55 1 0.0873931 0.0846145 0 8.54668e-05 5.34685e-05 0 0.0310153 0.0950212 0.0260442 36 -0.0283005 0.0711388 0.0335314
56 1 0.126285 0.0842597 0 7.24745e-05 4.95684e-05 0 0.0344678 0.093509 0.0238381 41 -0.0243114 0.0666466 0.031212
57 1 0.165364 0.0840559 0 6.19171e-05 4.72043e-05 0 0.0378015 0.0929055 0.0214576 42 -0.0209325 0.0631682 0.0284862
79 1 0.013903 0.129106 0 0.000160158 0.000103041 0 0.00252208 0.0863359 0.0227223 27 -0.0460986 0.0804342 0.0265695
80 1 0.0520987 0.128093 0 0.000139728 9.37737e-05 0 0.015453 0.0929765 0.0227009 34 -0.0393822 0.0783693 0.0275276
81 1 0.0905026 0.12735 0 0.00012137 8.64239e-05 0 0.021159 0.0941659 0.0218725 41 -0.035312 0.0754673 0.027122
82 1 0.129094 0.126857 0 0.000105359 8.16558e-05 0 0.0252832 0.0941627 0.0207791 46 -0.0317717 0.0723437 0.0263494
83 1 0.167847 0.126547 0 9.09655e-05 7.78157e-05 0 0.0292019 0.0944659 0.0193006 47 -0.0285382 0.0696071 0.0249414
105 1 0.016882 0.172176 0 0.000195214 0.000140084 0 -0.00270139 0.0850257 0.0174398 28 -0.0488606 0.0811274 0.0193672
106 1 0.0549873 0.171125 0 0.000173315 0.000129397 0 0.00933059 0.0924195 0.0178833 35 -0.0433606 0.0805195 0.0207458
107 1 0.0932344 0.17031 0 0.000153162 0.000120528 0 0.0153243 0.0953425 0.0177568 42 -0.0401079 0.0793336 0.0211771
108 1 0.131614 0.169731 0 0.000134379 0.000114091 0 0.019448 0.096621 0.0174083 47 -0.037381 0.0776762 0.0213464
109 1 0.170118 0.169341 0 0.000117356 0.00010931 0 0.0232573 0.0976463 0.016638 48 -0.0347339 0.0759029 0.0208947
6 1 0.2 0 0 0 0 0 0.0573058 0.0946757 0.0207084 28 -0.00569657 0.0523504 0.0286543
7 1 0.24 0 0 0 0 0 0.0571467 0.0937941 0.017495 28 -0.00509158 0.0508834 0.0242439
8 1 0.28 0 0 0 0 0 0.0571066 0.0933924 0.0145257 28 -0.00471476 0.0499613 0.0201474
9 1 0.32 0 0 0 0 0 0.0571384 0.0932564 0.0117194 28 -0.00447029 0.0493726 0.0162643
32 1 0.202354 0.0418979 0 2.73193e-05 2.23856e-05 0 0.0497284 0.0935687 0.0199078 35 -0.0113185 0.0558343 0.0271808
33 1 0.241986 0.0418743 0 2.29941e-05 2.17215e-05 0 0.0503251 0.0928832 0.0169413 35 -0.0102131 0.0541434 0.0232053
34 1 0.281648 0.0418622 0 1.92095e-05 2.17157e-05 0 0.0507593 0.0925594 0.0141238 35 -0.00949713 0.0530369 0.0193855
35 1 0.321329 0.0418566 0 1.54527e-05 2.17873e-05 0 0.0510989 0.0924521 0.0114225 35 -0.00902106 0.0523091 0.0156988
58 1 0.204569 0.0839388 0 5.27193e-05 4.61996e-05 0 0.0400783 0.0925437 0.0188969 42 -0.0186039 0.0606885 0.0253093
59 1 0.243857 0.0838706 0 4.44615e-05 4.53587e-05 0 0.0416506 0.0923929 0.0162837 42 -0.0170214 0.058965 0.0219327
60 1 0.2832 0.0838313 0 3.66646e-05 4.45266e-05 0 0.0427722 0.0923994 0.0136861 42 -0.0159398 0.0577813 0.0185023
61 1 0.32258 0.0838093 0 2.97509e-05 4.38925e-05 0 0.043594 0.0925034 0.0111277 42 -0.0151947 0.0569755 0.015081
84 1 0.206727 0.126354 0 7.79944e-05 7.48878e-05 0 0.0321467 0.0947099 0.0173902 47 -0.026076 0.0674385 0.0227586
85 1 0.245699 0.126234 0 6.61331e-05 7.28e-05 0 0.0343351 0.0949625 0.0152298 47 -0.0242615 0.0658064 0.0201
86 1 0.284737 0.126161 0 5.52438e-05 7.22368e-05 0 0.035965 0.0952381 0.0129463 47 -0.0229443 0.0646178 0.0171842
87 1 0.323824 0.126117 0 4.44128e-05 7.19606e-05 0 0.0371808 0.0955222 0.0106096 47 -0.0219972 0.0637724 0.014138
110 1 0.20873 0.169084 0 0.000101224 0.000107309 0 0.0263074 0.0983758 0.0153403 48 -0.0325308 0.0742879 0.0195852
111 1 0.247428 0.168917 0 8.63905e-05 0.000105093 0 0.0287104 0.0989591 0.0136751 48 -0.0307803 0.0729487 0.0176581
112 1 0.286193 0.168809 0 7.19609e-05 0.000103351 0 0.0305798 0.0994587 0.0117802 48 -0.029432 0.0719014 0.0153314
113 1 0.325008 0.168741 0 5.8337e-05 0.000101976 0 0.0320153 0.099893 0.00974835 48 -0.0284179 0.0711155 0.0127572
10 1 0.36 0 0 0 0 0 0.0572042 0.0932574 0.00902267 28 -0.00430909 0.0489973 0.0125264
11 1 0.4 0 0 0 0 0 0.0572757 0.0933147 0.00639914 28 -0.00420451 0.0487639 0.00888624
12 1 0.44 0 0 0 0 0 0.0573334 0.0933774 0.00382225 28 -0.0041415 0.0486288 0.00530857
13 1 0.48 0 0 0 0 0 0.0573652 0.0934158 0.00127131 28 -0.00411184 0.048567 0.00176578
36 1 0.361023 0.0418546 0 1.19125e-05 2.16409e-05 0 0.051367 0.0924611 0.00880684 35 -0.00870223 0.0518333 0.0121146
37 1 0.400726 0.0418544 0 8.44431e-06 2.1819e-05 0 0.051569 0.0925178 0.00625149 35 -0.00849327 0.0515306 0.00860448
38 1 0.440433 0.0418548 0 5.00693e-06 2.1724e-05 0 0.0517051 0.0925778 0.00373588 35 -0.00836658 0.0513523 0.00514383
39 1 0.480144 0.0418551 0 1.72434e-06 2.17345e-05 0 0.0517736 0.0926141 0.00124286 35 -0.00830671 0.0512696 0.00171154
62 1 0.361985 0.0837976 0 2.27125e-05 4.34056e-05 0 0.0441967 0.0926493 0.00860984 42 -0.0146836 0.0564349 0.0116883
63 1 0.401407 0.0837917 0 1.62293e-05 4.33696e-05 0 0.0446233 0.0927937 0.00612557 42 -0.0143433 0.0560841 0.00832499
64 1 0.44084 0.0837891 0 9.61719e-06 4.30988e-05 0 0.0448975 0.0929059 0.00366564 42 -0.0141348 0.0558742 0.00498519
65 1 0.48028 0.0837882 0 3.22288e-06 4.32166e-05 0 0.045032 0.0929667 0.00122027 42 -0.0140357 0.0557761 0.00166007
88 1 0.362944 0.126091 0 3.45442e-05 7.16286e-05 0 0.0380756 0.0957883 0.00825354 47 -0.0213276 0.0631861 0.0110281
89 1 0.402088 0.126077 0 2.42291e-05 7.17654e-05 0 0.0387072 0.0960109 0.00589326 47 -0.0208722 0.0627959 0.00788864
90 1 0.441247 0.12607 0 1.47384e-05 7.14577e-05 0 0.0391114 0.0961703 0.00353439 47 -0.0205893 0.0625583 0.00473634
91 1 0.480415 0.126067 0 4.73989e-06 7.1635e-05 0 0.0393088 0.0962532 0.0011778 47 -0.0204537 0.0624459 0.00157918
114 1 0.363861 0.168699 0 4.48199e-05 0.000100897 0 0.0330909 0.100259 0.00763638 48 -0.0276766 0.0705478 0.0100319
115 1 0.40274 0.168674 0 3.20899e-05 0.000100729 0 0.0338584 0.100546 0.00547853 48 -0.02716 0.0701583 0.00721584
116 1 0.441637 0.16866 0 1.87787e-05 9.99818e-05 0 0.0343527 0.100744 0.00329538 48 -0.0268338 0.0699159 0.00434738
117 1 0.480545 0.168654 0 6.63693e-06 9.9875e-05 0 0.0345948 0.100844 0.00109971 48 -0.026676 0.0697998 0.0014519
14 1 0.52 0 0 0 0 0 0.0573652 0.0934158 -0.00127131 28 -0.00411184 0.048567 -0.00176578
15 1 0.56 0 0 0 0 0 0.0573334 0.0933774 -0.00382225 28 -0.0041415 0.0486288 -0.00530857
16 1 0.6 0 0 0 0 0 0.0572757 0.0933147 -0.00639914 28 -0.00420451 0.0487639 -0.00888624
17 1 0.64 0 0 0 0 0 0.0572042 0.0932574 -0.00902267 28 -0.00430909 0.0489973 -0.0125264
40 1 0.519856 0.0418551 0 -1.72434e-06 2.17345e-05 0 0.0517736 0.0926141 -0.00124286 35 -0.00830671 0.0512696 -0.00171154
41 1 0.559567 0.0418548 0 -5.00693e-06 2.1724e-05 0 0.0517051 0.0925778 -0.00373588 35 -0.00836658 0.0513523 -0.00514383
42 1 0.599274 0.0418544 0 -8.44431e-06 2.1819e-05 0 0.051569 0.0925178 -0.00625149 35 -0.00849327 0.0515306 -0.00860448
43 1 0.638977 0.0418546 0 -1.19125e-05 2.16409e-05 0 0.051367 0.0924611 -0.00880684 35 -0.00870223 0.0518333 -0.0121146
66 1 0.51972 0.0837882 0 -3.22288e-06 4.32166e-05 0 0.045032 0.0929667 -0.00122027 42 -0.0140357 0.0557761 -0.00166007
67 1 0.55916 0.0837891 0 -9.61719e-06 4.30988e-05 0 0.0448975 0.0929059 -0.00366564 42 -0.0141348 0.0558742 -0.00498519
68 1 0.598593 0.0837917 0 -1.62293e-05 4.33696e-05 0 0.0446233 0.0927937 -0.00612557 42 -0.0143433 0.0560841 -0.00832499
69 1 0.638015 0.0837976 0 -2.27125e-05 4.34056e-05 0 0.0441967 0.0926493 -0.00860984 42 -0.0146836 0.0564349 -0.0116883
92 1 0.519585 0.126067 0 -4.73989e-06 7.1635e-05 0 0.0393088 0.0962532 -0.0011778 47 -0.0204537 0.0624459 -0.00157918
93 1 0.558753 0.12607 0 -1.47384e-05 7.14577e-05 0 0.0391114 0.0961703 -0.00353439 47 -0.0205893 0.0625583 -0.00473634
94 1 0.597912 0.126077 0 -2.42291e-05 7.17654e-05 0 0.0387072 0.0960109 -0.00589326 47 -0.0208722 0.0627959 -0.00788864
95 1 0.637056 0.126091 0 -3.45442e-05 7.16286e-05 0 0.0380756 0.0957883 -0.00825354 47 -0.0213276 0.0631861 -0.0110281
118 1 0.519455 0.168654 0 -6.63693e-06 9.9875e-05 0 0.0345948 0.100844 -0.00109971 48 -0.026676 0.0697998 -0.0014519
119 1 0.558363 0.16866 0 -1.87787e-05 9.99818e-05 0 0.0343527 0.100744 -0.00329538 48 -0.0268338 0.0699159 -0.00434738
120 1 0.59726 0.168674 0 -3.20899e-05 0.000100729 0 0.0338584 0.100546 -0.00547853 48 -0.02716 0.0701583 -0.00721584
121 1 0.636139 0.168699 0 -4.48199e-05 0.000100897 0 0.0330909 0.100259 -0.00763638 48 -0.0276766 0.0705478 -0.0100319
18 1 0.68 0 0 0 0 0 0.0571384 0.0932564 -0.0117194 28 -0.00447029 0.0493726 -0.0162643
19 1 0.72 0 0 0 0 0 0.0571066 0.0933924 -0.0145257 28 -0.00471476 0.0499613 -0.0201474
20 1 0.76 0 0 0 0 0 0.0571467 0.0937941 -0.017495 28 -0.00509158 0.0508834 -0.0242439
21 1 0.8 0 0 0 0 0 0.0573058 0.0946757 -0.0207084 28 -0.00569657 0.0523504 -0.0286543
44 1 0.678671 0.0418566 0 -1.54527e-05 2.17873e-05 0 0.0510989 0.0924521 -0.0114225 35 -0.00902106 0.0523091 -0.0156988
45 1 0.718352 0.0418622 0 -1.92095e-05 2.17157e-05 0 0.0507593 0.0925594 -0.0141238 35 -0.00949713 0.0530369 -0.0193855
46 1 0.758014 0.0418743 0 -2.29941e-05 2.17215e-05 0 0.0503251 0.0928832 -0.0169413 35 -0.0102131 0.0541434 -0.0232053
47 1 0.797646 0.0418979 0 -2.73193e-05 2.23856e-05 0 0.0497284 0.0935687 -0.0199078 35 -0.0113185 0.0558343 -0.0271808
70 1 0.67742 0.0838093 0 -2.97509e-05 4.38925e-05 0 0.043594 0.0925034 -0.0111277 42 -0.0151947 0.0569755 -0.015081
71 1 0.7168 0.0838313 0 -3.66646e-05 4.45266e-05 0 0.0427722 0.0923994 -0.0136861 42 -0.0159398 0.0577813 -0.0185023
72 1 0.756143 0.0838706 0 -4.44615e-05 4.53587e-05 0 0.0416506 0.0923929 -0.0162837 42 -0.0170214 0.058965 -0.0219327
73 1 0.795431 0.0839388 0 -5.27193e-05 4.61996e-05 0 0.0400783 0.0925437 -0.0188969 42 -0.0186039 0.0606885 -0.0253093
96 1 0.676176 0.126117 0 -4.44128e-05 7.19606e-05 0 0.0371808 0.0955222 -0.0106096 47 -0.0219972 0.0637724 -0.014138
97 1 0.715263 0.126161 0 -5.52438e-05 7.22368e-05 0 0.035965 0.0952381 -0.0129463 47 -0.0229443 0.0646178 -0.0171842
98 1 0.754301 0.126234 0 -6.61331e-05 7.28e-05 0 0.0343351 0.0949625 -0.0152298 47 -0.0242615 0.0658064 -0.0201
99 1 0.793273 0.126354 0 -7.79944e-05 7.48878e-05 0 0.0321467 0.0947099 -0.0173902 47 -0.026076 0.0674385 -0.0227586
122 1 0.674992 0.168741 0 -5.8337e-05 0.000101976 0 0.0320153 0.099893 -0.00974835 48 -0.0284179 0.0711155 -0.0127572
123 1 0.713807 0.168809 0 -7.19609e-05 0.000103351 0 0.0305798 0.0994587 -0.0117802 48 -0.029432 0.0719014 -0.0153314
124 1 0.752572 0.168917 0 -8.63905e-05 0.000105093 0 0.0287104 0.0989591 -0.0136751 48 -0.0307803 0.0729487 -0.0176581
125 1 0.79127 0.169084 0 -0.000101224 0.000107309 0 0.0263074 0.0983758 -0.0153403 48 -0.0325308 0.0742879 -0.0195852
22 1 0.84 0 0 0 0 0 0.057659 0.0964197 -0.0243007 28 -0.00671046 0.0547499 -0.0335387
23 1 0.88 0 0 0 0 0 0.0583677 0.0997051 -0.0285104 27 -0.00843284 0.0587688 -0.0391751
24 1 0.92 0 0 0 0 0 0.0605679 0.105886 -0.033623 24 -0.0107429 0.0652083 -0.0459296
25 1 0.96 0 0 0 0 0 0.0671919 0.116589 -0.0395567 20 -0.0121146 0.0739039 -0.0538616
26 1 1 0 0 0 0 0 0.0836984 0.13394 -0.0453148 16 -0.00896829 0.0830008 -0.0622094
48 1 0.837228 0.0419427 0 -3.21637e-05 2.29101e-05 0 0.0488169 0.0948222 -0.0230512 35 -0.0130736 0.0584397 -0.0313058
49 1 0.87672 0.0420307 0 -3.82284e-05 2.4181e-05 0 0.0473024 0.09689 -0.0263856 34 -0.0158776 0.0624294 -0.0355204
50 1 0.916041 0.0422088 0 -4.58581e-05 2.56103e-05 0 0.0457318 0.100342 -0.0298915 30 -0.0195806 0.0680265 -0.0397767
51 1 0.955055 0.0425289 0 -5.71839e-05 2.83488e-05 0 0.0416186 0.102697 -0.0332738 25 -0.0247324 0.0743015 -0.0436483
52 1 0.993543 0.0430886 0 -7.36061e-05 3.23016e-05 0 0.0158674 0.0895583 -0.035958 20 -0.03869 0.079366 -0.0454346
74 1 0.834636 0.0840559 0 -6.19171e-05 4.72043e-05 0 0.0378015 0.0929055 -0.0214576 42 -0.0209325 0.0631682 -0.0284862
75 1 0.873715 0.0842597 0 -7.24745e-05 4.95684e-05 0 0.0344678 0.093509 -0.0238381 41 -0.0243114 0.0666466 -0.031212
76 1 0.912607 0.0846145 0 -8.54668e-05 5.34685e-05 0 0.0310153 0.0950212 -0.0260442 36 -0.0283005 0.0711388 -0.0335314
77 1 0.951244 0.0851988 0 -0.000100915 5.90069e-05 0 0.0253534 0.095266 -0.0279401 30 -0.0332899 0.0757673 -0.0353194
78 1 0.98958 0.0860634 0 -0.000119992 6.68091e-05 0 0.00938457 0.0878482 -0.0288451 24 -0.0421851 0.0793476 -0.0352824
100 1 0.832153 0.126547 0 -9.09655e-05 7.78157e-05 0 0.0292019 0.0944659 -0.0193006 47 -0.0285382 0.0696071 -0.0249414
101 1 0.870906 0.126857 0 -0.000105359 8.16558e-05 0 0.0252832 0.0941627 -0.0207791 46 -0.0317717 0.0723437 -0.0263494
102 1 0.909497 0.12735 0 -0.00012137 8.64239e-05 0 0.021159 0.0941659 -0.0218725 41 -0.035312 0.0754673 -0.027122
103 1 0.947901 0.128093 0 -0.000139728 9.37737e-05 0 0.015453 0.0929765 -0.0227009 34 -0.0393822 0.0783693 -0.0275276
104 1 0.986097 0.129106 0 -0.000160158 0.000103041 0 0.00252208 0.0863359 -0.0227223 27 -0.0460986 0.0804342 -0.0265695
126 1 0.829882 0.169341 0 -0.000117356 0.00010931 0 0.0232573 0.0976463 -0.016638 48 -0.0347339 0.0759029 -0.0208947
127 1 0.868386 0.169731 0 -0.000134379 0.000114091 0 0.019448 0.096621 -0.0174083 47 -0.037381 0.0776762 -0.0213464
128 1 0.906766 0.17031 0 -0.000153162 0.000120528 0 0.0153243 0.0953425 -0.0177568 42 -0.0401079 0.0793336 -0.0211771
129 1 0.945013 0.171125 0 -0.000173315 0.000129397 0 0.00933059 0.0924195 -0.0178833 35 -0.0433606 0.0805195 -0.0207458
130 1 0.983118 0.172176 0 -0.000195214 0.000140084 0 -0.00270139 0.0850257 -0.0174398 28 -0.0488606 0.0811274 -0.0193672
131 1 0.0193426 0.215227 0 0.000225009 0.00017806 0 -0.00578263 0.0839792 0.0132668 28 -0.0502219 0.0811442 0.0140008
132 1 0.0574031 0.214219 0 0.000202376 0.000167511 0 0.0051075 0.0916492 0.0138354 35 -0.0458052 0.0815878 0.0153456
133 1 0.0955511 0.2134 0 0.000180629 0.00015907 0 0.0109461 0.0957404 0.0140284 42 -0.0433551 0.0817402 0.0160749
134 1 0.133784 0.212788 0 0.000160313 0.000152165 0 0.0148093 0.0980451 0.0140898 47 -0.0414566 0.0813779 0.0166894
135 1 0.172103 0.212353 0 0.000140552 0.00014693 0 0.0182637 0.0997226 0.0137933 48 -0.0395175 0.0806035 0.0168177
157 1 0.0213374 0.258257 0 0.00025005 0.000216367 0 -0.00734902 0.083279 0.00988585 28 -0.0507135 0.0808244 0.00989473
158 1 0.0593794 0.257339 0 0.000227073 0.00020588 0 0.00212212 0.0907335 0.0104427 35 -0.0472991 0.0819843 0.0110474
159 1 0.0974661 0.256567 0 0.000204755 0.000196861 0 0.00756188 0.0955231 0.0107721 42 -0.0455577 0.0831228 0.0118351
160 1 0.135598 0.255966 0 0.000182877 0.000189345 0 0.0110639 0.0985933 0.0110415 47 -0.044389 0.0838122 0.0126141
161 1 0.173782 0.255522 0 0.000162013 0.000184515 0 0.0140773 0.10082 0.0110362 48 -0.0431373 0.0839469 0.0130498
183 1 0.0229281 0.301269 0 0.000271704 0.000255131 0 -0.0080133 0.0829086 0.00723071 28 -0.0507912 0.0804747 0.00684433
184 1 0.0609634 0.300471 0 0.000248079 0.000245555 0 0.000114924 0.0899542 0.00770704 35 -0.0481999 0.0820988 0.00775474
185 1 0.0990125 0.299781 0 0.000224801 0.000237766 0 0.005059 0.0951062 0.00806019 42 -0.0470434 0.0839294 0.00847167
186 1 0.137076 0.299226 0 0.000201816 0.000230638 0 0.00816448 0.0987015 0.00840364 47 -0.0464784 0.0854241 0.00924579
187 1 0.175162 0.298801 0 0.000179226 0.000225139 0 0.0107279 0.101357 0.0085524 48 -0.0458307 0.0863226 0.00979893
209 1 0.0241705 0.34427 0 0.000289659 0.00029438 0 -0.00818651 0.0827851 0.00517625 28 -0.0507033 0.080208 0.00462311
210 1 0.062204 0.343607 0 0.000266057 0.000285441 0 -0.00119081 0.0893851 0.00554955 35 -0.0487463 0.0821213 0.00529989
211 1 0.10023 0.343022 0 0.00024225 0.000277786 0 0.00326804 0.0946897 0.00586572 42 -0.0480454 0.0844192 0.00588924
212 1 0.138247 0.342539 0 0.000218741 0.000271143 0 0.00599886 0.0986242 0.00620185 47 -0.0479538 0.086504 0.00656655
213 1 0.176264 0.34216 0 0.000195244 0.000266836 0 0.00815218 0.101596 0.00640946 48 -0.047802 0.0880084 0.00711502
136 1 0.210504 0.212053 0 0.000122368 0.00014212 0 0.0211377 0.100917 0.0129851 48 -0.0377702 0.0796794 0.0161587
137 1 0.248976 0.211848 0 0.000104437 0.000139258 0 0.0234997 0.101829 0.0117749 48 -0.0362816 0.0787911 0.0148638
138 1 0.287507 0.211712 0 8.75808e-05 0.000137648 0 0.0254064 0.102557 0.0102807 48 -0.0350674 0.0780259 0.0131095
139 1 0.326084 0.211622 0 7.09954e-05 0.000136917 0 0.0269127 0.103149 0.00859532 48 -0.0341119 0.0774107 0.0110395
162 1 0.212021 0.255202 0 0.000141366 0.000181058 0 0.0166466 0.102441 0.0105858 48 -0.0419043 0.0837299 0.0128295
163 1 0.250312 0.254977 0 0.00012182 0.000178409 0 0.018826 0.103673 0.00975301 48 -0.0407718 0.0833599 0.0120287
164 1 0.288649 0.254822 0 0.000102081 0.000176263 0 0.0206397 0.104636 0.00862619 48 -0.0397902 0.0829586 0.0107727
165 1 0.327025 0.254717 0 8.33696e-05 0.000174225 0 0.0221097 0.105393 0.00728557 48 -0.0389795 0.0825907 0.00918045
188 1 0.213279 0.298487 0 0.000157128 0.000219986 0 0.0129515 0.103346 0.0083413 48 -0.045092 0.0867544 0.00984099
189 1 0.251429 0.29826 0 0.000135203 0.000216963 0 0.014886 0.104875 0.00779695 48 -0.0443365 0.0868994 0.00939331
190 1 0.289611 0.298099 0 0.000114065 0.00021486 0 0.0165381 0.106066 0.00697922 48 -0.0436278 0.0868877 0.00853562
191 1 0.327822 0.297988 0 9.25332e-05 0.000213789 0 0.017908 0.106993 0.00595113 48 -0.0430067 0.0868033 0.00735763
214 1 0.21429 0.341873 0 0.00017176 0.000263713 0 0.0100419 0.103884 0.00634283 48 -0.0474955 0.0889917 0.00728664
215 1 0.252333 0.341661 0 0.000148659 0.000260862 0 0.0117209 0.10567 0.00600521 48 -0.0470913 0.0896019 0.0070705
216 1 0.290394 0.341508 0 0.00012541 0.000258919 0 0.0131877 0.10707 0.00543329 48 -0.046653 0.0899612 0.00651145
217 1 0.328474 0.3414 0 0.000102619 0.000257032 0 0.0144292 0.108158 0.00467305 48 -0.0462314 0.0901597 0.00567244
140 1 0.364697 0.211565 0 5.50292e-05 0.000136171 0 0.0280651 0.10362 0.00678439 48 -0.0333886 0.076943 0.00875789
141 1 0.403337 0.21153 0 3.88679e-05 0.000135963 0 0.0288993 0.103976 0.00489322 48 -0.0328713 0.0766099 0.00633843
142 1 0.441995 0.21151 0 2.37186e-05 0.000135869 0 0.0294416 0.104214 0.00295323 48 -0.0325388 0.0763972 0.0038337
143 1 0.480664 0.211501 0 7.45531e-06 0.00013622 0 0.0297086 0.104334 0.000987144 48 -0.0323762 0.0762938 0.00128277
166 1 0.365433 0.254648 0 6.42062e-05 0.000173599 0 0.023257 0.10598 0.00579478 48 -0.0383425 0.0822861 0.00734855
167 1 0.403864 0.254605 0 4.60923e-05 0.000172459 0 0.0240999 0.106411 0.00420232 48 -0.037874 0.0820561 0.00535237
168 1 0.442312 0.25458 0 2.72178e-05 0.000171993 0 0.0246534 0.106696 0.00254514 48 -0.0375669 0.0819035 0.00325051
169 1 0.48077 0.254568 0 9.39519e-06 0.000171293 0 0.0249275 0.106838 0.000852187 48 -0.0374151 0.0818277 0.0010898
192 1 0.366058 0.297913 0 7.22069e-05 0.000212408 0 0.0189972 0.107701 0.00476811 48 -0.0424963 0.0866974 0.00594076
193 1 0.404313 0.297865 0 5.10241e-05 0.000212535 0 0.0198089 0.108214 0.00347606 48 -0.0421086 0.0866 0.00435401
194 1 0.442582 0.297837 0 3.09353e-05 0.000212183 0 0.0203471 0.10855 0.00211247 48 -0.0418486 0.086528 0.00265482
195 1 0.48086 0.297824 0 9.95118e-06 0.000212633 0 0.0206153 0.108715 0.0007085 48 -0.0417183 0.0864901 0.000891831
218 1 0.366571 0.341326 0 7.94779e-05 0.000256692 0 0.0154333 0.108983 0.00376907 48 -0.045862 0.0902602 0.0046171
219 1 0.404683 0.341278 0 5.70405e-05 0.000255275 0 0.0161914 0.109579 0.00276102 48 -0.0455687 0.0903052 0.00340355
220 1 0.442805 0.34125 0 3.37806e-05 0.000254966 0 0.0166989 0.109966 0.00168319 48 -0.0453662 0.0903219 0.00208307
221 1 0.480934 0.341236 0 1.17891e-05 0.000254378 0 0.0169531 0.110156 0.000565393 48 -0.0452631 0.0903265 0.000701048
144 1 0.519336 0.211501 0 -7.45531e-06 0.00013622 0 0.0297086 0.104334 -0.000987144 48 -0.0323762 0.0762938 -0.00128277
145 1 0.558005 0.21151 0 -2.37186e-05 0.000135869 0 0.0294416 0.104214 -0.00295323 48 -0.0325388 0.0763972 -0.0038337
146 1 0.596663 0.21153 0 -3.88679e-05 0.000135963 0 0.0288993 0.103976 -0.00489322 48 -0.0328713 0.0766099 -0.00633843
147 1 0.635303 0.211565 0 -5.50292e-05 0.000136171 0 0.0280651 0.10362 -0.00678439 48 -0.0333886 0.076943 -0.00875789
170 1 0.51923 0.254568 0 -9.39519e-06 0.000171293 0 0.0249275 0.106838 -0.000852187 48 -0.0374151 0.0818277 -0.0010898
171 1 0.557688 0.25458 0 -2.72178e-05 0.000171993 0 0.0246534 0.106696 -0.00254514 48 -0.0375669 0.0819035 -0.00325051
172 1 0.596136 0.254605 0 -4.60923e-05 0.000172459 0 0.0240999 0.106411 -0.00420232 48 -0.037874 0.0820561 -0.00535237
173 1 0.634567 0.254648 0 -6.42062e-05 0.000173599 0 0.023257 0.10598 -0.00579478 48 -0.0383425 0.0822861 -0.00734855
196 1 0.51914 0.297824 0 -9.95118e-06 0.000212633 0 0.0206153 0.108715 -0.0007085 48 -0.0417183 0.0864901 -0.000891831
197 1 0.557418 0.297837 0 -3.09353e-05 0.000212183 0 0.0203471 0.10855 -0.00211247 48 -0.0418486 0.086528 -0.00265482
198 1 0.595687 0.297865 0 -5.10241e-05 0.000212535 0 0.0198089 0.108214 -0.00347606 48 -0.0421086 0.0866 -0.00435401
199 1 0.633942 0.297913 0 -7.22069e-05 0.000212408 0 0.0189972 0.107701 -0.00476811 48 -0.0424963 0.0866974 -0.00594076
222 1 0.519066 0.341236 0 -1.17891e-05 0.000254378 0 0.0169531 0.110156 -0.000565393 48 -0.0452631 0.0903265 -0.000701048
223 1 0.557195 0.34125 0 -3.37806e-05 0.000254966 0 0.0166989 0.109966 -0.00168319 48 -0.0453662 0.0903219 -0.00208307
224 1 0.595317 0.341278 0 -5.70405e-05 0.000255275 0 0.0161914 0.109579 -0.00276102 48 -0.0455687 0.0903052 -0.00340355
225 1 0.633429 0.341326 0 -7.94779e-05 0.000256692 0 0.0154333 0.108983 -0.00376907 48 -0.045862 0.0902602 -0.0046171
148 1 0.673916 0.211622 0 -7.09954e-05 0.000136917 0 0.0269127 0.103149 -0.00859532 48 -0.0341119 0.0774107 -0.0110395
149 1 0.712493 0.211712 0 -8.75808e-05 0.000137648 0 0.0254064 0.102557 -0.0102807 48 -0.0350674 0.0780259 -0.0131095
150 1 0.751024 0.211848 0 -0.000104437 0.000139258 0 0.0234997 0.101829 -0.0117749 48 -0.0362816 0.0787911 -0.0148638
151 1 0.789496 0.212053 0 -0.000122368 0.00014212 0 0.0211377 0.100917 -0.0129851 48 -0.0377702 0.0796794 -0.0161587
174 1 0.672975 0.254717 0 -8.33696e-05 0.000174225 0 0.0221097 0.105393 -0.00728557 48 -0.0389795 0.0825907 -0.00918045
175 1 0.711351 0.254822 0 -0.000102081 0.000176263 0 0.0206397 0.104636 -0.00862619 48 -0.0397902 0.0829586 -0.0107727
176 1 0.749688 0.254977 0 -0.00012182 0.000178409 0 0.018826 0.103673 -0.00975301 48 -0.0407718 0.0833599 -0.0120287
177 1 0.787979 0.255202 0 -0.000141366 0.000181058 0 0.0166466 0.102441 -0.0105858 48 -0.0419043 0.0837299 -0.0128295
200 1 0.672178 0.297988 0 -9.25332e-05 0.000213789 0 0.017908 0.106993 -0.00595113 48 -0.0430067 0.0868033 -0.00735763
201 1 0.710389 0.298099 0 -0.000114065 0.00021486 0 0.0165381 0.106066 -0.00697922 48 -0.0436278 0.0868877 -0.00853562
202 1 0.748571 0.29826 0 -0.000135203 0.000216963 0 0.014886 0.104875 -0.00779695 48 -0.0443365 0.0868994 -0.00939331
203 1 0.786721 0.298487 0 -0.000157128 0.000219986 0 0.0129515 0.103346 -0.0083413 48 -0.045092 0.0867544 -0.00984099
226 1 0.671526 0.3414 0 -0.000102619 0.000257032 0 0.0144292 0.108158 -0.00467305 48 -0.0462314 0.0901597 -0.00567244
227 1 0.709606 0.341508 0 -0.00012541 0.000258919 0 0.0131877 0.10707 -0.00543329 48 -0.046653 0.0899612 -0.00651145
228 1 0.747667 0.341661 0 -0.000148659 0.000260862 0 0.0117209 0.10567 -0.00600521 48 -0.0470913 0.0896019 -0.0070705
229 1 0.78571 0.341873 0 -0.00017176 0.000263713 0 0.0100419 0.103884 -0.00634283 48 -0.0474955 0.0889917 -0.00728664
152 1 0.827897 0.212353 0 -0.000140552 0.00014693 0 0.0182637 0.0997226 -0.0137933 48 -0.0395175 0.0806035 -0.0168177
153 1 0.866216 0.212788 0 -0.000160313 0.000152165 0 0.0148093 0.0980451 -0.0140898 47 -0.0414566 0.0813779 -0.0166894
154 1 0.904449 0.2134 0 -0.000180629 0.00015907 0 0.0109461 0.0957404 -0.0140284 42 -0.0433551 0.0817402 -0.0160749
155 1 0.942597 0.214219 0 -0.000202376 0.000167511 0 0.0051075 0.0916492 -0.0138354 35 -0.0458052 0.0815878 -0.0153456
156 1 0.980657 0.215227 0 -0.000225009 0.00017806 0 -0.00578263 0.0839792 -0.0132668 28 -0.0502219 0.0811442 -0.0140008
178 1 0.826218 0.255522 0 -0.000162013 0.000184515 0 0.0140773 0.10082 -0.0110362 48 -0.0431373 0.0839469 -0.0130498
179 1 0.864402 0.255966 0 -0.000182877 0.000189345 0 0.0110639 0.0985933 -0.0110415 47 -0.044389 0.0838122 -0.0126141
180 1 0.902534 0.256567 0 -0.000204755 0.000196861 0 0.00756188 0.0955231 -0.0107721 42 -0.0455577 0.0831228 -0.0118351
181 1 0.940621 0.257339 0 -0.000227073 0.00020588 0 0.00212212 0.0907335 -0.0104427 35 -0.0472991 0.0819843 -0.0110474
182 1 0.978663 0.258257 0 -0.00025005 0.000216367 0 -0.00734902 0.083279 -0.00988585 28 -0.0507135 0.0808244 -0.00989473
204 1 0.824838 0.298801 0 -0.000179226 0.000225139 0 0.0107279 0.101357 -0.0085524 48 -0.0458307 0.0863226 -0.00979893
205 1 0.862924 0.299226 0 -0.000201816 0.000230638 0 0.00816448 0.0987015 -0.00840364 47 -0.0464784 0.0854241 -0.00924579
206 1 0.900987 0.299781 0 -0.000224801 0.000237766 0 0.005059 0.0951062 -0.00806019 42 -0.0470434 0.0839294 -0.00847167
207 1 0.939037 0.300471 0 -0.000248079 0.000245555 0 0.000114924 0.0899542 -0.00770704 35 -0.0481999 0.0820988 -0.00775474
208 1 0.977072 0.301269 0 -0.000271704 0.000255131 0 -0.0080133 0.0829086 -0.00723071 28 -0.0507912 0.0804747 -0.00684433
230 1 0.823736 0.34216 0 -0.000195244 0.000266836 0 0.00815218 0.101596 -0.00640946 48 -0.047802 0.0880084 -0.00711502
231 1 0.861753 0.342539 0 -0.000218741 0.000271143 0 0.00599886 0.0986242 -0.00620185 47 -0.0479538 0.086504 -0.00656655
232 1 0.89977 0.343022 0 -0.00024225 0.000277786 0 0.00326804 0.0946897 -0.00586572 42 -0.0480454 0.0844192 -0.00588924
233 1 0.937796 0.343607 0 -0.000266057 0.000285441 0 -0.00119081 0.0893851 -0.00554955 35 -0.0487463 0.0821213 -0.00529989
234 1 0.97583 0.34427 0 -0.000289659 0.00029438 0 -0.00818651 0.0827851 -0.00517625 28 -0.0507033 0.080208 -0.00462311
235 1 0.0251108 0.387265 0 0.000305298 0.000334216 0 -0.00812574 0.0828104 0.00358561 28 -0.0505715 0.0800386 0.0030224
236 1 0.0631442 0.386746 0 0.000280959 0.000326915 0 -0.00201954 0.0890057 0.00385739 35 -0.0490819 0.0821254 0.00349733
237 1 0.101155 0.38628 0 0.000256921 0.00032107 0 0.00202274 0.094347 0.0041095 42 -0.0487184 0.084728 0.00394371
238 1 0.139141 0.385888 0 0.000232178 0.000315061 0 0.00443585 0.0984891 0.00439374 47 -0.0489795 0.0872281 0.00448183
239 1 0.17711 0.385574 0 0.000207689 0.000310529 0 0.00624679 0.101683 0.00459887 48 -0.0492112 0.0891885 0.00495308
261 1 0.0257851 0.430258 0 0.000317895 0.000373891 0 -0.0079831 0.0829021 0.00233312 28 -0.0504508 0.0799465 0.00186503
262 1 0.0638189 0.429886 0 0.000293696 0.000367282 0 -0.00252716 0.0887728 0.00251455 35 -0.0492873 0.0821325 0.00217397
263 1 0.101821 0.429548 0 0.000268767 0.000361449 0 0.00119309 0.094097 0.00269401 42 -0.0491592 0.0849251 0.00248155
264 1 0.139787 0.42926 0 0.000244065 0.000356562 0 0.00336188 0.0983585 0.00290475 47 -0.0496676 0.0877024 0.00286588
265 1 0.177723 0.429027 0 0.000218756 0.000354002 0 0.00491144 0.101699 0.00307059 48 -0.0501761 0.0899848 0.00322034
287 1 0.0262199 0.47325 0 0.000328424 0.00041531 0 -0.00784767 0.0829974 0.00130919 28 -0.0503638 0.0799037 0.00100345
288 1 0.064254 0.473027 0 0.000303526 0.00041096 0 -0.00281534 0.0886437 0.00141229 35 -0.0494059 0.0821423 0.00117603
289 1 0.10225 0.472823 0 0.000278576 0.000407719 0 0.000687396 0.0939366 0.00151874 42 -0.049426 0.0850437 0.00135485
290 1 0.140204 0.472647 0 0.000252996 0.000404096 0 0.00269182 0.0982609 0.00164708 47 -0.0500905 0.0879893 0.00158381
291 1 0.17812 0.472504 0 0.000226894 0.000401127 0 0.00406624 0.101689 0.0017532 48 -0.0507774 0.0904758 0.00180194
313 1 0.0264323 0.516243 0 0.000336117 0.000455059 0 -0.00776748 0.0830553 0.00041709 28 -0.050318 0.0798874 0.000310996
314 1 0.0644666 0.516169 0 0.000311136 0.000451224 0 -0.00294462 0.0885864 0.000450461 35 -0.0494596 0.0821481 0.000366305
315 1 0.10246 0.516101 0 0.000285877 0.000448069 0 0.000448647 0.0938578 0.000485756 42 -0.0495512 0.0850986 0.000424921
316 1 0.140409 0.516043 0 0.000259632 0.000445743 0 0.00237064 0.0982082 0.000528813 47 -0.0502909 0.0881232 0.000500779
317 1 0.178315 0.515994 0 0.000233406 0.000444863 0 0.00365746 0.101677 0.000565289 48 -0.0510649 0.0907082 0.000574223
240 1 0.215072 0.385333 0 0.000183195 0.000305837 0 0.00784678 0.1042 0.00460705 48 -0.0492553 0.0906107 0.00516152
241 1 0.253035 0.385151 0 0.000158392 0.000303621 0 0.00929319 0.106194 0.00440946 48 -0.0491493 0.0916087 0.00508187
242 1 0.291005 0.385018 0 0.000134059 0.000301884 0 0.0105824 0.10777 0.00402619 48 -0.0489505 0.0922898 0.00473566
243 1 0.328985 0.384923 0 0.000109397 0.000300667 0 0.011694 0.108998 0.00348856 48 -0.0487124 0.0927421 0.00416408
266 1 0.21564 0.428844 0 0.000193093 0.000351719 0 0.00628413 0.104379 0.00310586 48 -0.0504824 0.0917308 0.00340484
267 1 0.253548 0.428706 0 0.000167908 0.000349957 0 0.00754236 0.106529 0.00299837 48 -0.0506067 0.0930251 0.00339289
268 1 0.291453 0.428603 0 0.000141732 0.00034839 0 0.00868318 0.108241 0.00275777 48 -0.0505986 0.0939594 0.00319259
269 1 0.32936 0.428529 0 0.000116387 0.000347121 0 0.0096825 0.109581 0.00240367 48 -0.0505105 0.0946164 0.00282874
292 1 0.21601 0.47239 0 0.00020096 0.000398391 0 0.00528372 0.104473 0.00178541 48 -0.0512569 0.0924337 0.00192563
293 1 0.253882 0.472304 0 0.000173961 0.000396815 0 0.00641093 0.106726 0.00173411 48 -0.0515369 0.0939269 0.00193578
294 1 0.291745 0.472239 0 0.000147819 0.000396085 0 0.00744619 0.10853 0.00160317 48 -0.0516601 0.0950346 0.00183433
295 1 0.329606 0.472192 0 0.000120827 0.000395978 0 0.0083641 0.109947 0.00140313 48 -0.0516772 0.0958342 0.00163421
318 1 0.216191 0.515956 0 0.000206428 0.000444081 0 0.00479651 0.104511 0.000578 48 -0.0516302 0.0927704 0.000617615
319 1 0.254047 0.515927 0 0.000179364 0.000444133 0 0.00585668 0.106815 0.000563376 48 -0.0519884 0.0943632 0.000624087
320 1 0.29189 0.515905 0 0.000151928 0.000443612 0 0.00683731 0.108666 0.000522358 48 -0.0521784 0.0955587 0.000593776
321 1 0.329728 0.515889 0 0.000124429 0.000442782 0 0.00771262 0.110121 0.000458252 48 -0.0522496 0.0964312 0.000530644
244 1 0.366975 0.384857 0 8.52021e-05 0.000300005 0 0.0126069 0.10993 0.0028299 48 -0.0484774 0.0930332 0.0034135
245 1 0.404974 0.384814 0 6.04871e-05 0.000299722 0 0.0133047 0.110601 0.0020817 48 -0.0482768 0.0932127 0.00252919
246 1 0.442981 0.384788 0 3.66901e-05 0.000300021 0 0.0137757 0.111035 0.00127251 48 -0.0481321 0.0933147 0.00155307
247 1 0.480993 0.384775 0 1.17407e-05 0.000299704 0 0.0140128 0.111249 0.000428019 48 -0.0480566 0.0933606 0.000523529
270 1 0.367272 0.428477 0 9.02189e-05 0.000346725 0 0.0105143 0.110598 0.00195878 48 -0.0503878 0.0950644 0.00233233
271 1 0.405189 0.428443 0 6.47754e-05 0.000345698 0 0.0111565 0.111331 0.00144572 48 -0.0502663 0.0953563 0.00173532
272 1 0.443111 0.428422 0 3.86425e-05 0.000345479 0 0.0115933 0.111805 0.000885669 48 -0.0501715 0.0955305 0.00106846
273 1 0.481037 0.428412 0 1.30408e-05 0.000345464 0 0.0118141 0.112038 0.000298223 48 -0.0501202 0.0956115 0.000360648
296 1 0.367467 0.472159 0 9.41663e-05 0.000395952 0 0.00913587 0.111024 0.00114712 48 -0.0516346 0.0963929 0.00135303
297 1 0.405331 0.472137 0 6.71569e-05 0.000396346 0 0.00973654 0.1118 0.000848642 48 -0.0515701 0.0967652 0.00100969
298 1 0.443197 0.472123 0 4.03707e-05 0.000396381 0 0.0101473 0.112303 0.000520684 48 -0.0515117 0.0969913 0.000622872
299 1 0.481065 0.472117 0 1.34525e-05 0.000396297 0 0.0103557 0.112549 0.000175456 48 -0.051478 0.0970978 0.000210442
322 1 0.367564 0.515877 0 9.67893e-05 0.000442315 0 0.0084527 0.11123 0.000375318 48 -0.0522485 0.0970471 0.000440368
323 1 0.405401 0.51587 0 6.92816e-05 0.000441974 0 0.00903113 0.112028 0.000278023 48 -0.0522136 0.097461 0.000329167
324 1 0.44324 0.515865 0 4.14531e-05 0.00044184 0 0.00942786 0.112545 0.00017073 48 -0.0521743 0.0977142 0.000203281
325 1 0.48108 0.515863 0 1.38367e-05 0.000442031 0 0.00962952 0.112799 5.75569e-05 48 -0.0521499 0.097834 6.87173e-05
248 1 0.519007 0.384775 0 -1.17407e-05 0.000299704 0 0.0140128 0.111249 -0.000428019 48 -0.0480566 0.0933606 -0.000523529
249 1 0.557019 0.384788 0 -3.66901e-05 0.000300021 0 0.0137757 0.111035 -0.00127251 48 -0.0481321 0.0933147 -0.00155307
250 1 0.595026 0.384814 0 -6.04871e-05 0.000299722 0 0.0133047 0.110601 -0.0020817 48 -0.0482768 0.0932127 -0.00252919
251 1 0.633025 0.384857 0 -8.52021e-05 0.000300005 0 0.0126069 0.10993 -0.0028299 48 -0.0484774 0.0930332 -0.0034135
274 1 0.518963 0.428412 0 -1.30408e-05 0.000345464 0 0.0118141 0.112038 -0.000298223 48 -0.0501202 0.0956115 -0.000360648
275 1 0.556889 0.428422 0 -3.86425e-05 0.000345479 0 0.0115933 0.111805 -0.000885669 48 -0.0501715 0.0955305 -0.00106846
276 1 0.594811 0.428443 0 -6.47754e-05 0.000345698 0 0.0111565 0.111331 -0.00144572 48 -0.0502663 0.0953563 -0.00173532
277 1 0.632728 0.428477 0 -9.02189e-05 0.000346725 0 0.0105143 0.110598 -0.00195878 48 -0.0503878 0.0950644 -0.00233233
300 1 0.518935 0.472117 0 -1.34525e-05 0.000396297 0 0.0103557 0.112549 -0.000175456 48 -0.051478 0.0970978 -0.000210442
301 1 0.556803 0.472123 0 -4.03707e-05 0.000396381 0 0.0101473 0.112303 -0.000520684 48 -0.0515117 0.0969913 -0.000622872
302 1 0.594669 0.472137 0 -6.71569e-05 0.000396346 0 0.00973654 0.1118 -0.000848642 48 -0.0515701 0.0967652 -0.00100969
303 1 0.632533 0.472159 0 -9.41663e-05 0.000395952 0 0.00913587 0.111024 -0.00114712 48 -0.0516346 0.0963929 -0.00135303
326 1 0.51892 0.515863 0 -1.38367e-05 0.000442031 0 0.00962952 0.112799 -5.75569e-05 48 -0.0521499 0.097834 -6.87173e-05
327 1 0.55676 0.515865 0 -4.14531e-05 0.00044184 0 0.00942786 0.112545 -0.00017073 48 -0.0521743 0.0977142 -0.000203281
328 1 0.594599 0.51587 0 -6.92816e-05 0.000441974 0 0.00903113 0.112028 -0.000278023 48 -0.0522136 0.097461 -0.000329167
329 1 0.632436 0.515877 0 -9.67893e-05 0.000442315 0 0.0084527 0.11123 -0.000375318 48 -0.0522485 0.0970471 -0.000440368
252 1 0.671015 0.384923 0 -0.000109397 0.000300667 0 0.011694 0.108998 -0.00348856 48 -0.0487124 0.0927421 -0.00416408
253 1 0.708995 0.385018 0 -0.000134059 0.000301884 0 0.0105824 0.10777 -0.00402619 48 -0.0489505 0.0922898 -0.00473566
254 1 0.746965 0.385151 0 -0.000158392 0.000303621 0 0.00929319 0.106194 -0.00440946 48 -0.0491493 0.0916087 -0.00508187
255 1 0.784928 0.385333 0 -0.000183195 0.000305837 0 0.00784678 0.1042 -0.00460705 48 -0.0492553 0.0906107 -0.00516152
278 1 0.67064 0.428529 0 -0.000116387 0.000347121 0 0.0096825 0.109581 -0.00240367 48 -0.0505105 0.0946164 -0.00282874
279 1 0.708547 0.428603 0 -0.000141732 0.00034839 0 0.00868318 0.108241 -0.00275777 48 -0.0505986 0.0939594 -0.00319259
280 1 0.746452 0.428706 0 -0.000167908 0.000349957 0 0.00754236 0.106529 -0.00299837 48 -0.0506067 0.0930251 -0.00339289
281 1 0.78436 0.428844 0 -0.000193093 0.000351719 0 0.00628413 0.104379 -0.00310586 48 -0.0504824 0.0917308 -0.00340484
304 1 0.670394 0.472192 0 -0.000120827 0.000395978 0 0.0083641 0.109947 -0.00140313 48 -0.0516772 0.0958342 -0.00163421
305 1 0.708255 0.472239 0 -0.000147819 0.000396085 0 0.00744619 0.10853 -0.00160317 48 -0.0516601 0.0950346 -0.00183433
306 1 0.746118 0.472304 0 -0.000173961 0.000396815 0 0.00641093 0.106726 -0.00173411 48 -0.0515369 0.0939269 -0.00193578
307 1 0.78399 0.47239 0 -0.00020096 0.000398391 0 0.00528372 0.104473 -0.00178541 48 -0.0512569 0.0924337 -0.00192563
330 1 0.670272 0.515889 0 -0.000124429 0.000442782 0 0.00771262 0.110121 -0.000458252 48 -0.0522496 0.0964312 -0.000530644
331 1 0.70811 0.515905 0 -0.000151928 0.000443612 0 0.00683731 0.108666 -0.000522358 48 -0.0521784 0.0955587 -0.000593776
332 1 0.745953 0.515927 0 -0.000179364 0.000444133 0 0.00585668 0.106815 -0.000563376 48 -0.0519884 0.0943632 -0.000624087
333 1 0.783809 0.515956 0 -0.000206428 0.000444081 0 0.00479651 0.104511 -0.000578 48 -0.0516302 0.0927704 -0.000617615
256 1 0.82289 0.385574 0 -0.000207689 0.000310529 0 0.00624679 0.101683 -0.00459887 48 -0.0492112 0.0891885 -0.00495308
257 1 0.860859 0.385888 0 -0.000232178 0.000315061 0 0.00443585 0.0984891 -0.00439374 47 -0.0489795 0.0872281 -0.00448183
258 1 0.898845 0.38628 0 -0.000256921 0.00032107 0 0.00202274 0.094347 -0.0041095 42 -0.0487184 0.084728 -0.00394371
259 1 0.936856 0.386746 0 -0.000280959 0.000326915 0 -0.00201954 0.0890057 -0.00385739 35 -0.0490819 0.0821254 -0.00349733
260 1 0.974889 0.387265 0 -0.000305298 0.000334216 0 -0.00812574 0.0828104 -0.00358561 28 -0.0505715 0.0800386 -0.0030224
282 1 0.822277 0.429027 0 -0.000218756 0.000354002 0 0.00491144 0.101699 -0.00307059 48 -0.0501761 0.0899848 -0.00322034
283 1 0.860213 0.42926 0 -0.000244065 0.000356562 0 0.00336188 0.0983585 -0.00290475 47 -0.0496676 0.0877024 -0.00286588
284 1 0.898179 0.429548 0 -0.000268767 0.000361449 0 0.00119309 0.094097 -0.00269401 42 -0.0491592 0.0849251 -0.00248155
285 1 0.936181 0.429886 0 -0.000293696 0.000367282 0 -0.00252716 0.0887728 -0.00251455 35 -0.0492873 0.0821325 -0.00217397
286 1 0.974215 0.430258 0 -0.000317895 0.000373891 0 -0.0079831 0.0829021 -0.00233312 28 -0.0504508 0.0799465 -0.00186503
308 1 0.82188 0.472504 0 -0.000226894 0.000401127 0 0.00406624 0.101689 -0.0017532 48 -0.0507774 0.0904758 -0.00180194
309 1 0.859796 0.472647 0 -0.000252996 0.000404096 0 0.00269182 0.0982609 -0.00164708 47 -0.0500905 0.0879893 -0.00158381
310 1 0.89775 0.472823 0 -0.000278576 0.000407719 0 0.000687396 0.0939366 -0.00151874 42 -0.049426 0.0850437 -0.00135485
311 1 0.935746 0.473027 0 -0.000303526 0.00041096 0 -0.00281534 0.0886437 -0.00141229 35 -0.0494059 0.0821423 -0.00117603
312 1 0.97378 0.47325 0 -0.000328424 0.00041531 0 -0.00784767 0.0829974 -0.00130919 28 -0.0503638 0.0799037 -0.00100345
334 1 0.821685 0.515994 0 -0.000233406 0.000444863 0 0.00365746 0.101677 -0.000565289 48 -0.0510649 0.0907082 -0.000574223
335 1 0.859591 0.516043 0 -0.000259632 0.000445743 0 0.00237064 0.0982082 -0.000528813 47 -0.0502909 0.0881232 -0.000500779
336 1 0.89754 0.516101 0 -0.000285877 0.000448069 0 0.000448647 0.0938578 -0.000485756 42 -0.0495512 0.0850986 -0.000424921
337 1 0.935533 0.516169 0 -0.000311136 0.000451224 0 -0.00294462 0.0885864 -0.000450461 35 -0.0494596 0.0821481 -0.000366305
338 1 0.973568 0.516243 0 -0.000336117 0.000455059 0 -0.00776748 0.0830553 -0.00041709 28 -0.050318 0.0798874 -0.000310996
339 2 0.0264309 0.559236 0 0.000341312 0.000497715 0 -0.0077647 0.0830545 -0.000431822 28 -0.0503156 0.0798849 -0.000326246
340 2 0.0644652 0.559311 0 0.000316007 0.000497091 0 -0.00294304 0.0885844 -0.000464996 35 -0.0494574 0.0821452 -0.000381562
341 2 0.102459 0.55938 0 0.00029014 0.000496013 0 0.000449514 0.0938548 -0.000499898 42 -0.0495491 0.0850951 -0.000439949
342 2 0.140407 0.55944 0 0.000264008 0.000495684 0 0.00237128 0.0982045 -0.000542697 47 -0.0502886 0.0881191 -0.000515924
343 2 0.178314 0.559489 0 0.000237019 0.00049476 0 0.00365804 0.101673 -0.000578796 48 -0.0510623 0.0907037 -0.000589404
365 2 0.0262158 0.602229 0 0.000343548 0.000538068 0 -0.00783888 0.0829955 -0.00132304 28 -0.0503564 0.0798964 -0.00101784
366 2 0.06425 0.602453 0 0.000318134 0.000537669 0 -0.00281079 0.0886376 -0.0014259 35 -0.0493995 0.0821336 -0.00119036
367 2 0.102246 0.602659 0 0.000291999 0.000537941 0 0.000689873 0.0939275 -0.00153196 42 -0.0494197 0.0850334 -0.00136893
368 2 0.140201 0.602835 0 0.000265482 0.00053879 0 0.00269372 0.0982499 -0.00166004 47 -0.0500836 0.0879774 -0.00159797
369 2 0.178117 0.602979 0 0.000238312 0.00053937 0 0.00406806 0.101677 -0.00176579 48 -0.0507699 0.0904626 -0.00181613
391 2 0.0257784 0.645221 0 0.000342546 0.000580878 0 -0.0079693 0.0828985 -0.0023453 28 -0.0504388 0.0799344 -0.00187778
392 2 0.0638126 0.645594 0 0.000316633 0.000583629 0 -0.0025199 0.0887627 -0.00252639 35 -0.0492769 0.0821183 -0.00218649
393 2 0.101815 0.645933 0 0.000290635 0.000585789 0 0.00119685 0.094082 -0.00270541 42 -0.0491489 0.0849082 -0.00249372
394 2 0.139781 0.646221 0 0.00026356 0.000588179 0 0.00336465 0.0983404 -0.00291586 47 -0.0496565 0.087683 -0.00287808
395 2 0.177718 0.646455 0 0.000236461 0.000589838 0 0.00491404 0.101679 -0.00308136 48 -0.0501641 0.0899633 -0.00323255
417 2 0.0251019 0.688213 0 0.000337917 0.000622569 0 -0.00810734 0.082805 -0.00359513 28 -0.0505551 0.0800219 -0.00303249
418 2 0.0631359 0.688733 0 0.000311936 0.000626835 0 -0.00201025 0.0889915 -0.00386655 35 -0.0490679 0.0821058 -0.00350709
419 2 0.101147 0.6892 0 0.000285484 0.000630033 0 0.00202737 0.0943264 -0.00411822 42 -0.0487046 0.084705 -0.00395308
420 2 0.139134 0.689593 0 0.000258878 0.000633876 0 0.00443911 0.0984644 -0.00440217 47 -0.0489647 0.0872018 -0.00449115
421 2 0.177103 0.689907 0 0.000231667 0.000636743 0 0.00624973 0.101655 -0.00460703 48 -0.0491953 0.0891597 -0.00496242
344 2 0.21619 0.559528 0 0.000209728 0.000494688 0 0.00479707 0.104506 -0.000590789 48 -0.0516275 0.0927656 -0.000632358
345 2 0.254046 0.559558 0 0.000182201 0.000493754 0 0.0058572 0.106811 -0.00057511 48 -0.0519856 0.0943581 -0.000637902
346 2 0.291889 0.55958 0 0.000154483 0.000494517 0 0.00683779 0.108661 -0.00053276 48 -0.0521756 0.0955535 -0.000606237
347 2 0.329727 0.559596 0 0.000126431 0.000495555 0 0.00771308 0.110116 -0.000467086 48 -0.0522467 0.0964259 -0.000541379
370 2 0.216007 0.603093 0 0.000210728 0.000540775 0 0.00528552 0.10446 -0.00179732 48 -0.051249 0.0924195 -0.0019394
371 2 0.25388 0.60318 0 0.000183032 0.000542404 0 0.00641265 0.106712 -0.00174505 48 -0.0515287 0.0939121 -0.0019487
372 2 0.291743 0.603245 0 0.000154777 0.000542884 0 0.00744782 0.108516 -0.00161286 48 -0.0516517 0.0950194 -0.00184599
373 2 0.329604 0.603292 0 0.000126998 0.000543171 0 0.00836563 0.109932 -0.00141137 48 -0.0516688 0.0958186 -0.00164427
396 2 0.215636 0.646639 0 0.000209071 0.000591603 0 0.00628658 0.104357 -0.00311606 48 -0.0504697 0.0917078 -0.00341672
397 2 0.253544 0.646778 0 0.000181068 0.000592394 0 0.00754469 0.106506 -0.00300774 48 -0.0505936 0.0930011 -0.00340406
398 2 0.291449 0.646881 0 0.000153548 0.000594057 0 0.00868531 0.108218 -0.00276609 48 -0.0505851 0.0939347 -0.00320269
399 2 0.329357 0.646955 0 0.000125316 0.000596069 0 0.00968444 0.109557 -0.00241075 48 -0.0504969 0.0945911 -0.00283748
422 2 0.215066 0.690149 0 0.000204309 0.000639869 0 0.00784953 0.10417 -0.00461478 48 -0.0492385 0.09058 -0.00517063
423 2 0.25303 0.690331 0 0.000177061 0.000642371 0 0.00929572 0.106164 -0.00441658 48 -0.0491319 0.0915767 -0.00509048
424 2 0.291001 0.690464 0 0.000149515 0.000644266 0 0.0105847 0.107738 -0.00403254 48 -0.0489328 0.0922568 -0.0047435
425 2 0.328981 0.690559 0 0.000122374 0.000645022 0 0.011696 0.108966 -0.00349399 48 -0.0486945 0.0927085 -0.00417088
348 2 0.367563 0.559608 0 9.86352e-05 0.000496816 0 0.00845309 0.111224 -0.000382388 48 -0.0522455 0.0970417 -0.000449055
349 2 0.405401 0.559615 0 7.03097e-05 0.000497519 0 0.00903153 0.112023 -0.000283187 48 -0.0522107 0.0974555 -0.000335563
350 2 0.443239 0.55962 0 4.2247e-05 0.000497859 0 0.00942825 0.11254 -0.000173869 48 -0.0521714 0.0977087 -0.000207191
351 2 0.48108 0.559622 0 1.4175e-05 0.000498135 0 0.00962989 0.112794 -5.861e-05 48 -0.052147 0.0978284 -7.0033e-05
374 2 0.367466 0.603326 0 9.85078e-05 0.000542467 0 0.00913729 0.111009 -0.00115372 48 -0.0516261 0.0963771 -0.00136117
375 2 0.40533 0.603348 0 7.04871e-05 0.000543005 0 0.00973787 0.111785 -0.000853458 48 -0.0515615 0.0967492 -0.00101569
376 2 0.443197 0.603361 0 4.23586e-05 0.000543028 0 0.0101485 0.112288 -0.000523617 48 -0.0515031 0.0969752 -0.000626543
377 2 0.481065 0.603368 0 1.39245e-05 0.000543103 0 0.0103569 0.112534 -0.000176439 48 -0.0514694 0.0970816 -0.000211676
400 2 0.36727 0.647007 0 9.76431e-05 0.000597843 0 0.010516 0.110574 -0.00196447 48 -0.0503741 0.0950387 -0.00233943
401 2 0.405188 0.647041 0 6.96729e-05 0.000599336 0 0.0111582 0.111306 -0.00144988 48 -0.0502525 0.0953304 -0.00174056
402 2 0.443111 0.647062 0 4.16942e-05 0.000599452 0 0.0115948 0.11178 -0.000888204 48 -0.0501578 0.0955045 -0.00107167
403 2 0.481036 0.647072 0 1.40284e-05 0.000600267 0 0.0118156 0.112013 -0.000299071 48 -0.0501064 0.0955855 -0.000361727
426 2 0.366972 0.690625 0 9.49413e-05 0.000645209 0 0.0126087 0.109897 -0.00283426 48 -0.0484593 0.0929992 -0.00341905
427 2 0.404972 0.690669 0 6.78314e-05 0.000645802 0 0.0133062 0.110568 -0.0020849 48 -0.0482587 0.0931784 -0.00253329
428 2 0.44298 0.690695 0 4.06709e-05 0.000646361 0 0.013777 0.111002 -0.00127446 48 -0.048114 0.0932802 -0.00155559
429 2 0.480993 0.690707 0 1.35265e-05 0.000646467 0 0.0140141 0.111216 -0.000428677 48 -0.0480385 0.093326 -0.00052438
352 2 0.51892 0.559622 0 -1.4175e-05 0.000498135 0 0.00962989 0.112794 5.861e-05 48 -0.052147 0.0978284 7.0033e-05
353 2 0.556761 0.55962 0 -4.2247e-05 0.000497859 0 0.00942825 0.11254 0.000173869 48 -0.0521714 0.0977087 0.000207191
354 2 0.594599 0.559615 0 -7.03097e-05 0.000497519 0 0.00903153 0.112023 0.000283187 48 -0.0522107 0.0974555 0.000335563
355 2 0.632437 0.559608 0 -9.86352e-05 0.000496816 0 0.00845309 0.111224 0.000382388 48 -0.0522455 0.0970417 0.000449055
378 2 0.518935 0.603368 0 -1.39245e-05 0.000543103 0 0.0103569 0.112534 0.000176439 48 -0.0514694 0.0970816 0.000211676
379 2 0.556803 0.603361 0 -4.23586e-05 0.000543028 0 0.0101485 0.112288 0.000523617 48 -0.0515031 0.0969752 0.000626543
380 2 0.59467 0.603348 0 -7.04871e-05 0.000543005 0 0.00973787 0.111785 0.000853458 48 -0.0515615 0.0967492 0.00101569
381 2 0.632534 0.603326 0 -9.85078e-05 0.000542467 0 0.00913729 0.111009 0.00115372 48 -0.0516261 0.0963771 0.00136117
404 2 0.518964 0.647072 0 -1.40284e-05 0.000600267 0 0.0118156 0.112013 0.000299071 48 -0.0501064 0.0955855 0.000361727
405 2 0.556889 0.647062 0 -4.16942e-05 0.000599452 0 0.0115948 0.11178 0.000888204 48 -0.0501578 0.0955045 0.00107167
406 2 0.594812 0.647041 0 -6.96729e-05 0.000599336 0 0.0111582 0.111306 0.00144988 48 -0.0502525 0.0953304 0.00174056
407 2 0.63273 0.647007 0 -9.76431e-05 0.000597843 0 0.010516 0.110574 0.00196447 48 -0.0503741 0.0950387 0.00233943
430 2 0.519007 0.690707 0 -1.35265e-05 0.000646467 0 0.0140141 0.111216 0.000428677 48 -0.0480385 0.093326 0.00052438
431 2 0.55702 0.690695 0 -4.06709e-05 0.000646361 0 0.013777 0.111002 0.00127446 48 -0.048114 0.0932802 0.00155559
432 2 0.595028 0.690669 0 -6.78314e-05 0.000645802 0 0.0133062 0.110568 0.0020849 48 -0.0482587 0.0931784 0.00253329
433 2 0.633028 0.690625 0 -9.49413e-05 0.000645209 0 0.0126087 0.109897 0.00283426 48 -0.0484593 0.0929992 0.00341905
356 2 0.670273 0.559596 0 -0.000126431 0.000495555 0 0.00771308 0.110116 0.000467086 48 -0.0522467 0.0964259 0.000541379
357 2 0.708111 0.55958 0 -0.000154483 0.000494517 0 0.00683779 0.108661 0.00053276 48 -0.0521756 0.0955535 0.000606237
358 2 0.745954 0.559558 0 -0.000182201 0.000493754 0 0.0058572 0.106811 0.00057511 48 -0.0519856 0.0943581 0.000637902
359 2 0.78381 0.559528 0 -0.000209728 0.000494688 0 0.00479707 0.104506 0.000590789 48 -0.0516275 0.0927656 0.000632358
382 2 0.670396 0.603292 0 -0.000126998 0.000543171 0 0.00836563 0.109932 0.00141137 48 -0.0516688 0.0958186 0.00164427
383 2 0.708257 0.603245 0 -0.000154777 0.000542884 0 0.00744782 0.108516 0.00161286 48 -0.0516517 0.0950194 0.00184599
384 2 0.74612 0.60318 0 -0.000183032 0.000542404 0 0.00641265 0.106712 0.00174505 48 -0.0515287 0.0939121 0.0019487
385 2 0.783993 0.603093 0 -0.000210728 0.000540775 0 0.00528552 0.10446 0.00179732 48 -0.051249 0.0924195 0.0019394
408 2 0.670643 0.646955 0 -0.000125316 0.000596069 0 0.00968444 0.109557 0.00241075 48 -0.0504969 0.0945911 0.00283748
409 2 0.708551 0.646881 0 -0.000153548 0.000594057 0 0.00868531 0.108218 0.00276609 48 -0.0505851 0.0939347 0.00320269
410 2 0.746456 0.646778 0 -0.000181068 0.000592394 0 0.00754469 0.106506 0.00300774 48 -0.0505936 0.0930011 0.00340406
411 2 0.784364 0.646639 0 -0.000209071 0.000591603 0 0.00628658 0.104357 0.00311606 48 -0.0504697 0.0917078 0.00341672
434 2 0.671019 0.690559 0 -0.000122374 0.000645022 0 0.011696 0.108966 0.00349399 48 -0.0486945 0.0927085 0.00417088
435 2 0.708999 0.690464 0 -0.000149515 0.000644266 0 0.0105847 0.107738 0.00403254 48 -0.0489328 0.0922568 0.0047435
436 2 0.74697 0.690331 0 -0.000177061 0.000642371 0 0.00929572 0.106164 0.00441658 48 -0.0491319 0.0915767 0.00509048
437 2 0.784934 0.690149 0 -0.000204309 0.000639869 0 0.00784953 0.10417 0.00461478 48 -0.0492385 0.09058 0.00517063
360 2 0.821686 0.559489 0 -0.000237019 0.00049476 0 0.00365804 0.101673 0.000578796 48 -0.0510623 0.0907037 0.000589404
361 2 0.859593 0.55944 0 -0.000264008 0.000495684 0 0.00237128 0.0982045 0.000542697 47 -0.0502886 0.0881191 0.000515924
362 2 0.897541 0.55938 0 -0.00029014 0.000496013 0 0.000449514 0.0938548 0.000499898 42 -0.0495491 0.0850951 0.000439949
363 2 0.935535 0.559311 0 -0.000316007 0.000497091 0 -0.00294304 0.0885844 0.000464996 35 -0.0494574 0.0821452 0.000381562
364 2 0.973569 0.559236 0 -0.000341312 0.000497715 0 -0.0077647 0.0830545 0.000431822 28 -0.0503156 0.0798849 0.000326246
386 2 0.821883 0.602979 0 -0.000238312 0.00053937 0 0.00406806 0.101677 0.00176579 48 -0.0507699 0.0904626 0.00181613
387 2 0.859799 0.602835 0 -0.000265482 0.00053879 0 0.00269372 0.0982499 0.00166004 47 -0.0500836 0.0879774 0.00159797
388 2 0.897754 0.602659 0 -0.000291999 0.000537941 0 0.000689873 0.0939275 0.00153196 42 -0.0494197 0.0850334 0.00136893
389 2 0.93575 0.602453 0 -0.000318134 0.000537669 0 -0.00281079 0.0886376 0.0014259 35 -0.0493995 0.0821336 0.00119036
390 2 0.973784 0.602229 0 -0.000343548 0.000538068 0 -0.00783888 0.0829955 0.00132304 28 -0.0503564 0.0798964 0.00101784
412 2 0.822282 0.646455 0 -0.000236461 0.000589838 0 0.00491404 0.101679 0.00308136 48 -0.0501641 0.0899633 0.00323255
413 2 0.860219 0.646221 0 -0.00026356 0.000588179 0 0.00336465 0.0983404 0.00291586 47 -0.0496565 0.087683 0.00287808
414 2 0.898185 0.645933 0 -0.000290635 0.000585789 0 0.00119685 0.094082 0.00270541 42 -0.0491489 0.0849082 0.00249372
415 2 0.936187 0.645594 0 -0.000316633 0.000583629 0 -0.0025199 0.0887627 0.00252639 35 -0.0492769 0.0821183 0.00218649
416 2 0.974222 0.645221 0 -0.000342546 0.000580878 0 -0.0079693 0.0828985 0.0023453 28 -0.0504388 0.0799344 0.00187778
438 2 0.822897 0.689907 0 -0.000231667 0.000636743 0 0.00624973 0.101655 0.00460703 48 -0.0491953 0.0891597 0.00496242
439 2 0.860866 0.689593 0 -0.000258878 0.000633876 0 0.00443911 0.0984644 0.00440217 47 -0.0489647 0.0872018 0.00449115
440 2 0.898853 0.6892 0 -0.000285484 0.000630033 0 0.00202737 0.0943264 0.00411822 42 -0.0487046 0.084705 0.00395308
441 2 0.936864 0.688733 0 -0.000311936 0.000626835 0 -0.00201025 0.0889915 0.00386655 35 -0.0490679 0.0821058 0.00350709
442 2 0.974898 0.688213 0 -0.000337917 0.000622569 0 -0.00810734 0.082805 0.00359513 28 -0.0505551 0.0800219 0.00303249
443 2 0.0241599 0.731208 0 0.00032894 0.000664795 0 -0.00816474 0.0827775 -0.00518249 28 -0.0506831 0.0801868 -0.00462993
444 2 0.0621941 0.731871 0 0.000302822 0.000670465 0 -0.00118036 0.0893668 -0.00555528 35 -0.0487293 0.0820968 -0.00530606
445 2 0.10022 0.732457 0 0.000276355 0.000676284 0 0.00327281 0.0946638 -0.00587098 42 -0.0480288 0.0843907 -0.00589491
446 2 0.138238 0.732941 0 0.000249683 0.000681339 0 0.00600192 0.0985936 -0.00620685 47 -0.047936 0.0864719 -0.00657212
447 2 0.176256 0.73332 0 0.000222981 0.000684737 0 0.00815477 0.101562 -0.00641429 48 -0.0477829 0.0879734 -0.00712064
469 2 0.0229164 0.774208 0 0.000315178 0.000707789 0 -0.00798967 0.0828983 -0.00723275 28 -0.050768 0.0804493 -0.00684678
470 2 0.0609525 0.775006 0 0.000288972 0.00071641 0 0.000125628 0.0899322 -0.0077086 35 -0.0481805 0.0820701 -0.00775642
471 2 0.0990023 0.775697 0 0.000262662 0.000722717 0 0.00506331 0.095076 -0.00806137 42 -0.0470247 0.0838966 -0.00847289
472 2 0.137067 0.776253 0 0.000236613 0.000728641 0 0.0081668 0.0986663 -0.00840465 47 -0.0464586 0.0853875 -0.0092469
473 2 0.175154 0.776677 0 0.000210363 0.000733438 0 0.0107296 0.101318 -0.00855341 48 -0.0458096 0.0862831 -0.00980017
495 2 0.0213253 0.817219 0 0.000295985 0.000749979 0 -0.00732534 0.0832661 -0.0098832 28 -0.0506885 0.0807955 -0.00989222
496 2 0.0593681 0.818137 0 0.000269572 0.000758849 0 0.00213201 0.0907084 -0.0104396 35 -0.0472784 0.0819524 -0.011044
497 2 0.0974556 0.818909 0 0.000243696 0.000767131 0 0.00756512 0.0954899 -0.0107688 42 -0.0455379 0.0830871 -0.0118312
498 2 0.135588 0.81951 0 0.000218195 0.000773303 0 0.0110651 0.0985553 -0.0110381 47 -0.0443682 0.0837729 -0.0126102
499 2 0.173773 0.819956 0 0.000193385 0.000778672 0 0.0140778 0.100779 -0.0110331 48 -0.0431153 0.0839049 -0.0130461
521 2 0.0193309 0.860248 0 0.000270132 0.000793215 0 -0.00576055 0.0839644 -0.013259 28 -0.0501966 0.0811134 -0.0139924
522 2 0.0573922 0.861256 0 0.000243986 0.000804481 0 0.00511631 0.0916232 -0.0138274 35 -0.0457842 0.0815546 -0.0153365
523 2 0.0955409 0.862075 0 0.000218962 0.000813181 0 0.0109488 0.0957073 -0.0140205 42 -0.0433352 0.0817039 -0.0160656
524 2 0.133775 0.862687 0 0.000194643 0.000820531 0 0.01481 0.0980076 -0.0140821 47 -0.0414359 0.0813387 -0.0166802
525 2 0.172095 0.863122 0 0.000171331 0.000824856 0 0.0182636 0.0996821 -0.0137861 48 -0.039496 0.0805621 -0.016809
448 2 0.214284 0.733608 0 0.000196059 0.000688153 0 0.0100442 0.103848 -0.00634744 48 -0.0474755 0.0889546 -0.00729221
449 2 0.252327 0.73382 0 0.000169512 0.000690151 0 0.0117228 0.105633 -0.00600952 48 -0.0470707 0.0895633 -0.00707586
450 2 0.290389 0.733973 0 0.000143005 0.000692344 0 0.0131893 0.107031 -0.00543718 48 -0.046632 0.0899216 -0.00651641
451 2 0.32847 0.734081 0 0.000116561 0.0006946 0 0.0144304 0.108118 -0.00467641 48 -0.0462101 0.0901194 -0.00567683
474 2 0.213272 0.776992 0 0.000184778 0.000737293 0 0.0129527 0.103305 -0.00834236 48 -0.04507 0.0867128 -0.00984241
475 2 0.251423 0.777219 0 0.000159264 0.000740668 0 0.0148867 0.104832 -0.00779806 48 -0.0443139 0.0868563 -0.00939489
476 2 0.289606 0.77738 0 0.000134035 0.000743166 0 0.0165384 0.106022 -0.00698032 48 -0.0436048 0.0868435 -0.00853725
477 2 0.327818 0.777492 0 0.000109372 0.000744245 0 0.0179079 0.106949 -0.00595216 48 -0.0429834 0.0867584 -0.00735919
500 2 0.212013 0.820275 0 0.00016884 0.000781951 0 0.0166465 0.102397 -0.0105831 48 -0.0418815 0.0836861 -0.0128263
501 2 0.250305 0.8205 0 0.000145186 0.000784683 0 0.0188254 0.103627 -0.0097507 48 -0.0407484 0.0833146 -0.0120261
502 2 0.288644 0.820656 0 0.000121874 0.000786689 0 0.0206385 0.104589 -0.00862433 48 -0.0397665 0.0829125 -0.0107707
503 2 0.327021 0.82076 0 9.90054e-05 0.000788571 0 0.022108 0.105346 -0.00728414 48 -0.0389557 0.0825439 -0.00917895
526 2 0.210497 0.863423 0 0.000149218 0.000829316 0 0.0211369 0.100874 -0.0129786 48 -0.037748 0.0796364 -0.0161508
527 2 0.24897 0.863627 0 0.000127459 0.000832027 0 0.0234982 0.101784 -0.0117692 48 -0.0362589 0.0787471 -0.014857
528 2 0.287501 0.863764 0 0.000106936 0.000834714 0 0.0254042 0.102511 -0.010276 48 -0.0350445 0.0779812 -0.0131038
529 2 0.32608 0.863854 0 8.67281e-05 0.000835575 0 0.02691 0.103102 -0.00859149 48 -0.0340889 0.0773654 -0.0110349
452 2 0.366568 0.734155 0 9.05868e-05 0.000696628 0 0.0154342 0.108944 -0.00377182 48 -0.0458407 0.0902194 -0.00462073
453 2 0.404681 0.734203 0 6.44478e-05 0.000697895 0 0.0161921 0.109539 -0.00276306 48 -0.0455473 0.0902641 -0.00340626
454 2 0.442804 0.734232 0 3.86736e-05 0.000698447 0 0.0166994 0.109925 -0.00168444 48 -0.0453449 0.0902807 -0.00208475
455 2 0.480934 0.734245 0 1.29046e-05 0.000698863 0 0.0169535 0.110116 -0.000565817 48 -0.0452417 0.0902852 -0.000701619
478 2 0.366055 0.777566 0 8.46962e-05 0.000745382 0 0.0189967 0.107655 -0.00476901 48 -0.042473 0.0866521 -0.00594214
479 2 0.404311 0.777614 0 6.03687e-05 0.000745861 0 0.0198081 0.108168 -0.00347675 48 -0.0420852 0.0865544 -0.00435507
480 2 0.442581 0.777643 0 3.62282e-05 0.000746845 0 0.0203461 0.108503 -0.0021129 48 -0.0418252 0.0864822 -0.00265551
481 2 0.480859 0.777656 0 1.1955e-05 0.000746935 0 0.0206141 0.108669 -0.00070865 48 -0.041695 0.0864443 -0.000892066
504 2 0.365429 0.820829 0 7.65937e-05 0.000790261 0 0.0232548 0.105931 -0.00579374 48 -0.0383186 0.0822389 -0.0073475
505 2 0.403862 0.820873 0 5.46204e-05 0.000790883 0 0.0240975 0.106362 -0.00420162 48 -0.0378501 0.0820088 -0.00535169
506 2 0.44231 0.820898 0 3.25105e-05 0.000791647 0 0.0246506 0.106646 -0.00254474 48 -0.037543 0.081856 -0.00325013
507 2 0.480769 0.82091 0 1.10154e-05 0.000791657 0 0.0249246 0.106788 -0.00085206 48 -0.0373912 0.0817801 -0.00108968
530 2 0.364694 0.863911 0 6.69683e-05 0.000837243 0 0.0280619 0.103572 -0.00678147 48 -0.0333656 0.0768975 -0.00875439
531 2 0.403335 0.863946 0 4.74972e-05 0.000837142 0 0.0288958 0.103927 -0.00489115 48 -0.0328483 0.0765643 -0.00633597
532 2 0.441994 0.863966 0 2.86395e-05 0.000838427 0 0.0294377 0.104166 -0.00295201 48 -0.0325158 0.0763515 -0.00383224
533 2 0.480664 0.863975 0 9.22444e-06 0.000838371 0 0.0297046 0.104286 -0.000986739 48 -0.0323533 0.0762481 -0.00128229
456 2 0.519066 0.734245 0 -1.29046e-05 0.000698863 0 0.0169535 0.110116 0.000565817 48 -0.0452417 0.0902852 0.000701619
457 2 0.557196 0.734232 0 -3.86736e-05 0.000698447 0 0.0166994 0.109925 0.00168444 48 -0.0453449 0.0902807 0.00208475
458 2 0.595319 0.734203 0 -6.44478e-05 0.000697895 0 0.0161921 0.109539 0.00276306 48 -0.0455473 0.0902641 0.00340626
459 2 0.633432 0.734155 0 -9.05868e-05 0.000696628 0 0.0154342 0.108944 0.00377182 48 -0.0458407 0.0902194 0.00462073
482 2 0.519141 0.777656 0 -1.1955e-05 0.000746935 0 0.0206141 0.108669 0.00070865 48 -0.041695 0.0864443 0.000892066
483 2 0.557419 0.777643 0 -3.62282e-05 0.000746845 0 0.0203461 0.108503 0.0021129 48 -0.0418252 0.0864822 0.00265551
484 2 0.595689 0.777614 0 -6.03687e-05 0.000745861 0 0.0198081 0.108168 0.00347675 48 -0.0420852 0.0865544 0.00435507
485 2 0.633945 0.777566 0 -8.46962e-05 0.000745382 0 0.0189967 0.107655 0.00476901 48 -0.042473 0.0866521 0.00594214
508 2 0.519231 0.82091 0 -1.10154e-05 0.000791657 0 0.0249246 0.106788 0.00085206 48 -0.0373912 0.0817801 0.00108968
509 2 0.55769 0.820898 0 -3.25105e-05 0.000791647 0 0.0246506 0.106646 0.00254474 48 -0.037543 0.081856 0.00325013
510 2 0.596138 0.820873 0 -5.46204e-05 0.000790883 0 0.0240975 0.106362 0.00420162 48 -0.0378501 0.0820088 0.00535169
511 2 0.634571 0.820829 0 -7.65937e-05 0.000790261 0 0.0232548 0.105931 0.00579374 48 -0.0383186 0.0822389 0.0073475
534 2 0.519336 0.863975 0 -9.22444e-06 0.000838371 0 0.0297046 0.104286 0.000986739 48 -0.0323533 0.0762481 0.00128229
535 2 0.558006 0.863966 0 -2.86395e-05 0.000838427 0 0.0294377 0.104166 0.00295201 48 -0.0325158 0.0763515 0.00383224
536 2 0.596665 0.863946 0 -4.74972e-05 0.000837142 0 0.0288958 0.103927 0.00489115 48 -0.0328483 0.0765643 0.00633597
537 2 0.635306 0.863911 0 -6.69683e-05 0.000837243 0 0.0280619 0.103572 0.00678147 48 -0.0333656 0.0768975 0.00875439
460 2 0.67153 0.734081 0 -0.000116561 0.0006946 0 0.0144304 0.108118 0.00467641 48 -0.0462101 0.0901194 0.00567683
461 2 0.709611 0.733973 0 -0.000143005 0.000692344 0 0.0131893 0.107031 0.00543718 48 -0.046632 0.0899216 0.00651641
462 2 0.747673 0.73382 0 -0.000169512 0.000690151 0 0.0117228 0.105633 0.00600952 48 -0.0470707 0.0895633 0.00707586
463 2 0.785716 0.733608 0 -0.000196059 0.000688153 0 0.0100442 0.103848 0.00634744 48 -0.0474755 0.0889546 0.00729221
486 2 0.672182 0.777492 0 -0.000109372 0.000744245 0 0.0179079 0.106949 0.00595216 48 -0.0429834 0.0867584 0.00735919
487 2 0.710394 0.77738 0 -0.000134035 0.000743166 0 0.0165384 0.106022 0.00698032 48 -0.0436048 0.0868435 0.00853725
488 2 0.748577 0.777219 0 -0.000159264 0.000740668 0 0.0148867 0.104832 0.00779806 48 -0.0443139 0.0868563 0.00939489
489 2 0.786728 0.776992 0 -0.000184778 0.000737293 0 0.0129527 0.103305 0.00834236 48 -0.04507 0.0867128 0.00984241
512 2 0.672979 0.82076 0 -9.90054e-05 0.000788571 0 0.022108 0.105346 0.00728414 48 -0.0389557 0.0825439 0.00917895
513 2 0.711356 0.820656 0 -0.000121874 0.000786689 0 0.0206385 0.104589 0.00862433 48 -0.0397665 0.0829125 0.0107707
514 2 0.749695 0.8205 0 -0.000145186 0.000784683 0 0.0188254 0.103627 0.0097507 48 -0.0407484 0.0833146 0.0120261
515 2 0.787987 0.820275 0 -0.00016884 0.000781951 0 0.0166465 0.102397 0.0105831 48 -0.0418815 0.0836861 0.0128263
538 2 0.67392 0.863854 0 -8.67281e-05 0.000835575 0 0.02691 0.103102 0.00859149 48 -0.0340889 0.0773654 0.0110349
539 2 0.712499 0.863764 0 -0.000106936 0.000834714 0 0.0254042 0.102511 0.010276 48 -0.0350445 0.0779812 0.0131038
540 2 0.75103 0.863627 0 -0.000127459 0.000832027 0 0.0234982 0.101784 0.0117692 48 -0.0362589 0.0787471 0.014857
541 2 0.789503 0.863423 0 -0.000149218 0.000829316 0 0.0211369 0.100874 0.0129786 48 -0.037748 0.0796364 0.0161508
464 2 0.823744 0.73332 0 -0.000222981 0.000684737 0 0.00815477 0.101562 0.00641429 48 -0.0477829 0.0879734 0.00712064
465 2 0.861762 0.732941 0 -0.000249683 0.000681339 0 0.00600192 0.0985936 0.00620685 47 -0.047936 0.0864719 0.00657212
466 2 0.89978 0.732457 0 -0.000276355 0.000676284 0 0.00327281 0.0946638 0.00587098 42 -0.0480288 0.0843907 0.00589491
467 2 0.937806 0.731871 0 -0.000302822 0.000670465 0 -0.00118036 0.0893668 0.00555528 35 -0.0487293 0.0820968 0.00530606
468 2 0.97584 0.731208 0 -0.00032894 0.000664795 0 -0.00816474 0.0827775 0.00518249 28 -0.0506831 0.0801868 0.00462993
490 2 0.824846 0.776677 0 -0.000210363 0.000733438 0 0.0107296 0.101318 0.00855341 48 -0.0458096 0.0862831 0.00980017
491 2 0.862933 0.776253 0 -0.000236613 0.000728641 0 0.0081668 0.0986663 0.00840465 47 -0.0464586 0.0853875 0.0092469
492 2 0.900998 0.775697 0 -0.000262662 0.000722717 0 0.00506331 0.095076 0.00806137 42 -0.0470247 0.0838966 0.00847289
493 2 0.939048 0.775006 0 -0.000288972 0.00071641 0 0.000125628 0.0899322 0.0077086 35 -0.0481805 0.0820701 0.00775642
494 2 0.977084 0.774208 0 -0.000315178 0.000707789 0 -0.00798967 0.0828983 0.00723275 28 -0.050768 0.0804493 0.00684678
516 2 0.826227 0.819956 0 -0.000193385 0.000778672 0 0.0140778 0.100779 0.0110331 48 -0.0431153 0.0839049 0.0130461
517 2 0.864412 0.81951 0 -0.000218195 0.000773303 0 0.0110651 0.0985553 0.0110381 47 -0.0443682 0.0837729 0.0126102
518 2 0.902544 0.818909 0 -0.000243696 0.000767131 0 0.00756512 0.0954899 0.0107688 42 -0.0455379 0.0830871 0.0118312
519 2 0.940632 0.818137 0 -0.000269572 0.000758849 0 0.00213201 0.0907084 0.0104396 35 -0.0472784 0.0819524 0.011044
520 2 0.978675 0.817219 0 -0.000295985 0.000749979 0 -0.00732534 0.0832661 0.0098832 28 -0.0506885 0.0807955 0.00989222
542 2 0.827905 0.863122 0 -0.000171331 0.000824856 0 0.0182636 0.0996821 0.0137861 48 -0.039496 0.0805621 0.016809
543 2 0.866225 0.862687 0 -0.000194643 0.000820531 0 0.01481 0.0980076 0.0140821 47 -0.0414359 0.0813387 0.0166802
544 2 0.904459 0.862075 0 -0.000218962 0.000813181 0 0.0109488 0.0957073 0.0140205 42 -0.0433352 0.0817039 0.0160656
545 2 0.942608 0.861256 0 -0.000243986 0.000804481 0 0.00511631 0.0916232 0.0138274 35 -0.0457842 0.0815546 0.0153365
546 2 0.980669 0.860248 0 -0.000270132 0.000793215 0 -0.00576055 0.0839644 0.013259 28 -0.0501966 0.0811134 0.0139924
547 2 0.0168714 0.903298 0 0.000237163 0.000835778 0 -0.00268119 0.0850125 -0.0174268 28 -0.0488367 0.0810975 -0.0193526
548 2 0.0549774 0.904349 0 0.000211655 0.000847047 0 0.00933984 0.0923975 -0.0178706 35 -0.0433405 0.0804882 -0.0207308
549 2 0.0932253 0.905164 0 0.000187862 0.000855492 0 0.0153285 0.095315 -0.0177445 42 -0.0400889 0.0793004 -0.0211624
550 2 0.131606 0.905743 0 0.000165669 0.00086166 0 0.0194506 0.0965901 -0.0173964 47 -0.0373617 0.0776412 -0.021332
551 2 0.170111 0.906133 0 0.000144946 0.000866777 0 0.0232589 0.0976127 -0.0166269 48 -0.034714 0.0758664 -0.0208811
573 2 0.0138939 0.946367 0 0.000196258 0.0008788 0 0.00254062 0.0863259 -0.0227041 27 -0.0460766 0.0804102 -0.0265476
574 2 0.0520904 0.94738 0 0.000171851 0.000889834 0 0.0154628 0.0929601 -0.0226836 34 -0.0393637 0.0783452 -0.0275065
575 2 0.090495 0.948122 0 0.000149866 0.000898248 0 0.0211647 0.0941458 -0.021856 41 -0.0352948 0.0754426 -0.0271017
576 2 0.129087 0.948615 0 0.000130467 0.000903772 0 0.0252873 0.09414 -0.0207636 46 -0.0317547 0.0723184 -0.0263299
577 2 0.167841 0.948926 0 0.000112964 0.000907473 0 0.0292047 0.0944409 -0.0192862 47 -0.0285213 0.0695811 -0.0249231
599 2 0.0104134 0.989409 0 0.000147205 0.000920789 0 0.00939846 0.0878332 -0.0288231 24 -0.0421636 0.0793338 -0.0352528
600 2 0.0487498 0.990273 0 0.000124895 0.000929804 0 0.0253556 0.0952432 -0.0279187 30 -0.0332733 0.0757542 -0.0352921
601 2 0.0873876 0.990857 0 0.000106646 0.000935616 0 0.0310121 0.0949945 -0.0260238 36 -0.0282861 0.0711264 -0.0335058
602 2 0.12628 0.991212 0 9.13113e-05 0.000939383 0 0.0344625 0.0934801 -0.0238192 41 -0.024298 0.0666348 -0.031188
603 2 0.165359 0.991416 0 7.8296e-05 0.000942121 0 0.0377947 0.0928747 -0.0214405 42 -0.0209197 0.0631565 -0.0284641
625 2 0.00645222 1.03238 0 9.05194e-05 0.000961556 0 0.0158642 0.0895129 -0.035937 20 -0.0386661 0.0793632 -0.0453978
626 2 0.0449409 1.03294 0 7.06438e-05 0.00096658 0 0.041595 0.102643 -0.0332501 25 -0.0247188 0.0742994 -0.0436152
627 2 0.0839557 1.03326 0 5.72598e-05 0.000969529 0 0.0457024 0.100285 -0.0298679 30 -0.0195702 0.0680258 -0.0397463
628 2 0.123277 1.03344 0 4.76499e-05 0.000971681 0 0.0472705 0.0968302 -0.0263639 34 -0.0158686 0.0624301 -0.0354926
629 2 0.16277 1.03353 0 4.0462e-05 0.000972492 0 0.0487836 0.0947606 -0.0230318 35 -0.0130654 0.0584412 -0.0312807
651 2 0 1.07547 0 0 0.001 0 0.0835959 0.133791 -0.0452772 16 -0.00896413 0.0830083 -0.0621657
652 2 0.04 1.07547 0 0 0.001 0 0.0670943 0.116441 -0.0395234 20 -0.0121083 0.0739143 -0.0538218
653 2 0.08 1.07547 0 0 0.001 0 0.0604711 0.105737 -0.033594 24 -0.010737 0.0652213 -0.0458941
654 2 0.12 1.07547 0 0 0.001 0 0.05827 0.0995549 -0.028485 27 -0.00842792 0.0587839 -0.0391435
655 2 0.16 1.07547 0 0 0.001 0 0.0575607 0.0962683 -0.0242784 28 -0.00670617 0.0547663 -0.0335107
552 2 0.208724 0.90639 0 0.000125338 0.000869375 0 0.0263082 0.0983401 -0.0153303 48 -0.0325105 0.0742503 -0.0195728
553 2 0.247423 0.906558 0 0.000107071 0.000871684 0 0.0287104 0.0989217 -0.0136664 48 -0.0307598 0.0729104 -0.0176472
554 2 0.286188 0.906665 0 8.91644e-05 0.000872891 0 0.0305791 0.0994199 -0.0117729 48 -0.0294114 0.0718627 -0.0153222
555 2 0.325004 0.906734 0 7.22618e-05 0.00087377 0 0.032014 0.0998531 -0.00974237 48 -0.0283973 0.0710765 -0.0127497
578 2 0.206721 0.949119 0 9.69785e-05 0.000909611 0 0.0321486 0.094683 -0.0173773 47 -0.026059 0.0674121 -0.0227421
579 2 0.245694 0.949238 0 8.22081e-05 0.000912025 0 0.0343362 0.0949339 -0.0152185 47 -0.0242444 0.0657796 -0.0200855
580 2 0.284733 0.949312 0 6.84398e-05 0.000913042 0 0.0359654 0.0952083 -0.0129368 47 -0.0229272 0.0645908 -0.0171718
581 2 0.323821 0.949356 0 5.51406e-05 0.000914257 0 0.0371807 0.0954913 -0.0106018 47 -0.0219801 0.0637453 -0.0141279
604 2 0.204565 0.991533 0 6.70385e-05 0.000943363 0 0.0400704 0.0925111 -0.0188817 42 -0.0185913 0.0606769 -0.0252894
605 2 0.243854 0.991601 0 5.66404e-05 0.000944603 0 0.041642 0.0923588 -0.0162704 42 -0.0170089 0.0589534 -0.0219153
606 2 0.283197 0.991641 0 4.70828e-05 0.000944525 0 0.042763 0.0923642 -0.0136749 42 -0.0159274 0.0577698 -0.0184876
607 2 0.322578 0.991663 0 3.79336e-05 0.000945195 0 0.0435844 0.0924672 -0.0111186 42 -0.0151823 0.0569639 -0.015069
630 2 0.202352 1.03357 0 3.4346e-05 0.000973068 0 0.0496943 0.0935057 -0.0198907 35 -0.0113106 0.0558362 -0.0271585
631 2 0.241984 1.0336 0 2.88116e-05 0.000973656 0 0.0502904 0.092819 -0.0169265 35 -0.0102054 0.0541456 -0.023186
632 2 0.281646 1.03361 0 2.38824e-05 0.000973875 0 0.0507241 0.092494 -0.0141113 35 -0.00948946 0.0530392 -0.0193691
633 2 0.321328 1.03362 0 1.93078e-05 0.000974114 0 0.0510634 0.092386 -0.0114124 35 -0.00901344 0.0523115 -0.0156854
656 2 0.2 1.07547 0 0 0.001 0 0.057207 0.0945231 -0.0206889 28 -0.00569253 0.0523674 -0.0286297
657 2 0.24 1.07547 0 0 0.001 0 0.0570475 0.0936403 -0.0174782 28 -0.00508764 0.0509008 -0.0242227
658 2 0.28 1.07547 0 0 0.001 0 0.0570071 0.0932375 -0.0145116 28 -0.00471087 0.0499788 -0.0201295
659 2 0.32 1.07547 0 0 0.001 0 0.0570385 0.0931006 -0.0117078 28 -0.00446642 0.0493903 -0.0162496
556 2 0.363858 0.906776 0 5.57699e-05 0.000874979 0 0.0330891 0.100218 -0.00763178 48 -0.027656 0.0705086 -0.0100261
557 2 0.402738 0.9068 0 3.95539e-05 0.000875105 0 0.0338563 0.100504 -0.00547526 48 -0.0271394 0.070119 -0.00721173
558 2 0.441636 0.906814 0 2.35298e-05 0.000875666 0 0.0343503 0.100702 -0.00329343 48 -0.0268132 0.0698766 -0.00434493
559 2 0.480544 0.90682 0 8.02781e-06 0.00087541 0 0.0345923 0.100803 -0.00109907 48 -0.0266554 0.0697605 -0.00145109
582 2 0.362942 0.949381 0 4.24245e-05 0.00091494 0 0.038075 0.0957566 -0.00824753 47 -0.0213106 0.063159 -0.0110203
583 2 0.402086 0.949396 0 3.01624e-05 0.000914792 0 0.0387063 0.0959788 -0.00588898 47 -0.0208553 0.0627688 -0.00788308
584 2 0.441246 0.949403 0 1.78673e-05 0.000915726 0 0.0391103 0.0961378 -0.00353182 47 -0.0205724 0.0625312 -0.00473302
585 2 0.480414 0.949406 0 6.06721e-06 0.000915719 0 0.0393076 0.0962206 -0.00117695 47 -0.0204368 0.0624188 -0.00157808
608 2 0.361984 0.991674 0 2.92227e-05 0.000945202 0 0.0441866 0.0926124 -0.00860277 42 -0.0146713 0.0564234 -0.0116789
609 2 0.401406 0.99168 0 2.05959e-05 0.000945646 0 0.0446129 0.0927563 -0.00612054 42 -0.014331 0.0560726 -0.00831836
610 2 0.44084 0.991683 0 1.25368e-05 0.000945546 0 0.044887 0.0928681 -0.00366263 42 -0.0141226 0.0558628 -0.00498122
611 2 0.480279 0.991684 0 3.90649e-06 0.000945433 0 0.0450213 0.0929287 -0.00121926 42 -0.0140235 0.0557647 -0.00165875
634 2 0.361022 1.03362 0 1.47126e-05 0.000974326 0 0.0513311 0.0923943 -0.00879897 35 -0.00869464 0.0518358 -0.0121043
635 2 0.400725 1.03362 0 1.05852e-05 0.000974196 0 0.051533 0.0924506 -0.0062459 35 -0.00848573 0.0515332 -0.0085971
636 2 0.440433 1.03362 0 6.10798e-06 0.000974436 0 0.0516689 0.0925103 -0.00373253 35 -0.00835906 0.0513549 -0.00513941
637 2 0.480144 1.03362 0 2.22111e-06 0.000974493 0 0.0517374 0.0925464 -0.00124174 35 -0.00829922 0.0512723 -0.00171007
660 2 0.36 1.07547 0 0 0.001 0 0.057104 0.0931009 -0.00901374 28 -0.00430524 0.0490152 -0.0125151
661 2 0.4 1.07547 0 0 0.001 0 0.0571754 0.0931576 -0.00639278 28 -0.00420068 0.0487818 -0.00887814
662 2 0.44 1.07547 0 0 0.001 0 0.057233 0.0932201 -0.00381844 28 -0.00413769 0.0486468 -0.00530372
663 2 0.48 1.07547 0 0 0.001 0 0.0572647 0.0932583 -0.00127004 28 -0.00410804 0.048585 -0.00176417
560 2 0.519456 0.90682 0 -8.02781e-06 0.00087541 0 0.0345923 0.100803 0.00109907 48 -0.0266554 0.0697605 0.00145109
561 2 0.558364 0.906814 0 -2.35298e-05 0.000875666 0 0.0343503 0.100702 0.00329343 48 -0.0268132 0.0698766 0.00434493
562 2 0.597262 0.9068 0 -3.95539e-05 0.000875105 0 0.0338563 0.100504 0.00547526 48 -0.0271394 0.070119 0.00721173
563 2 0.636142 0.906776 0 -5.57699e-05 0.000874979 0 0.0330891 0.100218 0.00763178 48 -0.027656 0.0705086 0.0100261
586 2 0.519586 0.949406 0 -6.06721e-06 0.000915719 0 0.0393076 0.0962206 0.00117695 47 -0.0204368 0.0624188 0.00157808
587 2 0.558754 0.949403 0 -1.78673e-05 0.000915726 0 0.0391103 0.0961378 0.00353182 47 -0.0205724 0.0625312 0.00473302
588 2 0.597914 0.949396 0 -3.01624e-05 0.000914792 0 0.0387063 0.0959788 0.00588898 47 -0.0208553 0.0627688 0.00788308
589 2 0.637058 0.949381 0 -4.24245e-05 0.00091494 0 0.038075 0.0957566 0.00824753 47 -0.0213106 0.063159 0.0110203
612 2 0.519721 0.991684 0 -3.90649e-06 0.000945433 0 0.0450213 0.0929287 0.00121926 42 -0.0140235 0.0557647 0.00165875
613 2 0.55916 0.991683 0 -1.25368e-05 0.000945546 0 0.044887 0.0928681 0.00366263 42 -0.0141226 0.0558628 0.00498122
614 2 0.598594 0.99168 0 -2.05959e-05 0.000945646 0 0.0446129 0.0927563 0.00612054 42 -0.014331 0.0560726 0.00831836
615 2 0.638016 0.991674 0 -2.92227e-05 0.000945202 0 0.0441866 0.0926124 0.00860277 42 -0.0146713 0.0564234 0.0116789
638 2 0.519856 1.03362 0 -2.22111e-06 0.000974493 0 0.0517374 0.0925464 0.00124174 35 -0.00829922 0.0512723 0.00171007
639 2 0.559567 1.03362 0 -6.10798e-06 0.000974436 0 0.0516689 0.0925103 0.00373253 35 -0.00835906 0.0513549 0.00513941
640 2 0.599275 1.03362 0 -1.05852e-05 0.000974196 0 0.051533 0.0924506 0.0062459 35 -0.00848573 0.0515332 0.0085971
641 2 0.638978 1.03362 0 -1.47126e-05 0.000974326 0 0.0513311 0.0923943 0.00879897 35 -0.00869464 0.0518358 0.0121043
664 2 0.52 1.07547 0 0 0.001 0 0.0572647 0.0932583 0.00127004 28 -0.00410804 0.048585 0.00176417
665 2 0.56 1.07547 0 0 0.001 0 0.057233 0.0932201 0.00381844 28 -0.00413769 0.0486468 0.00530372
666 2 0.6 1.07547 0 0 0.001 0 0.0571754 0.0931576 0.00639278 28 -0.00420068 0.0487818 0.00887814
667 2 0.64 1.07547 0 0 0.001 0 0.057104 0.0931009 0.00901374 28 -0.00430524 0.0490152 0.0125151
564 2 0.674996 0.906734 0 -7.22618e-05 0.00087377 0 0.032014 0.0998531 0.00974237 48 -0.0283973 0.0710765 0.0127497
565 2 0.713812 0.906665 0 -8.91644e-05 0.000872891 0 0.0305791 0.0994199 0.0117729 48 -0.0294114 0.0718627 0.0153222
566 2 0.752577 0.906558 0 -0.000107071 0.000871684 0 0.0287104 0.0989217 0.0136664 48 -0.0307598 0.0729104 0.0176472
567 2 0.791276 0.90639 0 -0.000125338 0.000869375 0 0.0263082 0.0983401 0.0153303 48 -0.0325105 0.0742503 0.0195728
590 2 0.676179 0.949356 0 -5.51406e-05 0.000914257 0 0.0371807 0.0954913 0.0106018 47 -0.0219801 0.0637453 0.0141279
591 2 0.715267 0.949312 0 -6.84398e-05 0.000913042 0 0.0359654 0.0952083 0.0129368 47 -0.0229272 0.0645908 0.0171718
592 2 0.754306 0.949238 0 -8.22081e-05 0.000912025 0 0.0343362 0.0949339 0.0152185 47 -0.0242444 0.0657796 0.0200855
593 2 0.793279 0.949119 0 -9.69785e-05 0.000909611 0 0.0321486 0.094683 0.0173773 47 -0.026059 0.0674121 0.0227421
616 2 0.677422 0.991663 0 -3.79336e-05 0.000945195 0 0.0435844 0.0924672 0.0111186 42 -0.0151823 0.0569639 0.015069
617 2 0.716803 0.991641 0 -4.70828e-05 0.000944525 0 0.042763 0.0923642 0.0136749 42 -0.0159274 0.0577698 0.0184876
618 2 0.756146 0.991601 0 -5.66404e-05 0.000944603 0 0.041642 0.0923588 0.0162704 42 -0.0170089 0.0589534 0.0219153
619 2 0.795435 0.991533 0 -6.70385e-05 0.000943363 0 0.0400704 0.0925111 0.0188817 42 -0.0185913 0.0606769 0.0252894
642 2 0.678672 1.03362 0 -1.93078e-05 0.000974114 0 0.0510634 0.092386 0.0114124 35 -0.00901344 0.0523115 0.0156854
643 2 0.718354 1.03361 0 -2.38824e-05 0.000973875 0 0.0507241 0.092494 0.0141113 35 -0.00948946 0.0530392 0.0193691
644 2 0.758016 1.0336 0 -2.88116e-05 0.000973656 0 0.0502904 0.092819 0.0169265 35 -0.0102054 0.0541456 0.023186
645 2 0.797648 1.03357 0 -3.4346e-05 0.000973068 0 0.0496943 0.0935057 0.0198907 35 -0.0113106 0.0558362 0.0271585
668 2 0.68 1.07547 0 0 0.001 0 0.0570385 0.0931006 0.0117078 28 -0.00446642 0.0493903 0.0162496
669 2 0.72 1.07547 0 0 0.001 0 0.0570071 0.0932375 0.0145116 28 -0.00471087 0.0499788 0.0201295
670 2 0.76 1.07547 0 0 0.001 0 0.0570475 0.0936403 0.0174782 28 -0.00508764 0.0509008 0.0242227
671 2 0.8 1.07547 0 0 0.001 0 0.057207 0.0945231 0.0206889 28 -0.00569253 0.0523674 0.0286297
568 2 0.829889 0.906133 0 -0.000144946 0.000866777 0 0.0232589 0.0976127 0.0166269 48 -0.034714 0.0758664 0.0208811
569 2 0.868394 0.905743 0 -0.000165669 0.00086166 0 0.0194506 0.0965901 0.0173964 47 -0.0373617 0.0776412 0.021332
570 2 0.906775 0.905164 0 -0.000187862 0.000855492 0 0.0153285 0.095315 0.0177445 42 -0.0400889 0.0793004 0.0211624
571 2 0.945023 0.904349 0 -0.000211655 0.000847047 0 0.00933984 0.0923975 0.0178706 35 -0.0433405 0.0804882 0.0207308
572 2 0.983129 0.903298 0 -0.000237163 0.000835778 0 -0.00268119 0.0850125 0.0174268 28 -0.0488367 0.0810975 0.0193526
594 2 0.832159 0.948926 0 -0.000112964 0.000907473 0 0.0292047 0.0944409 0.0192862 47 -0.0285213 0.0695811 0.0249231
595 2 0.870913 0.948615 0 -0.000130467 0.000903772 0 0.0252873 0.09414 0.0207636 46 -0.0317547 0.0723184 0.0263299
596 2 0.909505 0.948122 0 -0.000149866 0.000898248 0 0.0211647 0.0941458 0.021856 41 -0.0352948 0.0754426 0.0271017
597 2 0.94791 0.94738 0 -0.000171851 0.000889834 0 0.0154628 0.0929601 0.0226836 34 -0.0393637 0.0783452 0.0275065
598 2 0.986106 0.946367 0 -0.000196258 0.0008788 0 0.00254062 0.0863259 0.0227041 27 -0.0460766 0.0804102 0.0265476
620 2 0.834641 0.991416 0 -7.8296e-05 0.000942121 0 0.0377947 0.0928747 0.0214405 42 -0.0209197 0.0631565 0.0284641
621 2 0.87372 0.991212 0 -9.13113e-05 0.000939383 0 0.0344625 0.0934801 0.0238192 41 -0.024298 0.0666348 0.031188
622 2 0.912612 0.990857 0 -0.000106646 0.000935616 0 0.0310121 0.0949945 0.0260238 36 -0.0282861 0.0711264 0.0335058
623 2 0.95125 0.990273 0 -0.000124895 0.000929804 0 0.0253556 0.0952432 0.0279187 30 -0.0332733 0.0757542 0.0352921
624 2 0.989587 0.989409 0 -0.000147205 0.000920789 0 0.00939846 0.0878332 0.0288231 24 -0.0421636 0.0793338 0.0352528
646 2 0.83723 1.03353 0 -4.0462e-05 0.000972492 0 0.0487836 0.0947606 0.0230318 35 -0.0130654 0.0584412 0.0312807
647 2 0.876723 1.03344 0 -4.76499e-05 0.000971681 0 0.0472705 0.0968302 0.0263639 34 -0.0158686 0.0624301 0.0354926
648 2 0.916044 1.03326 0 -5.72598e-05 0.000969529 0 0.0457024 0.100285 0.0298679 30 -0.0195702 0.0680258 0.0397463
649 2 0.955059 1.03294 0 -7.06438e-05 0.00096658 0 0.041595 0.102643 0.0332501 25 -0.0247188 0.0742994 0.0436152
650 2 0.993548 1.03238 0 -9.05194e-05 0.000961556 0 0.0158642 0.0895129 0.035937 20 -0.0386661 0.0793632 0.0453978
672 2 0.84 1.07547 0 0 0.001 0 0.0575607 0.0962683 0.0242784 28 -0.00670617 0.0547663 0.0335107
673 2 0.88 1.07547 0 0 0.001 0 0.05827 0.0995549 0.028485 27 -0.00842792 0.0587839 0.0391435
674 2 0.92 1.07547 0 0 0.001 0 0.0604711 0.105737 0.033594 24 -0.010737 0.0652213 0.0458941
675 2 0.96 1.07547 0 0 0.001 0 0.0670943 0.116441 0.0395234 20 -0.0121083 0.0739143 0.0538218
676 2 1 1.07547 0 0 0.001 0 0.0835959 0.133791 0.0452772 16 -0.00896413 0.0830083 0.0621657
