1 1 0 0 0 0 0 0 0.0728884 0.117544 0.0390735 16 -0.0078062 0.070954 0.0537417
2 1 0.04 0 0 0 0 0 0.0583281 0.101913 0.0340428 20 -0.0105244 0.0631146 0.0464937
3 1 0.08 0 0 0 0 0 0.0523992 0.0921244 0.0289215 24 -0.00931283 0.0556341 0.0396179
4 1 0.12 0 0 0 0 0 0.050391 0.0864391 0.0245287 27 -0.00729218 0.0501204 0.0337786
5 1 0.16 0 0 0 0 0 0.0497439 0.0834253 0.0209144 28 -0.00578999 0.0467129 0.0289155
27 1 0.00558214 0.0427078 0 7.83654e-05 3.49481e-05 0 0.0138174 0.0783709 0.0306667 20 -0.0336784 0.0678078 0.0392012
28 1 0.0442654 0.0421983 0 6.04851e-05 2.99771e-05 0 0.0360589 0.0895126 0.0285159 25 -0.0214743 0.0634642 0.0376916
29 1 0.0834108 0.041909 0 4.83255e-05 2.76026e-05 0 0.0395226 0.0871883 0.0256572 30 -0.0169782 0.0580752 0.0343498
30 1 0.122824 0.0417501 0 3.98166e-05 2.53237e-05 0 0.0408333 0.0839767 0.0226768 34 -0.0137396 0.0532798 0.0306757
31 1 0.162387 0.0416725 0 3.34332e-05 2.46849e-05 0 0.0421297 0.0820504 0.0198314 35 -0.0112911 0.0498847 0.0270378
53 1 0.00900009 0.0852806 0 0.000126755 7.21775e-05 0 0.00821813 0.0765828 0.0245195 24 -0.0366384 0.0677757 0.0304609
54 1 0.0475563 0.0845064 0 0.00010663 6.3419e-05 0 0.0219112 0.0828251 0.0238587 30 -0.0289055 0.0647109 0.0305246
55 1 0.0863753 0.0839847 0 9.00418e-05 5.77393e-05 0 0.0267561 0.0824484 0.0222952 36 -0.0245525 0.060746 0.0289964
56 1 0.125417 0.0836698 0 7.64716e-05 5.29943e-05 0 0.0297426 0.081013 0.0204542 41 -0.0210583 0.0569045 0.0270063
57 1 0.164621 0.0834906 0 6.53328e-05 5.16133e-05 0 0.0326409 0.080405 0.0184467 42 -0.0181024 0.0539451 0.0246576
79 1 0.0120112 0.127907 0 0.000168929 0.000109685 0 0.00219442 0.0749831 0.0192425 27 -0.0400486 0.0686871 0.022968
80 1 0.0504474 0.127004 0 0.000146658 9.91744e-05 0 0.013311 0.0806495 0.0193238 34 -0.0342055 0.0669315 0.0238318
81 1 0.0890649 0.126344 0 0.000127103 9.21428e-05 0 0.0182357 0.0816105 0.0186805 41 -0.0306507 0.0644582 0.0235063
82 1 0.127846 0.125908 0 0.000109898 8.63282e-05 0 0.0218307 0.0815558 0.0178058 46 -0.0275455 0.0617953 0.0228604
83 1 0.166768 0.125635 0 9.43585e-05 8.28277e-05 0 0.0252481 0.0817712 0.0165835 47 -0.0247118 0.0594676 0.0216532
105 1 0.0145906 0.170552 0 0.000204611 0.000148976 0 -0.00239067 0.0736052 0.0147102 28 -0.0424595 0.0692434 0.0167699
106 1 0.0529494 0.169618 0 0.000181304 0.000137725 0 0.00799543 0.079998 0.0151781 35 -0.0376673 0.0687476 0.0180004
107 1 0.0914315 0.168895 0 0.000159895 0.000128612 0 0.0132023 0.0825345 0.0151348 42 -0.0348246 0.0677568 0.0184034
108 1 0.130029 0.168383 0 0.000139909 0.00012197 0 0.0168105 0.0836429 0.0148997 47 -0.0324315 0.0663565 0.018576
109 1 0.168736 0.168041 0 0.000121759 0.000116877 0 0.0201384 0.0845152 0.0142893 48 -0.0301087 0.0648526 0.0181989
6 1 0.2 0 0 0 0 0 0.0494382 0.0818392 0.0178275 28 -0.00490916 0.0447081 0.0247042
7 1 0.24 0 0 0 0 0 0.0493132 0.0810432 0.015064 28 -0.00438574 0.0435031 0.0209023
8 1 0.28 0 0 0 0 0 0.0492943 0.0806816 0.0125092 28 -0.004061 0.0427592 0.0173712
9 1 0.32 0 0 0 0 0 0.0493366 0.0805585 0.0100936 28 -0.00385098 0.0422931 0.0140239
32 1 0.202027 0.0416336 0 2.83475e-05 2.38514e-05 0 0.042919 0.0808915 0.0171368 35 -0.00976375 0.0476912 0.0234742
33 1 0.24171 0.0416133 0 2.35237e-05 2.37363e-05 0 0.0434437 0.0802609 0.0145876 35 -0.00880523 0.0462858 0.0200393
34 1 0.281419 0.0416031 0 1.95623e-05 2.34038e-05 0 0.0438304 0.0799625 0.0121636 35 -0.00818648 0.0453787 0.0167393
35 1 0.321145 0.0415985 0 1.56577e-05 2.32375e-05 0 0.0441352 0.0798614 0.00983831 35 -0.00777629 0.0447903 0.0135551
58 1 0.203936 0.0833886 0 5.52573e-05 4.9247e-05 0 0.0346226 0.0800357 0.016263 42 -0.0160707 0.051852 0.0219094
59 1 0.243323 0.0833299 0 4.68225e-05 4.82787e-05 0 0.0359939 0.0798713 0.0140222 42 -0.0146939 0.0504114 0.0189848
60 1 0.282757 0.0832964 0 3.86673e-05 4.79677e-05 0 0.0369743 0.0798577 0.0117891 42 -0.0137557 0.0494326 0.0160133
61 1 0.322223 0.0832779 0 3.11526e-05 4.71474e-05 0 0.0376942 0.0799371 0.00958706 42 -0.013111 0.0487736 0.0130505
84 1 0.205801 0.125467 0 8.08752e-05 8.06963e-05 0 0.0278139 0.0819422 0.0149663 47 -0.022558 0.0576324 0.0197621
85 1 0.244914 0.125363 0 6.80758e-05 7.90894e-05 0 0.0297203 0.0821317 0.0131191 47 -0.0209741 0.056261 0.0174522
86 1 0.284085 0.125301 0 5.64307e-05 7.83098e-05 0 0.0311405 0.0823512 0.0111578 47 -0.0198271 0.0552705 0.0149178
87 1 0.323297 0.125263 0 4.54083e-05 7.7029e-05 0 0.0322004 0.0825851 0.00914656 47 -0.0190042 0.0545723 0.0122709
110 1 0.207536 0.167816 0 0.000104823 0.000113401 0 0.0227982 0.0851236 0.0132032 48 -0.0281777 0.0634852 0.0170636
111 1 0.246411 0.167671 0 8.90203e-05 0.00011009 0 0.0248919 0.0856074 0.0117851 48 -0.0266455 0.0623564 0.0153839
112 1 0.285345 0.167578 0 7.41974e-05 0.00010917 0 0.0265202 0.0860238 0.0101597 48 -0.0254674 0.0614794 0.0133541
113 1 0.324322 0.16752 0 5.98832e-05 0.000107935 0 0.0277704 0.0863886 0.00841093 48 -0.0245827 0.0608257 0.0111091
10 1 0.36 0 0 0 0 0 0.0494061 0.0805577 0.0077717 28 -0.00371281 0.0420018 0.0108014
11 1 0.4 0 0 0 0 0 0.0494777 0.0806071 0.00551228 28 -0.00362333 0.041824 0.00766283
12 1 0.44 0 0 0 0 0 0.0495341 0.0806617 0.00329266 28 -0.00356947 0.0417229 0.00457784
13 1 0.48 0 0 0 0 0 0.0495649 0.0806951 0.00109518 28 -0.00354413 0.0416771 0.00152274
36 1 0.360881 0.041597 0 1.18771e-05 2.32885e-05 0 0.0443767 0.0798655 0.00758599 35 -0.00750218 0.044411 0.01046
37 1 0.400625 0.0415969 0 8.56058e-06 2.30309e-05 0 0.0445592 0.0799135 0.00538516 35 -0.00732284 0.044173 0.0074291
38 1 0.440373 0.0415974 0 4.9218e-06 2.30149e-05 0 0.0446821 0.0799651 0.00321827 35 -0.00721422 0.0440343 0.00444113
39 1 0.480124 0.0415977 0 1.70933e-06 2.27648e-05 0 0.0447441 0.0799966 0.00107067 35 -0.00716292 0.0439705 0.00147772
62 1 0.361711 0.0832682 0 2.40017e-05 4.72175e-05 0 0.0382229 0.0800578 0.00741858 42 -0.0126698 0.0483365 0.0101135
63 1 0.401213 0.0832635 0 1.69392e-05 4.68984e-05 0 0.0385978 0.08018 0.00527838 42 -0.0123764 0.0480557 0.00720279
64 1 0.440724 0.0832615 0 1.02839e-05 4.72433e-05 0 0.0388389 0.0802758 0.00315879 42 -0.0121969 0.0478892 0.00431298
65 1 0.480241 0.0832608 0 3.25097e-06 4.74978e-05 0 0.0389572 0.0803279 0.00105156 42 -0.0121116 0.0478118 0.00143619
88 1 0.362539 0.125242 0 3.49675e-05 7.70525e-05 0 0.0329807 0.0828083 0.00711658 47 -0.0184235 0.0540922 0.00957002
89 1 0.4018 0.12523 0 2.46408e-05 7.6409e-05 0 0.0335319 0.082997 0.00508191 47 -0.0180291 0.0537753 0.00684466
90 1 0.441075 0.125224 0 1.46519e-05 7.58676e-05 0 0.0338847 0.0831328 0.00304795 47 -0.0177843 0.0535835 0.00410915
91 1 0.480358 0.125221 0 5.03859e-06 7.53273e-05 0 0.034057 0.0832036 0.00101572 47 -0.0176671 0.0534933 0.00137
114 1 0.363332 0.167484 0 4.59965e-05 0.000107078 0 0.0287072 0.086698 0.00659036 48 -0.0239369 0.0603567 0.00873379
115 1 0.402365 0.167463 0 3.27776e-05 0.000106847 0 0.0293758 0.0869419 0.00472875 48 -0.0234875 0.060037 0.00628093
116 1 0.441413 0.167452 0 1.95057e-05 0.000106939 0 0.0298064 0.0871106 0.0028446 48 -0.0232038 0.0598389 0.00378361
117 1 0.48047 0.167447 0 6.36521e-06 0.000107362 0 0.0300173 0.0871968 0.000949312 48 -0.0230667 0.0597444 0.00126353
14 1 0.52 0 0 0 0 0 0.0495649 0.0806951 -0.00109518 28 -0.00354413 0.0416771 -0.00152274
15 1 0.56 0 0 0 0 0 0.0495341 0.0806617 -0.00329266 28 -0.00356947 0.0417229 -0.00457784
16 1 0.6 0 0 0 0 0 0.0494777 0.0806071 -0.00551228 28 -0.00362333 0.041824 -0.00766283
17 1 0.64 0 0 0 0 0 0.0494061 0.0805577 -0.0077717 28 -0.00371281 0.0420018 -0.0108014
40 1 0.519876 0.0415977 0 -1.70933e-06 2.27648e-05 0 0.0447441 0.0799966 -0.00107067 35 -0.00716292 0.0439705 -0.00147772
41 1 0.559627 0.0415974 0 -4.9218e-06 2.30149e-05 0 0.0446821 0.0799651 -0.00321827 35 -0.00721422 0.0440343 -0.00444113
42 1 0.599375 0.0415969 0 -8.56058e-06 2.30309e-05 0 0.0445592 0.0799135 -0.00538516 35 -0.00732284 0.044173 -0.0074291
43 1 0.639119 0.041597 0 -1.18771e-05 2.32885e-05 0 0.0443767 0.0798655 -0.00758599 35 -0.00750218 0.044411 -0.01046
66 1 0.519759 0.0832608 0 -3.25097e-06 4.74978e-05 0 0.0389572 0.0803279 -0.00105156 42 -0.0121116 0.0478118 -0.00143619
67 1 0.559276 0.0832615 0 -1.02839e-05 4.72433e-05 0 0.0388389 0.0802758 -0.00315879 42 -0.0121969 0.0478892 -0.00431298
68 1 0.598787 0.0832635 0 -1.69392e-05 4.68984e-05 0 0.0385978 0.08018 -0.00527838 42 -0.0123764 0.0480557 -0.00720279
69 1 0.638289 0.0832682 0 -2.40017e-05 4.72175e-05 0 0.0382229 0.0800578 -0.00741858 42 -0.0126698 0.0483365 -0.0101135
92 1 0.519642 0.125221 0 -5.03859e-06 7.53273e-05 0 0.034057 0.0832036 -0.00101572 47 -0.0176671 0.0534933 -0.00137
93 1 0.558925 0.125224 0 -1.46519e-05 7.58676e-05 0 0.0338847 0.0831328 -0.00304795 47 -0.0177843 0.0535835 -0.00410915
94 1 0.5982 0.12523 0 -2.46408e-05 7.6409e-05 0 0.0335319 0.082997 -0.00508191 47 -0.0180291 0.0537753 -0.00684466
95 1 0.637461 0.125242 0 -3.49675e-05 7.70525e-05 0 0.0329807 0.0828083 -0.00711658 47 -0.0184235 0.0540922 -0.00957002
118 1 0.51953 0.167447 0 -6.36521e-06 0.000107362 0 0.0300173 0.0871968 -0.000949312 48 -0.0230667 0.0597444 -0.00126353
119 1 0.558587 0.167452 0 -1.95057e-05 0.000106939 0 0.0298064 0.0871106 -0.0028446 48 -0.0232038 0.0598389 -0.00378361
120 1 0.597635 0.167463 0 -3.27776e-05 0.000106847 0 0.0293758 0.0869419 -0.00472875 48 -0.0234875 0.060037 -0.00628093
121 1 0.636668 0.167484 0 -4.59965e-05 0.000107078 0 0.0287072 0.086698 -0.00659036 48 -0.0239369 0.0603567 -0.00873379
18 1 0.68 0 0 0 0 0 0.0493366 0.0805585 -0.0100936 28 -0.00385098 0.0422931 -0.0140239
19 1 0.72 0 0 0 0 0 0.0492943 0.0806816 -0.0125092 28 -0.004061 0.0427592 -0.0173712
20 1 0.76 0 0 0 0 0 0.0493132 0.0810432 -0.015064 28 -0.00438574 0.0435031 -0.0209023
21 1 0.8 0 0 0 0 0 0.0494382 0.0818392 -0.0178275 28 -0.00490916 0.0447081 -0.0247042
44 1 0.678855 0.0415985 0 -1.56577e-05 2.32375e-05 0 0.0441352 0.0798614 -0.00983831 35 -0.00777629 0.0447903 -0.0135551
45 1 0.718581 0.0416031 0 -1.95623e-05 2.34038e-05 0 0.0438304 0.0799625 -0.0121636 35 -0.00818648 0.0453787 -0.0167393
46 1 0.75829 0.0416133 0 -2.35237e-05 2.37363e-05 0 0.0434437 0.0802609 -0.0145876 35 -0.00880523 0.0462858 -0.0200393
47 1 0.797973 0.0416336 0 -2.83475e-05 2.38514e-05 0 0.042919 0.0808915 -0.0171368 35 -0.00976375 0.0476912 -0.0234742
70 1 0.677777 0.0832779 0 -3.11526e-05 4.71474e-05 0 0.0376942 0.0799371 -0.00958706 42 -0.013111 0.0487736 -0.0130505
71 1 0.717243 0.0832964 0 -3.86673e-05 4.79677e-05 0 0.0369743 0.0798577 -0.0117891 42 -0.0137557 0.0494326 -0.0160133
72 1 0.756677 0.0833299 0 -4.68225e-05 4.82787e-05 0 0.0359939 0.0798713 -0.0140222 42 -0.0146939 0.0504114 -0.0189848
73 1 0.796064 0.0833886 0 -5.52573e-05 4.9247e-05 0 0.0346226 0.0800357 -0.016263 42 -0.0160707 0.051852 -0.0219094
96 1 0.676703 0.125263 0 -4.54083e-05 7.7029e-05 0 0.0322004 0.0825851 -0.00914656 47 -0.0190042 0.0545723 -0.0122709
97 1 0.715915 0.125301 0 -5.64307e-05 7.83098e-05 0 0.0311405 0.0823512 -0.0111578 47 -0.0198271 0.0552705 -0.0149178
98 1 0.755086 0.125363 0 -6.80758e-05 7.90894e-05 0 0.0297203 0.0821317 -0.0131191 47 -0.0209741 0.056261 -0.0174522
99 1 0.794199 0.125467 0 -8.08752e-05 8.06963e-05 0 0.0278139 0.0819422 -0.0149663 47 -0.022558 0.0576324 -0.0197621
122 1 0.675678 0.16752 0 -5.98832e-05 0.000107935 0 0.0277704 0.0863886 -0.00841093 48 -0.0245827 0.0608257 -0.0111091
123 1 0.714655 0.167578 0 -7.41974e-05 0.00010917 0 0.0265202 0.0860238 -0.0101597 48 -0.0254674 0.0614794 -0.0133541
124 1 0.753589 0.167671 0 -8.90203e-05 0.00011009 0 0.0248919 0.0856074 -0.0117851 48 -0.0266455 0.0623564 -0.0153839
125 1 0.792464 0.167816 0 -0.000104823 0.000113401 0 0.0227982 0.0851236 -0.0132032 48 -0.0281777 0.0634852 -0.0170636
22 1 0.84 0 0 0 0 0 0.0497439 0.0834253 -0.0209144 28 -0.00578999 0.0467129 -0.0289155
23 1 0.88 0 0 0 0 0 0.050391 0.0864391 -0.0245287 27 -0.00729218 0.0501204 -0.0337786
24 1 0.92 0 0 0 0 0 0.0523992 0.0921244 -0.0289215 24 -0.00931283 0.0556341 -0.0396179
25 1 0.96 0 0 0 0 0 0.0583281 0.101913 -0.0340428 20 -0.0105244 0.0631146 -0.0464937
26 1 1 0 0 0 0 0 0.0728884 0.117544 -0.0390735 16 -0.0078062 0.070954 -0.0537417
48 1 0.837613 0.0416725 0 -3.34332e-05 2.46849e-05 0 0.0421297 0.0820504 -0.0198314 35 -0.0112911 0.0498847 -0.0270378
49 1 0.877176 0.0417501 0 -3.98166e-05 2.53237e-05 0 0.0408333 0.0839767 -0.0226768 34 -0.0137396 0.0532798 -0.0306757
50 1 0.916589 0.041909 0 -4.83255e-05 2.76026e-05 0 0.0395226 0.0871883 -0.0256572 30 -0.0169782 0.0580752 -0.0343498
51 1 0.955735 0.0421983 0 -6.04851e-05 2.99771e-05 0 0.0360589 0.0895126 -0.0285159 25 -0.0214743 0.0634642 -0.0376916
52 1 0.994418 0.0427078 0 -7.83654e-05 3.49481e-05 0 0.0138174 0.0783709 -0.0306667 20 -0.0336784 0.0678078 -0.0392012
74 1 0.835379 0.0834906 0 -6.53328e-05 5.16133e-05 0 0.0326409 0.080405 -0.0184467 42 -0.0181024 0.0539451 -0.0246576
75 1 0.874583 0.0836698 0 -7.64716e-05 5.29943e-05 0 0.0297426 0.081013 -0.0204542 41 -0.0210583 0.0569045 -0.0270063
76 1 0.913625 0.0839847 0 -9.00418e-05 5.77393e-05 0 0.0267561 0.0824484 -0.0222952 36 -0.0245525 0.060746 -0.0289964
77 1 0.952444 0.0845064 0 -0.00010663 6.3419e-05 0 0.0219112 0.0828251 -0.0238587 30 -0.0289055 0.0647109 -0.0305246
78 1 0.991 0.0852806 0 -0.000126755 7.21775e-05 0 0.00821813 0.0765828 -0.0245195 24 -0.0366384 0.0677757 -0.0304609
100 1 0.833232 0.125635 0 -9.43585e-05 8.28277e-05 0 0.0252481 0.0817712 -0.0165835 47 -0.0247118 0.0594676 -0.0216532
101 1 0.872154 0.125908 0 -0.000109898 8.63282e-05 0 0.0218307 0.0815558 -0.0178058 46 -0.0275455 0.0617953 -0.0228604
102 1 0.910935 0.126344 0 -0.000127103 9.21428e-05 0 0.0182357 0.0816105 -0.0186805 41 -0.0306507 0.0644582 -0.0235063
103 1 0.949553 0.127004 0 -0.000146658 9.91744e-05 0 0.013311 0.0806495 -0.0193238 34 -0.0342055 0.0669315 -0.0238318
104 1 0.987989 0.127907 0 -0.000168929 0.000109685 0 0.00219442 0.0749831 -0.0192425 27 -0.0400486 0.0686871 -0.022968
126 1 0.831264 0.168041 0 -0.000121759 0.000116877 0 0.0201384 0.0845152 -0.0142893 48 -0.0301087 0.0648526 -0.0181989
127 1 0.869971 0.168383 0 -0.000139909 0.00012197 0 0.0168105 0.0836429 -0.0148997 47 -0.0324315 0.0663565 -0.018576
128 1 0.908568 0.168895 0 -0.000159895 0.000128612 0 0.0132023 0.0825345 -0.0151348 42 -0.0348246 0.0677568 -0.0184034
129 1 0.947051 0.169618 0 -0.000181304 0.000137725 0 0.00799543 0.079998 -0.0151781 35 -0.0376673 0.0687476 -0.0180004
130 1 0.985409 0.170552 0 -0.000204611 0.000148976 0 -0.00239067 0.0736052 -0.0147102 28 -0.0424595 0.0692434 -0.0167699
131 1 0.0167234 0.213175 0 0.00023433 0.000188425 0 -0.00510029 0.0725046 0.011148 28 -0.0436398 0.0692075 0.0121445
132 1 0.0550444 0.21228 0 0.000210514 0.0001776 0 0.00432379 0.0791782 0.011708 35 -0.0397897 0.0696201 0.0133452
133 1 0.0934412 0.211554 0 0.000187662 0.000169142 0 0.00941548 0.0827721 0.0119312 42 -0.0376494 0.0697848 0.0140071
134 1 0.131912 0.211014 0 0.000166204 0.000161676 0 0.0128059 0.0848072 0.0120431 47 -0.0359843 0.0695008 0.0145669
135 1 0.170457 0.210632 0 0.000145655 0.000157405 0 0.0158292 0.0862716 0.0118384 48 -0.0342827 0.0688545 0.0146945
157 1 0.0184541 0.255774 0 0.000259038 0.000228142 0 -0.006492 0.0717354 0.00827458 28 -0.044056 0.0688771 0.00859805
158 1 0.05676 0.254961 0 0.000234372 0.000217143 0 0.00172164 0.0782488 0.0088093 35 -0.0410805 0.0699085 0.00962986
159 1 0.0951044 0.254277 0 0.000210908 0.000208301 0 0.00648059 0.0824783 0.00914019 42 -0.0395621 0.070925 0.0103413
160 1 0.133488 0.253747 0 0.000187344 0.000200601 0 0.00956288 0.0852037 0.00942298 47 -0.0385404 0.0715484 0.0110435
161 1 0.171916 0.253356 0 0.000165501 0.000193789 0 0.0122053 0.0871656 0.00946411 48 -0.0374441 0.0716843 0.0114386
183 1 0.0198354 0.298354 0 0.00027881 0.000267903 0 -0.00709544 0.071286 0.00602764 28 -0.0441088 0.0685234 0.00595813
184 1 0.0581364 0.297647 0 0.000254517 0.000259109 0 -3.15484e-05 0.0774623 0.00647997 35 -0.0418525 0.0699556 0.00677623
185 1 0.0964487 0.297036 0 0.000230079 0.000250984 0 0.00430622 0.0820252 0.00682191 42 -0.0408481 0.0715699 0.00742379
186 1 0.134773 0.296547 0 0.000206761 0.000244769 0 0.00704725 0.0852241 0.00715971 47 -0.0403601 0.0728884 0.00811989
187 1 0.173116 0.296174 0 0.000183041 0.00024049 0 0.00930005 0.0875739 0.007327 48 -0.0397974 0.0736822 0.00861671
209 1 0.020915 0.340921 0 0.000295471 0.000308633 0 -0.0072672 0.071081 0.00429701 28 -0.0440171 0.068247 0.00403179
210 1 0.0592151 0.340335 0 0.000270653 0.000299943 0 -0.0011746 0.076882 0.00464983 35 -0.0423154 0.0699286 0.00464268
211 1 0.0975076 0.339817 0 0.000245621 0.000292837 0 0.00274787 0.0815891 0.00495134 42 -0.0417119 0.0719464 0.00517589
212 1 0.135792 0.339391 0 0.000221283 0.000285217 0 0.00516524 0.085094 0.00527416 47 -0.041643 0.0737743 0.00578491
213 1 0.174076 0.339058 0 0.000196539 0.000278773 0 0.0070625 0.0877299 0.00548499 48 -0.0415194 0.0750903 0.00627623
136 1 0.209074 0.210369 0 0.000126315 0.000154102 0 0.0183385 0.0873004 0.0111747 48 -0.0327494 0.0680762 0.0141245
137 1 0.247753 0.210192 0 0.00010771 0.000151566 0 0.0203984 0.0880796 0.0101501 48 -0.0314438 0.0673284 0.0129925
138 1 0.286484 0.210074 0 8.99296e-05 0.000149597 0 0.0220605 0.0887007 0.00887102 48 -0.0303797 0.0666866 0.0114567
139 1 0.325254 0.209997 0 7.29301e-05 0.000147675 0 0.0233733 0.089205 0.00742122 48 -0.029543 0.0661731 0.00964489
162 1 0.210392 0.253077 0 0.000143753 0.000189075 0 0.0144518 0.0885806 0.00910724 48 -0.0363625 0.0715115 0.0112508
163 1 0.248914 0.252881 0 0.000123236 0.000184679 0 0.016355 0.0896488 0.00840803 48 -0.035368 0.0712045 0.0105487
164 1 0.287476 0.252747 0 0.000103278 0.000183384 0 0.0179381 0.09048 0.00744618 48 -0.0345056 0.0708698 0.0094452
165 1 0.326072 0.252657 0 8.35289e-05 0.000181305 0 0.019221 0.0911331 0.00629394 48 -0.0337933 0.0705633 0.00804658
188 1 0.211487 0.295899 0 0.00016048 0.000237384 0 0.0112475 0.0893217 0.00717313 48 -0.0391514 0.074066 0.00865792
189 1 0.249885 0.295702 0 0.000137921 0.000234504 0 0.0129394 0.0906572 0.00672149 48 -0.0384881 0.0741987 0.00826405
190 1 0.288312 0.295562 0 0.000115885 0.00023184 0 0.0143837 0.0916938 0.00602599 48 -0.0378642 0.0741947 0.00750753
191 1 0.326765 0.295467 0 9.43442e-05 0.000229841 0 0.0155815 0.0924987 0.00514341 48 -0.0373166 0.0741271 0.00646909
214 1 0.212367 0.338807 0 0.00017244 0.000273734 0 0.00872086 0.0897476 0.00545136 48 -0.0412555 0.0759479 0.00643046
215 1 0.250672 0.338623 0 0.000148605 0.000269221 0 0.0101918 0.0913148 0.00517588 48 -0.0409017 0.0764786 0.00623931
216 1 0.288994 0.33849 0 0.000124866 0.000267338 0 0.0114765 0.0925384 0.00469158 48 -0.0405153 0.0767903 0.00574411
217 1 0.327332 0.338397 0 0.000102023 0.000265461 0 0.0125641 0.093487 0.00403989 48 -0.0401421 0.0769623 0.00500187
140 1 0.364057 0.209948 0 5.61322e-05 0.000146836 0 0.0243776 0.0896076 0.00585976 48 -0.0289103 0.0657849 0.00764935
141 1 0.402882 0.209918 0 3.99166e-05 0.000146495 0 0.0251047 0.0899118 0.00422718 48 -0.0284582 0.0655097 0.00553482
142 1 0.441723 0.209902 0 2.38098e-05 0.000144884 0 0.0255773 0.0901163 0.00255154 48 -0.0281676 0.0653346 0.00334709
143 1 0.480573 0.209894 0 8.00421e-06 0.000144768 0 0.02581 0.0902192 0.000852917 48 -0.0280257 0.0652497 0.00111985
166 1 0.364695 0.252598 0 6.48996e-05 0.000180104 0 0.0202224 0.0916381 0.00500847 48 -0.0332338 0.0703101 0.00643887
167 1 0.403339 0.252561 0 4.58018e-05 0.000179577 0 0.0209581 0.0920097 0.00363313 48 -0.0328224 0.0701196 0.00468852
168 1 0.441998 0.25254 0 2.75211e-05 0.000179271 0 0.0214412 0.092255 0.00220075 48 -0.0325527 0.0699934 0.00284679
169 1 0.480665 0.25253 0 9.15133e-06 0.000179526 0 0.0216805 0.092377 0.00073693 48 -0.0324194 0.0699308 0.000954348
192 1 0.365239 0.295403 0 7.27973e-05 0.0002283 0 0.0165339 0.0931118 0.00412349 48 -0.0368663 0.0740404 0.00522142
193 1 0.40373 0.295362 0 5.21265e-05 0.000227792 0 0.0172438 0.0935565 0.00300722 48 -0.036524 0.0739601 0.00382559
194 1 0.442233 0.295338 0 3.10834e-05 0.00022639 0 0.0177145 0.0938467 0.00182792 48 -0.0362945 0.0739006 0.0023321
195 1 0.480743 0.295327 0 1.0352e-05 0.000226354 0 0.0179491 0.0939901 0.000613125 48 -0.0361795 0.0738693 0.000783332
218 1 0.365685 0.338334 0 7.88909e-05 0.000264198 0 0.0134439 0.0942056 0.00326083 48 -0.0398145 0.0770494 0.00406958
219 1 0.404051 0.338293 0 5.6133e-05 0.000263661 0 0.0141085 0.0947235 0.0023898 48 -0.0395539 0.0770884 0.00299886
220 1 0.442427 0.338269 0 3.37279e-05 0.000262624 0 0.0145534 0.0950595 0.00145725 48 -0.039374 0.077103 0.00183492
221 1 0.480808 0.338257 0 1.11772e-05 0.00026286 0 0.0147763 0.0952248 0.000489561 48 -0.0392822 0.077107 0.000617454
144 1 0.519427 0.209894 0 -8.00421e-06 0.000144768 0 0.02581 0.0902192 -0.000852917 48 -0.0280257 0.0652497 -0.00111985
145 1 0.558277 0.209902 0 -2.38098e-05 0.000144884 0 0.0255773 0.0901163 -0.00255154 48 -0.0281676 0.0653346 -0.00334709
146 1 0.597118 0.209918 0 -3.99166e-05 0.000146495 0 0.0251047 0.0899118 -0.00422718 48 -0.0284582 0.0655097 -0.00553482
147 1 0.635943 0.209948 0 -5.61322e-05 0.000146836 0 0.0243776 0.0896076 -0.00585976 48 -0.0289103 0.0657849 -0.00764935
170 1 0.519335 0.25253 0 -9.15133e-06 0.000179526 0 0.0216805 0.092377 -0.00073693 48 -0.0324194 0.0699308 -0.000954348
171 1 0.558002 0.25254 0 -2.75211e-05 0.000179271 0 0.0214412 0.092255 -0.00220075 48 -0.0325527 0.0699934 -0.00284679
172 1 0.596661 0.252561 0 -4.58018e-05 0.000179577 0 0.0209581 0.0920097 -0.00363313 48 -0.0328224 0.0701196 -0.00468852
173 1 0.635305 0.252598 0 -6.48996e-05 0.000180104 0 0.0202224 0.0916381 -0.00500847 48 -0.0332338 0.0703101 -0.00643887
196 1 0.519257 0.295327 0 -1.0352e-05 0.000226354 0 0.0179491 0.0939901 -0.000613125 48 -0.0361795 0.0738693 -0.000783332
197 1 0.557767 0.295338 0 -3.10834e-05 0.00022639 0 0.0177145 0.0938467 -0.00182792 48 -0.0362945 0.0739006 -0.0023321
198 1 0.59627 0.295362 0 -5.21265e-05 0.000227792 0 0.0172438 0.0935565 -0.00300722 48 -0.036524 0.0739601 -0.00382559
199 1 0.634761 0.295403 0 -7.27973e-05 0.0002283 0 0.0165339 0.0931118 -0.00412349 48 -0.0368663 0.0740404 -0.00522142
222 1 0.519192 0.338257 0 -1.11772e-05 0.00026286 0 0.0147763 0.0952248 -0.000489561 48 -0.0392822 0.077107 -0.000617454
223 1 0.557573 0.338269 0 -3.37279e-05 0.000262624 0 0.0145534 0.0950595 -0.00145725 48 -0.039374 0.077103 -0.00183492
224 1 0.595949 0.338293 0 -5.6133e-05 0.000263661 0 0.0141085 0.0947235 -0.0023898 48 -0.0395539 0.0770884 -0.00299886
225 1 0.634315 0.338334 0 -7.88909e-05 0.000264198 0 0.0134439 0.0942056 -0.00326083 48 -0.0398145 0.0770494 -0.00406958
148 1 0.674746 0.209997 0 -7.29301e-05 0.000147675 0 0.0233733 0.089205 -0.00742122 48 -0.029543 0.0661731 -0.00964489
149 1 0.713516 0.210074 0 -8.99296e-05 0.000149597 0 0.0220605 0.0887007 -0.00887102 48 -0.0303797 0.0666866 -0.0114567
150 1 0.752247 0.210192 0 -0.00010771 0.000151566 0 0.0203984 0.0880796 -0.0101501 48 -0.0314438 0.0673284 -0.0129925
151 1 0.790926 0.210369 0 -0.000126315 0.000154102 0 0.0183385 0.0873004 -0.0111747 48 -0.0327494 0.0680762 -0.0141245
174 1 0.673928 0.252657 0 -8.35289e-05 0.000181305 0 0.019221 0.0911331 -0.00629394 48 -0.0337933 0.0705633 -0.00804658
175 1 0.712524 0.252747 0 -0.000103278 0.000183384 0 0.0179381 0.09048 -0.00744618 48 -0.0345056 0.0708698 -0.0094452
176 1 0.751086 0.252881 0 -0.000123236 0.000184679 0 0.016355 0.0896488 -0.00840803 48 -0.035368 0.0712045 -0.0105487
177 1 0.789608 0.253077 0 -0.000143753 0.000189075 0 0.0144518 0.0885806 -0.00910724 48 -0.0363625 0.0715115 -0.0112508
200 1 0.673235 0.295467 0 -9.43442e-05 0.000229841 0 0.0155815 0.0924987 -0.00514341 48 -0.0373166 0.0741271 -0.00646909
201 1 0.711688 0.295562 0 -0.000115885 0.00023184 0 0.0143837 0.0916938 -0.00602599 48 -0.0378642 0.0741947 -0.00750753
202 1 0.750115 0.295702 0 -0.000137921 0.000234504 0 0.0129394 0.0906572 -0.00672149 48 -0.0384881 0.0741987 -0.00826405
203 1 0.788513 0.295899 0 -0.00016048 0.000237384 0 0.0112475 0.0893217 -0.00717313 48 -0.0391514 0.074066 -0.00865792
226 1 0.672668 0.338397 0 -0.000102023 0.000265461 0 0.0125641 0.093487 -0.00403989 48 -0.0401421 0.0769623 -0.00500187
227 1 0.711006 0.33849 0 -0.000124866 0.000267338 0 0.0114765 0.0925384 -0.00469158 48 -0.0405153 0.0767903 -0.00574411
228 1 0.749328 0.338623 0 -0.000148605 0.000269221 0 0.0101918 0.0913148 -0.00517588 48 -0.0409017 0.0764786 -0.00623931
229 1 0.787633 0.338807 0 -0.00017244 0.000273734 0 0.00872086 0.0897476 -0.00545136 48 -0.0412555 0.0759479 -0.00643046
152 1 0.829543 0.210632 0 -0.000145655 0.000157405 0 0.0158292 0.0862716 -0.0118384 48 -0.0342827 0.0688545 -0.0146945
153 1 0.868088 0.211014 0 -0.000166204 0.000161676 0 0.0128059 0.0848072 -0.0120431 47 -0.0359843 0.0695008 -0.0145669
154 1 0.906559 0.211554 0 -0.000187662 0.000169142 0 0.00941548 0.0827721 -0.0119312 42 -0.0376494 0.0697848 -0.0140071
155 1 0.944956 0.21228 0 -0.000210514 0.0001776 0 0.00432379 0.0791782 -0.011708 35 -0.0397897 0.0696201 -0.0133452
156 1 0.983277 0.213175 0 -0.00023433 0.000188425 0 -0.00510029 0.0725046 -0.011148 28 -0.0436398 0.0692075 -0.0121445
178 1 0.828084 0.253356 0 -0.000165501 0.000193789 0 0.0122053 0.0871656 -0.00946411 48 -0.0374441 0.0716843 -0.0114386
179 1 0.866512 0.253747 0 -0.000187344 0.000200601 0 0.00956288 0.0852037 -0.00942298 47 -0.0385404 0.0715484 -0.0110435
180 1 0.904896 0.254277 0 -0.000210908 0.000208301 0 0.00648059 0.0824783 -0.00914019 42 -0.0395621 0.070925 -0.0103413
181 1 0.94324 0.254961 0 -0.000234372 0.000217143 0 0.00172164 0.0782488 -0.0088093 35 -0.0410805 0.0699085 -0.00962986
182 1 0.981546 0.255774 0 -0.000259038 0.000228142 0 -0.006492 0.0717354 -0.00827458 28 -0.044056 0.0688771 -0.00859805
204 1 0.826884 0.296174 0 -0.000183041 0.00024049 0 0.00930005 0.0875739 -0.007327 48 -0.0397974 0.0736822 -0.00861671
205 1 0.865227 0.296547 0 -0.000206761 0.000244769 0 0.00704725 0.0852241 -0.00715971 47 -0.0403601 0.0728884 -0.00811989
206 1 0.903551 0.297036 0 -0.000230079 0.000250984 0 0.00430622 0.0820252 -0.00682191 42 -0.0408481 0.0715699 -0.00742379
207 1 0.941864 0.297647 0 -0.000254517 0.000259109 0 -3.15484e-05 0.0774623 -0.00647997 35 -0.0418525 0.0699556 -0.00677623
208 1 0.980165 0.298354 0 -0.00027881 0.000267903 0 -0.00709544 0.071286 -0.00602764 28 -0.0441088 0.0685234 -0.00595813
230 1 0.825924 0.339058 0 -0.000196539 0.000278773 0 0.0070625 0.0877299 -0.00548499 48 -0.0415194 0.0750903 -0.00627623
231 1 0.864208 0.339391 0 -0.000221283 0.000285217 0 0.00516524 0.085094 -0.00527416 47 -0.041643 0.0737743 -0.00578491
232 1 0.902492 0.339817 0 -0.000245621 0.000292837 0 0.00274787 0.0815891 -0.00495134 42 -0.0417119 0.0719464 -0.00517589
233 1 0.940785 0.340335 0 -0.000270653 0.000299943 0 -0.0011746 0.076882 -0.00464983 35 -0.0423154 0.0699286 -0.00464268
234 1 0.979085 0.340921 0 -0.000295471 0.000308633 0 -0.0072672 0.071081 -0.00429701 28 -0.0440171 0.068247 -0.00403179
235 1 0.0217323 0.383481 0 0.000308524 0.00034849 0 -0.00723011 0.0710305 0.00296367 28 -0.0438885 0.0680621 0.00263951
236 1 0.060033 0.383021 0 0.000283439 0.000341166 0 -0.00190139 0.0764876 0.00322028 35 -0.0425955 0.0698931 0.0030704
237 1 0.0983132 0.382609 0 0.000258957 0.000335176 0 0.00166304 0.0812336 0.00345906 42 -0.0422891 0.0721738 0.00347524
238 1 0.136571 0.382264 0 0.000233278 0.00033042 0 0.00380518 0.084926 0.003729 47 -0.042533 0.07436 0.00395947
239 1 0.174813 0.381989 0 0.000208797 0.000327517 0 0.00540522 0.0877623 0.0039304 48 -0.0427496 0.076069 0.00438133
261 1 0.0223185 0.426036 0 0.000319068 0.000389925 0 -0.00711676 0.071059 0.00191963 28 -0.0437716 0.0679523 0.00162936
262 1 0.0606199 0.425708 0 0.000294098 0.000384998 0 -0.0023474 0.0762385 0.00209098 35 -0.0427639 0.0698686 0.00191087
263 1 0.0988925 0.425409 0 0.000268582 0.000380024 0 0.000939445 0.0809734 0.00226044 42 -0.042665 0.0723129 0.0021905
264 1 0.137133 0.425156 0 0.000243349 0.00037444 0 0.00286951 0.0847738 0.00245943 47 -0.0431284 0.0747381 0.00253664
265 1 0.175347 0.424951 0 0.000217355 0.00036985 0 0.00424251 0.0877425 0.00261976 48 -0.0435908 0.0767246 0.0028539
287 1 0.022696 0.468591 0 0.000326929 0.00042992 0 -0.00700461 0.0711091 0.00107094 28 -0.0436867 0.067894 0.000874145
288 1 0.060998 0.468394 0 0.000301729 0.000424691 0 -0.00260041 0.0760956 0.0011684 35 -0.042859 0.0698551 0.00103193
289 1 0.0992662 0.468214 0 0.000276297 0.00042088 0 0.00049841 0.0808051 0.00126878 42 -0.0428909 0.0723929 0.00119479
290 1 0.137496 0.468059 0 0.000250515 0.00041799 0 0.00228555 0.0846621 0.00138959 47 -0.0434929 0.0749631 0.00140106
291 1 0.175693 0.467933 0 0.000224365 0.000416179 0 0.00350629 0.0877099 0.00149141 48 -0.0441138 0.0771254 0.00159624
313 1 0.0228797 0.511144 0 0.000332502 0.00047193 0 -0.00693616 0.0711429 0.000334868 28 -0.0436408 0.0678679 0.000264894
314 1 0.0611821 0.511079 0 0.0003073 0.000470443 0 -0.00271317 0.0760297 0.000366445 35 -0.0429004 0.0698476 0.000315467
315 1 0.0994483 0.51102 0 0.000281542 0.000468651 0 0.000290505 0.0807206 0.000399781 42 -0.0429954 0.0724272 0.000368869
316 1 0.137674 0.510969 0 0.00025555 0.000465946 0 0.00200579 0.0846008 0.000440221 47 -0.043664 0.0750651 0.000437035
317 1 0.175862 0.510927 0 0.000229032 0.000464265 0 0.00315029 0.0876851 0.000475096 48 -0.0443623 0.077312 0.00050258
240 1 0.213048 0.381778 0 0.000183414 0.000324503 0 0.0068124 0.0899863 0.00395639 48 -0.0427963 0.077304 0.0045673
241 1 0.251284 0.381619 0 0.000158733 0.000322952 0 0.00808212 0.091741 0.00379886 48 -0.042706 0.0781669 0.00449609
242 1 0.289526 0.381504 0 0.000134103 0.000320561 0 0.00921352 0.0931225 0.00347595 48 -0.0425306 0.0787531 0.00418804
243 1 0.327777 0.381422 0 0.000109164 0.000318872 0 0.0101893 0.0941967 0.00301589 48 -0.0423185 0.0791405 0.00368071
266 1 0.213543 0.424791 0 0.000191852 0.000365817 0 0.00545249 0.0901134 0.00266391 48 -0.0438701 0.078238 0.00301821
267 1 0.251731 0.424671 0 0.000165693 0.000361808 0 0.00655921 0.0920082 0.00258082 48 -0.0439838 0.079355 0.00300683
268 1 0.289916 0.424582 0 0.000140163 0.00035968 0 0.00756229 0.0935117 0.00237927 48 -0.0439767 0.0801574 0.0028279
269 1 0.328104 0.424518 0 0.000114337 0.00035829 0 0.00844129 0.0946853 0.00207693 48 -0.0438966 0.0807188 0.00250418
292 1 0.213865 0.467834 0 0.000198079 0.000414273 0 0.00458158 0.0901744 0.00152757 48 -0.0445468 0.078821 0.00170635
293 1 0.252022 0.467759 0 0.000171818 0.000413702 0 0.00557474 0.0921617 0.00148942 48 -0.0447985 0.0801085 0.0017149
294 1 0.290172 0.467703 0 0.000145062 0.000412708 0 0.00648655 0.0937478 0.00138046 48 -0.0449076 0.0810591 0.00162418
295 1 0.328318 0.467662 0 0.000119005 0.000411181 0 0.00729529 0.0949901 0.00121023 48 -0.0449204 0.0817419 0.00144612
318 1 0.214023 0.510893 0 0.000202198 0.000461606 0 0.00415747 0.0901947 0.000489035 48 -0.0448715 0.0790973 0.000541259
319 1 0.252165 0.510868 0 0.00017548 0.000459726 0 0.00509246 0.0922276 0.00047881 48 -0.0451926 0.08047 0.000547124
320 1 0.290297 0.510849 0 0.000148484 0.000457735 0 0.00595688 0.0938551 0.000445273 48 -0.0453608 0.0814955 0.000520473
321 1 0.328424 0.510835 0 0.000121362 0.000456866 0 0.00672878 0.0951321 0.000391396 48 -0.0454213 0.0822404 0.000464966
244 1 0.366037 0.381366 0 8.49986e-05 0.000316625 0 0.0109911 0.0950099 0.00244859 48 -0.0421083 0.0793886 0.0030158
245 1 0.404305 0.381329 0 6.05735e-05 0.000316442 0 0.011604 0.0955945 0.00180217 48 -0.0419285 0.0795408 0.00223361
246 1 0.44258 0.381306 0 3.63087e-05 0.000315323 0 0.0120179 0.0959729 0.00110197 48 -0.0417986 0.0796269 0.00137116
247 1 0.48086 0.381296 0 1.20936e-05 0.000315182 0 0.0122264 0.0961588 0.00037071 48 -0.0417308 0.0796655 0.000462142
270 1 0.366296 0.424473 0 8.88483e-05 0.000357615 0 0.0091733 0.095575 0.00169417 48 -0.0437849 0.0810997 0.0020636
271 1 0.404493 0.424444 0 6.33654e-05 0.000356958 0 0.00973881 0.0962146 0.00125117 48 -0.0436743 0.0813467 0.00153469
272 1 0.442694 0.424426 0 3.7859e-05 0.000355951 0 0.0101235 0.0966282 0.000766751 48 -0.043588 0.0814935 0.000944622
273 1 0.480898 0.424418 0 1.27883e-05 0.000356193 0 0.0103181 0.0968312 0.000258223 48 -0.0435412 0.0815616 0.000318796
296 1 0.366466 0.467634 0 9.21267e-05 0.000410029 0 0.00797564 0.0959332 0.000990482 48 -0.0448791 0.0822167 0.00119661
297 1 0.404616 0.467615 0 6.59193e-05 0.000409219 0 0.00850541 0.0966115 0.000733255 48 -0.0448184 0.0825315 0.000892549
298 1 0.442768 0.467603 0 3.95405e-05 0.000408862 0 0.00886781 0.0970502 0.000450065 48 -0.0447639 0.0827221 0.000550424
299 1 0.480923 0.467598 0 1.30493e-05 0.000408348 0 0.00905172 0.0972654 0.000151682 48 -0.0447325 0.0828116 0.000185927
322 1 0.36655 0.510825 0 9.46678e-05 0.000456461 0 0.00738179 0.0961026 0.000320953 48 -0.0454165 0.0827637 0.000385678
323 1 0.404677 0.510818 0 6.73939e-05 0.000455732 0 0.0078925 0.096801 0.000237938 48 -0.0453819 0.0831138 0.00028817
324 1 0.442805 0.510814 0 4.0645e-05 0.000456083 0 0.00824286 0.0972526 0.000146178 48 -0.0453442 0.0833272 0.000177909
325 1 0.480935 0.510812 0 1.33073e-05 0.000455748 0 0.00842103 0.0974743 4.92862e-05 48 -0.0453209 0.0834279 6.0126e-05
248 1 0.51914 0.381296 0 -1.20936e-05 0.000315182 0 0.0122264 0.0961588 -0.00037071 48 -0.0417308 0.0796655 -0.000462142
249 1 0.55742 0.381306 0 -3.63087e-05 0.000315323 0 0.0120179 0.0959729 -0.00110197 48 -0.0417986 0.0796269 -0.00137116
250 1 0.595695 0.381329 0 -6.05735e-05 0.000316442 0 0.011604 0.0955945 -0.00180217 48 -0.0419285 0.0795408 -0.00223361
251 1 0.633963 0.381366 0 -8.49986e-05 0.000316625 0 0.0109911 0.0950099 -0.00244859 48 -0.0421083 0.0793886 -0.0030158
274 1 0.519102 0.424418 0 -1.27883e-05 0.000356193 0 0.0103181 0.0968312 -0.000258223 48 -0.0435412 0.0815616 -0.000318796
275 1 0.557306 0.424426 0 -3.7859e-05 0.000355951 0 0.0101235 0.0966282 -0.000766751 48 -0.043588 0.0814935 -0.000944622
276 1 0.595507 0.424444 0 -6.33654e-05 0.000356958 0 0.00973881 0.0962146 -0.00125117 48 -0.0436743 0.0813467 -0.00153469
277 1 0.633704 0.424473 0 -8.88483e-05 0.000357615 0 0.0091733 0.095575 -0.00169417 48 -0.0437849 0.0810997 -0.0020636
300 1 0.519077 0.467598 0 -1.30493e-05 0.000408348 0 0.00905172 0.0972654 -0.000151682 48 -0.0447325 0.0828116 -0.000185927
301 1 0.557232 0.467603 0 -3.95405e-05 0.000408862 0 0.00886781 0.0970502 -0.000450065 48 -0.0447639 0.0827221 -0.000550424
302 1 0.595384 0.467615 0 -6.59193e-05 0.000409219 0 0.00850541 0.0966115 -0.000733255 48 -0.0448184 0.0825315 -0.000892549
303 1 0.633534 0.467634 0 -9.21267e-05 0.000410029 0 0.00797564 0.0959332 -0.000990482 48 -0.0448791 0.0822167 -0.00119661
326 1 0.519065 0.510812 0 -1.33073e-05 0.000455748 0 0.00842103 0.0974743 -4.92862e-05 48 -0.0453209 0.0834279 -6.0126e-05
327 1 0.557195 0.510814 0 -4.0645e-05 0.000456083 0 0.00824286 0.0972526 -0.000146178 48 -0.0453442 0.0833272 -0.000177909
328 1 0.595323 0.510818 0 -6.73939e-05 0.000455732 0 0.0078925 0.096801 -0.000237938 48 -0.0453819 0.0831138 -0.00028817
329 1 0.63345 0.510825 0 -9.46678e-05 0.000456461 0 0.00738179 0.0961026 -0.000320953 48 -0.0454165 0.0827637 -0.000385678
252 1 0.672223 0.381422 0 -0.000109164 0.000318872 0 0.0101893 0.0941967 -0.00301589 48 -0.0423185 0.0791405 -0.00368071
253 1 0.710474 0.381504 0 -0.000134103 0.000320561 0 0.00921352 0.0931225 -0.00347595 48 -0.0425306 0.0787531 -0.00418804
254 1 0.748716 0.381619 0 -0.000158733 0.000322952 0 0.00808212 0.091741 -0.00379886 48 -0.042706 0.0781669 -0.00449609
255 1 0.786952 0.381778 0 -0.000183414 0.000324503 0 0.0068124 0.0899863 -0.00395639 48 -0.0427963 0.077304 -0.0045673
278 1 0.671896 0.424518 0 -0.000114337 0.00035829 0 0.00844129 0.0946853 -0.00207693 48 -0.0438966 0.0807188 -0.00250418
279 1 0.710084 0.424582 0 -0.000140163 0.00035968 0 0.00756229 0.0935117 -0.00237927 48 -0.0439767 0.0801574 -0.0028279
280 1 0.748269 0.424671 0 -0.000165693 0.000361808 0 0.00655921 0.0920082 -0.00258082 48 -0.0439838 0.079355 -0.00300683
281 1 0.786457 0.424791 0 -0.000191852 0.000365817 0 0.00545249 0.0901134 -0.00266391 48 -0.0438701 0.078238 -0.00301821
304 1 0.671682 0.467662 0 -0.000119005 0.000411181 0 0.00729529 0.0949901 -0.00121023 48 -0.0449204 0.0817419 -0.00144612
305 1 0.709828 0.467703 0 -0.000145062 0.000412708 0 0.00648655 0.0937478 -0.00138046 48 -0.0449076 0.0810591 -0.00162418
306 1 0.747978 0.467759 0 -0.000171818 0.000413702 0 0.00557474 0.0921617 -0.00148942 48 -0.0447985 0.0801085 -0.0017149
307 1 0.786135 0.467834 0 -0.000198079 0.000414273 0 0.00458158 0.0901744 -0.00152757 48 -0.0445468 0.078821 -0.00170635
330 1 0.671576 0.510835 0 -0.000121362 0.000456866 0 0.00672878 0.0951321 -0.000391396 48 -0.0454213 0.0822404 -0.000464966
331 1 0.709703 0.510849 0 -0.000148484 0.000457735 0 0.00595688 0.0938551 -0.000445273 48 -0.0453608 0.0814955 -0.000520473
332 1 0.747835 0.510868 0 -0.00017548 0.000459726 0 0.00509246 0.0922276 -0.00047881 48 -0.0451926 0.08047 -0.000547124
333 1 0.785977 0.510893 0 -0.000202198 0.000461606 0 0.00415747 0.0901947 -0.000489035 48 -0.0448715 0.0790973 -0.000541259
256 1 0.825187 0.381989 0 -0.000208797 0.000327517 0 0.00540522 0.0877623 -0.0039304 48 -0.0427496 0.076069 -0.00438133
257 1 0.863429 0.382264 0 -0.000233278 0.00033042 0 0.00380518 0.084926 -0.003729 47 -0.042533 0.07436 -0.00395947
258 1 0.901687 0.382609 0 -0.000258957 0.000335176 0 0.00166304 0.0812336 -0.00345906 42 -0.0422891 0.0721738 -0.00347524
259 1 0.939967 0.383021 0 -0.000283439 0.000341166 0 -0.00190139 0.0764876 -0.00322028 35 -0.0425955 0.0698931 -0.0030704
260 1 0.978268 0.383481 0 -0.000308524 0.00034849 0 -0.00723011 0.0710305 -0.00296367 28 -0.0438885 0.0680621 -0.00263951
282 1 0.824653 0.424951 0 -0.000217355 0.00036985 0 0.00424251 0.0877425 -0.00261976 48 -0.0435908 0.0767246 -0.0028539
283 1 0.862867 0.425156 0 -0.000243349 0.00037444 0 0.00286951 0.0847738 -0.00245943 47 -0.0431284 0.0747381 -0.00253664
284 1 0.901108 0.425409 0 -0.000268582 0.000380024 0 0.000939445 0.0809734 -0.00226044 42 -0.042665 0.0723129 -0.0021905
285 1 0.93938 0.425708 0 -0.000294098 0.000384998 0 -0.0023474 0.0762385 -0.00209098 35 -0.0427639 0.0698686 -0.00191087
286 1 0.977682 0.426036 0 -0.000319068 0.000389925 0 -0.00711676 0.071059 -0.00191963 28 -0.0437716 0.0679523 -0.00162936
308 1 0.824307 0.467933 0 -0.000224365 0.000416179 0 0.00350629 0.0877099 -0.00149141 48 -0.0441138 0.0771254 -0.00159624
309 1 0.862504 0.468059 0 -0.000250515 0.00041799 0 0.00228555 0.0846621 -0.00138959 47 -0.0434929 0.0749631 -0.00140106
310 1 0.900734 0.468214 0 -0.000276297 0.00042088 0 0.00049841 0.0808051 -0.00126878 42 -0.0428909 0.0723929 -0.00119479
311 1 0.939002 0.468394 0 -0.000301729 0.000424691 0 -0.00260041 0.0760956 -0.0011684 35 -0.042859 0.0698551 -0.00103193
312 1 0.977304 0.468591 0 -0.000326929 0.00042992 0 -0.00700461 0.0711091 -0.00107094 28 -0.0436867 0.067894 -0.000874145
334 1 0.824138 0.510927 0 -0.000229032 0.000464265 0 0.00315029 0.0876851 -0.000475096 48 -0.0443623 0.077312 -0.00050258
335 1 0.862326 0.510969 0 -0.00025555 0.000465946 0 0.00200579 0.0846008 -0.000440221 47 -0.043664 0.0750651 -0.000437035
336 1 0.900552 0.51102 0 -0.000281542 0.000468651 0 0.000290505 0.0807206 -0.000399781 42 -0.0429954 0.0724272 -0.000368869
337 1 0.938818 0.511079 0 -0.0003073 0.000470443 0 -0.00271317 0.0760297 -0.000366445 35 -0.0429004 0.0698476 -0.000315467
338 1 0.97712 0.511144 0 -0.000332502 0.00047193 0 -0.00693616 0.0711429 -0.000334868 28 -0.0436408 0.0678679 -0.000264894
339 2 0.022877 0.553698 0 0.000335585 0.000512059 0 -0.00693065 0.0711413 -0.000363791 28 -0.0436359 0.0678631 -0.000296276
340 2 0.0611795 0.553765 0 0.000310095 0.000510055 0 -0.00271012 0.0760256 -0.000395256 35 -0.0428961 0.0698419 -0.00034723
341 2 0.0994459 0.553827 0 0.000284585 0.000508603 0 0.000292198 0.0807145 -0.000428089 42 -0.0429911 0.0724205 -0.00040054
342 2 0.137672 0.55388 0 0.000258053 0.000507809 0 0.00200712 0.0845935 -0.000468413 47 -0.0436594 0.0750574 -0.00046943
343 2 0.17586 0.553923 0 0.000231615 0.000507158 0 0.00315159 0.087677 -0.000502964 48 -0.0443573 0.0773035 -0.000535559
365 2 0.022688 0.596251 0 0.00033607 0.000554074 0 -0.0069879 0.0711046 -0.00109827 28 -0.0436721 0.0678798 -0.000903929
366 2 0.0609904 0.596451 0 0.000310523 0.000555859 0 -0.00259139 0.0760833 -0.00119553 35 -0.0428463 0.0698384 -0.00106193
367 2 0.0992591 0.596633 0 0.000284619 0.000556884 0 0.000503383 0.080787 -0.00129537 42 -0.0428782 0.072373 -0.00122464
368 2 0.13749 0.596789 0 0.000258411 0.000558185 0 0.00228936 0.0846403 -0.00141603 47 -0.0434791 0.0749402 -0.00143155
369 2 0.175687 0.596916 0 0.000231508 0.000558584 0 0.0035099 0.0876858 -0.00151753 48 -0.044099 0.0771002 -0.00162727
391 2 0.0223056 0.638805 0 0.000333587 0.000594555 0 -0.00709005 0.0710509 -0.00194387 28 -0.0437477 0.0679286 -0.00165602
392 2 0.0606077 0.639136 0 0.000308176 0.000596365 0 -0.00233311 0.0762179 -0.00211485 35 -0.042743 0.0698408 -0.00193747
393 2 0.0988811 0.639436 0 0.000282108 0.000597863 0 0.000947089 0.0809434 -0.00228366 42 -0.0426444 0.0722801 -0.00221674
394 2 0.137123 0.639691 0 0.000256009 0.000599521 0 0.00287526 0.0847379 -0.00248243 47 -0.0431062 0.0747007 -0.00256336
395 2 0.175337 0.639897 0 0.000229151 0.000600785 0 0.00424787 0.0877029 -0.00264245 48 -0.043567 0.0766837 -0.00288109
417 2 0.0217153 0.68136 0 0.000327859 0.000636289 0 -0.0071946 0.0710183 -0.00298323 28 -0.0438558 0.0680292 -0.00266142
418 2 0.0600169 0.681821 0 0.000302237 0.000641235 0 -0.00188305 0.0764585 -0.00323923 35 -0.0425672 0.0698548 -0.00309178
419 2 0.0982982 0.682234 0 0.000276386 0.000645564 0 0.00167248 0.0811921 -0.0034773 42 -0.0422613 0.0721291 -0.00349611
420 2 0.136557 0.682581 0 0.000249823 0.000649318 0 0.00381193 0.0848768 -0.00374694 47 -0.0425032 0.0743093 -0.00398061
421 2 0.1748 0.682857 0 0.000223867 0.000651887 0 0.00541133 0.0877084 -0.00394809 48 -0.0427178 0.0760138 -0.00440286
344 2 0.214021 0.553957 0 0.000204758 0.000506887 0 0.00415872 0.090186 -0.000515766 48 -0.0448663 0.0790882 -0.000573676
345 2 0.252164 0.553983 0 0.000177304 0.000507215 0 0.00509363 0.0922186 -0.00050364 48 -0.0451872 0.0804606 -0.000577849
346 2 0.290296 0.554002 0 0.000150307 0.000507213 0 0.00595803 0.093846 -0.00046751 48 -0.0453553 0.0814859 -0.000548445
347 2 0.328423 0.554016 0 0.000122882 0.000507 0 0.00672981 0.0951229 -0.000410426 48 -0.0454158 0.0822307 -0.000489223
370 2 0.21386 0.597015 0 0.000204579 0.000558597 0 0.00458504 0.0901487 -0.00155263 48 -0.0445313 0.0787943 -0.00173687
371 2 0.252018 0.597091 0 0.000177442 0.000558061 0 0.00557794 0.0921349 -0.00151269 48 -0.0447826 0.0800807 -0.00174383
372 2 0.290168 0.597148 0 0.000150015 0.000557739 0 0.00648942 0.0937203 -0.00140131 48 -0.0448915 0.0810306 -0.00165053
373 2 0.328315 0.597188 0 0.000122947 0.000556918 0 0.00729785 0.0949621 -0.0012281 48 -0.0449042 0.081713 -0.00146901
396 2 0.213535 0.640057 0 0.000202287 0.000602343 0 0.00545751 0.0900713 -0.0026857 48 -0.0438451 0.0781947 -0.00304499
397 2 0.251724 0.640178 0 0.000175168 0.000603443 0 0.00656385 0.0919645 -0.00260111 48 -0.0439581 0.07931 -0.0030323
398 2 0.28991 0.640267 0 0.000148419 0.000604441 0 0.00756641 0.0934669 -0.00239749 48 -0.0439507 0.0801114 -0.00285116
399 2 0.328099 0.640331 0 0.000121003 0.000605025 0 0.0084449 0.0946399 -0.00209255 48 -0.0438706 0.0806722 -0.00252441
422 2 0.213037 0.683069 0 0.00019685 0.000653185 0 0.00681795 0.0899291 -0.00397342 48 -0.042763 0.0772457 -0.0045886
423 2 0.251274 0.683227 0 0.000170891 0.000654973 0 0.00808698 0.0916816 -0.00381476 48 -0.042672 0.0781066 -0.00451642
424 2 0.289518 0.683343 0 0.000143722 0.000655418 0 0.00921765 0.0930616 -0.0034903 48 -0.0424963 0.0786916 -0.00420671
425 2 0.32777 0.683424 0 0.000117982 0.000655358 0 0.0101927 0.0941349 -0.00302826 48 -0.0422842 0.0790784 -0.00369704
348 2 0.366549 0.554026 0 9.53752e-05 0.000506729 0 0.00738272 0.0960933 -0.000336294 48 -0.045411 0.0827539 -0.000405435
349 2 0.404676 0.554033 0 6.82563e-05 0.000506151 0 0.00789331 0.0967916 -0.000249184 48 -0.0453764 0.083104 -0.000302764
350 2 0.442805 0.554037 0 4.06374e-05 0.000505667 0 0.00824362 0.0972431 -0.000153041 48 -0.0453387 0.0833173 -0.000186857
351 2 0.480935 0.554038 0 1.38593e-05 0.00050549 0 0.00842172 0.0974648 -5.15952e-05 48 -0.0453155 0.083418 -6.31447e-05
374 2 0.366464 0.597217 0 9.54622e-05 0.000556921 0 0.00797792 0.095905 -0.00100489 48 -0.0448629 0.0821876 -0.00121527
375 2 0.404614 0.597236 0 6.82399e-05 0.00055682 0 0.00850745 0.0965832 -0.000743825 48 -0.0448023 0.0825024 -0.000906334
376 2 0.442767 0.597247 0 4.09795e-05 0.000557114 0 0.00886967 0.0970218 -0.000456516 48 -0.0447479 0.0826929 -0.000558881
377 2 0.480922 0.597252 0 1.3554e-05 0.000557027 0 0.0090535 0.097237 -0.000153857 48 -0.0447166 0.0827825 -0.000188784
400 2 0.366292 0.640375 0 9.45101e-05 0.000605919 0 0.00917642 0.0955291 -0.00170679 48 -0.043759 0.0810529 -0.00208011
401 2 0.40449 0.640405 0 6.70497e-05 0.000605104 0 0.00974152 0.0961685 -0.00126044 48 -0.0436485 0.0812998 -0.00154691
402 2 0.442692 0.640423 0 4.05606e-05 0.000605817 0 0.0101259 0.0965819 -0.000772418 48 -0.0435624 0.0814465 -0.000952128
403 2 0.480897 0.640431 0 1.3221e-05 0.000605262 0 0.0103203 0.0967849 -0.000260127 48 -0.0435157 0.0815147 -0.000321324
426 2 0.366032 0.683481 0 9.09914e-05 0.000656133 0 0.0109937 0.0949475 -0.00245863 48 -0.0420741 0.0793262 -0.00302919
427 2 0.404302 0.683518 0 6.54134e-05 0.00065564 0 0.0116061 0.0955319 -0.00180957 48 -0.0418946 0.0794782 -0.00224356
428 2 0.442578 0.68354 0 3.8738e-05 0.000656181 0 0.0120196 0.0959101 -0.00110651 48 -0.0417649 0.0795643 -0.00137729
429 2 0.480859 0.68355 0 1.33933e-05 0.000656104 0 0.0122278 0.0960959 -0.000372238 48 -0.0416973 0.079603 -0.000464209
352 2 0.519065 0.554038 0 -1.38593e-05 0.00050549 0 0.00842172 0.0974648 5.15952e-05 48 -0.0453155 0.083418 6.31447e-05
353 2 0.557195 0.554037 0 -4.06374e-05 0.000505667 0 0.00824362 0.0972431 0.000153041 48 -0.0453387 0.0833173 0.000186857
354 2 0.595324 0.554033 0 -6.82563e-05 0.000506151 0 0.00789331 0.0967916 0.000249184 48 -0.0453764 0.083104 0.000302764
355 2 0.633451 0.554026 0 -9.53752e-05 0.000506729 0 0.00738272 0.0960933 0.000336294 48 -0.045411 0.0827539 0.000405435
378 2 0.519078 0.597252 0 -1.3554e-05 0.000557027 0 0.0090535 0.097237 0.000153857 48 -0.0447166 0.0827825 0.000188784
379 2 0.557233 0.597247 0 -4.09795e-05 0.000557114 0 0.00886967 0.0970218 0.000456516 48 -0.0447479 0.0826929 0.000558881
380 2 0.595386 0.597236 0 -6.82399e-05 0.00055682 0 0.00850745 0.0965832 0.000743825 48 -0.0448023 0.0825024 0.000906334
381 2 0.633536 0.597217 0 -9.54622e-05 0.000556921 0 0.00797792 0.095905 0.00100489 48 -0.0448629 0.0821876 0.00121527
404 2 0.519103 0.640431 0 -1.3221e-05 0.000605262 0 0.0103203 0.0967849 0.000260127 48 -0.0435157 0.0815147 0.000321324
405 2 0.557308 0.640423 0 -4.05606e-05 0.000605817 0 0.0101259 0.0965819 0.000772418 48 -0.0435624 0.0814465 0.000952128
406 2 0.59551 0.640405 0 -6.70497e-05 0.000605104 0 0.00974152 0.0961685 0.00126044 48 -0.0436485 0.0812998 0.00154691
407 2 0.633708 0.640375 0 -9.45101e-05 0.000605919 0 0.00917642 0.0955291 0.00170679 48 -0.043759 0.0810529 0.00208011
430 2 0.519141 0.68355 0 -1.33933e-05 0.000656104 0 0.0122278 0.0960959 0.000372238 48 -0.0416973 0.079603 0.000464209
431 2 0.557422 0.68354 0 -3.8738e-05 0.000656181 0 0.0120196 0.0959101 0.00110651 48 -0.0417649 0.0795643 0.00137729
432 2 0.595698 0.683518 0 -6.54134e-05 0.00065564 0 0.0116061 0.0955319 0.00180957 48 -0.0418946 0.0794782 0.00224356
433 2 0.633968 0.683481 0 -9.09914e-05 0.000656133 0 0.0109937 0.0949475 0.00245863 48 -0.0420741 0.0793262 0.00302919
356 2 0.671577 0.554016 0 -0.000122882 0.000507 0 0.00672981 0.0951229 0.000410426 48 -0.0454158 0.0822307 0.000489223
357 2 0.709704 0.554002 0 -0.000150307 0.000507213 0 0.00595803 0.093846 0.00046751 48 -0.0453553 0.0814859 0.000548445
358 2 0.747836 0.553983 0 -0.000177304 0.000507215 0 0.00509363 0.0922186 0.00050364 48 -0.0451872 0.0804606 0.000577849
359 2 0.785979 0.553957 0 -0.000204758 0.000506887 0 0.00415872 0.090186 0.000515766 48 -0.0448663 0.0790882 0.000573676
382 2 0.671685 0.597188 0 -0.000122947 0.000556918 0 0.00729785 0.0949621 0.0012281 48 -0.0449042 0.081713 0.00146901
383 2 0.709832 0.597148 0 -0.000150015 0.000557739 0 0.00648942 0.0937203 0.00140131 48 -0.0448915 0.0810306 0.00165053
384 2 0.747982 0.597091 0 -0.000177442 0.000558061 0 0.00557794 0.0921349 0.00151269 48 -0.0447826 0.0800807 0.00174383
385 2 0.78614 0.597015 0 -0.000204579 0.000558597 0 0.00458504 0.0901487 0.00155263 48 -0.0445313 0.0787943 0.00173687
408 2 0.671901 0.640331 0 -0.000121003 0.000605025 0 0.0084449 0.0946399 0.00209255 48 -0.0438706 0.0806722 0.00252441
409 2 0.71009 0.640267 0 -0.000148419 0.000604441 0 0.00756641 0.0934669 0.00239749 48 -0.0439507 0.0801114 0.00285116
410 2 0.748276 0.640178 0 -0.000175168 0.000603443 0 0.00656385 0.0919645 0.00260111 48 -0.0439581 0.07931 0.0030323
411 2 0.786465 0.640057 0 -0.000202287 0.000602343 0 0.00545751 0.0900713 0.0026857 48 -0.0438451 0.0781947 0.00304499
434 2 0.67223 0.683424 0 -0.000117982 0.000655358 0 0.0101927 0.0941349 0.00302826 48 -0.0422842 0.0790784 0.00369704
435 2 0.710482 0.683343 0 -0.000143722 0.000655418 0 0.00921765 0.0930616 0.0034903 48 -0.0424963 0.0786916 0.00420671
436 2 0.748726 0.683227 0 -0.000170891 0.000654973 0 0.00808698 0.0916816 0.00381476 48 -0.042672 0.0781066 0.00451642
437 2 0.786963 0.683069 0 -0.00019685 0.000653185 0 0.00681795 0.0899291 0.00397342 48 -0.042763 0.0772457 0.0045886
360 2 0.82414 0.553923 0 -0.000231615 0.000507158 0 0.00315159 0.087677 0.000502964 48 -0.0443573 0.0773035 0.000535559
361 2 0.862328 0.55388 0 -0.000258053 0.000507809 0 0.00200712 0.0845935 0.000468413 47 -0.0436594 0.0750574 0.00046943
362 2 0.900554 0.553827 0 -0.000284585 0.000508603 0 0.000292198 0.0807145 0.000428089 42 -0.0429911 0.0724205 0.00040054
363 2 0.93882 0.553765 0 -0.000310095 0.000510055 0 -0.00271012 0.0760256 0.000395256 35 -0.0428961 0.0698419 0.00034723
364 2 0.977123 0.553698 0 -0.000335585 0.000512059 0 -0.00693065 0.0711413 0.000363791 28 -0.0436359 0.0678631 0.000296276
386 2 0.824313 0.596916 0 -0.000231508 0.000558584 0 0.0035099 0.0876858 0.00151753 48 -0.044099 0.0771002 0.00162727
387 2 0.86251 0.596789 0 -0.000258411 0.000558185 0 0.00228936 0.0846403 0.00141603 47 -0.0434791 0.0749402 0.00143155
388 2 0.900741 0.596633 0 -0.000284619 0.000556884 0 0.000503383 0.080787 0.00129537 42 -0.0428782 0.072373 0.00122464
389 2 0.93901 0.596451 0 -0.000310523 0.000555859 0 -0.00259139 0.0760833 0.00119553 35 -0.0428463 0.0698384 0.00106193
390 2 0.977312 0.596251 0 -0.00033607 0.000554074 0 -0.0069879 0.0711046 0.00109827 28 -0.0436721 0.0678798 0.000903929
412 2 0.824663 0.639897 0 -0.000229151 0.000600785 0 0.00424787 0.0877029 0.00264245 48 -0.043567 0.0766837 0.00288109
413 2 0.862877 0.639691 0 -0.000256009 0.000599521 0 0.00287526 0.0847379 0.00248243 47 -0.0431062 0.0747007 0.00256336
414 2 0.901119 0.639436 0 -0.000282108 0.000597863 0 0.000947089 0.0809434 0.00228366 42 -0.0426444 0.0722801 0.00221674
415 2 0.939392 0.639136 0 -0.000308176 0.000596365 0 -0.00233311 0.0762179 0.00211485 35 -0.042743 0.0698408 0.00193747
416 2 0.977694 0.638805 0 -0.000333587 0.000594555 0 -0.00709005 0.0710509 0.00194387 28 -0.0437477 0.0679286 0.00165602
438 2 0.8252 0.682857 0 -0.000223867 0.000651887 0 0.00541133 0.0877084 0.00394809 48 -0.0427178 0.0760138 0.00440286
439 2 0.863443 0.682581 0 -0.000249823 0.000649318 0 0.00381193 0.0848768 0.00374694 47 -0.0425032 0.0743093 0.00398061
440 2 0.901702 0.682234 0 -0.000276386 0.000645564 0 0.00167248 0.0811921 0.0034773 42 -0.0422613 0.0721291 0.00349611
441 2 0.939983 0.681821 0 -0.000302237 0.000641235 0 -0.00188305 0.0764585 0.00323923 35 -0.0425672 0.0698548 0.00309178
442 2 0.978285 0.68136 0 -0.000327859 0.000636289 0 -0.0071946 0.0710183 0.00298323 28 -0.0438558 0.0680292 0.00266142
443 2 0.0208946 0.723918 0 0.000318403 0.000676939 0 -0.00722499 0.0710638 -0.00431046 28 -0.0439767 0.068205 -0.00404742
444 2 0.0591959 0.724506 0 0.000292745 0.000682878 0 -0.00115365 0.0768444 -0.00466244 35 -0.0422807 0.0698804 -0.0046573
445 2 0.0974898 0.725025 0 0.000267015 0.000687498 0 0.00275787 0.0815368 -0.00496315 42 -0.041678 0.0718908 -0.00518973
446 2 0.135776 0.725452 0 0.000241418 0.000691932 0 0.00517181 0.0850327 -0.00528565 47 -0.041607 0.0737119 -0.00579881
447 2 0.174061 0.725785 0 0.000214979 0.000696005 0 0.00706801 0.0876629 -0.00549634 48 -0.0414811 0.0750229 -0.00629048
469 2 0.0198128 0.766483 0 0.000304537 0.000718232 0 -0.00704955 0.0712626 -0.00603354 28 -0.0440621 0.0684726 -0.00596586
470 2 0.0581152 0.767191 0 0.000278731 0.000726509 0 -1.00314e-05 0.0774162 -0.00648484 35 -0.0418127 0.0698984 -0.0067824
471 2 0.0964291 0.767803 0 0.000253083 0.000733605 0 0.00431524 0.0819631 -0.00682602 42 -0.0408096 0.0715051 -0.00742905
472 2 0.134755 0.768293 0 0.000227502 0.000739117 0 0.00705225 0.0851524 -0.00716355 47 -0.0403195 0.0728166 -0.00812507
473 2 0.1731 0.768667 0 0.000202509 0.000742486 0 0.00930357 0.0874961 -0.00733093 48 -0.0397547 0.0736054 -0.00862227
495 2 0.0184306 0.809061 0 0.000285335 0.00075915 0 -0.00644508 0.0717056 -0.00827176 28 -0.0440046 0.0688185 -0.00859642
496 2 0.0567381 0.809875 0 0.000259798 0.000768869 0 0.0017416 0.078195 -0.0088054 35 -0.0410372 0.0698438 -0.00962624
497 2 0.0950841 0.810559 0 0.000234981 0.000776291 0 0.00648725 0.0824083 -0.00913566 42 -0.0395206 0.0708531 -0.0103367
498 2 0.133469 0.81109 0 0.000210174 0.000783344 0 0.00956507 0.0851243 -0.00941838 47 -0.0384974 0.0714701 -0.0110387
499 2 0.171899 0.811481 0 0.000186276 0.000788247 0 0.0122056 0.0870801 -0.00945995 48 -0.0373994 0.0716015 -0.0114344
521 2 0.0167003 0.851658 0 0.000260351 0.000800298 0 -0.00505652 0.0724682 -0.0111355 28 -0.0435864 0.0691426 -0.0121321
522 2 0.055023 0.852554 0 0.000234962 0.000811307 0 0.00434037 0.0791187 -0.0116946 35 -0.0397451 0.0695502 -0.0133306
523 2 0.0934216 0.853279 0 0.000210492 0.000819541 0 0.00941904 0.0826978 -0.0119175 42 -0.0376072 0.0697091 -0.0139917
524 2 0.131894 0.85382 0 0.000187436 0.000825946 0 0.0128049 0.0847243 -0.0120297 47 -0.0359412 0.06942 -0.0145516
525 2 0.170441 0.854202 0 0.000164845 0.000829723 0 0.0158258 0.0861832 -0.011826 48 -0.0342385 0.0687702 -0.0146801
448 2 0.212354 0.726036 0 0.000189713 0.000698648 0 0.00872554 0.0896769 -0.00546241 48 -0.0412158 0.0758771 -0.00644475
449 2 0.250661 0.726221 0 0.000163312 0.000700455 0 0.0101955 0.0912416 -0.00518634 48 -0.0408613 0.0764057 -0.00625316
450 2 0.288984 0.726354 0 0.000138442 0.000701798 0 0.0114792 0.0924634 -0.00470114 48 -0.0404747 0.0767162 -0.00575701
451 2 0.327324 0.726447 0 0.00011236 0.000702886 0 0.0125658 0.093411 -0.00404824 48 -0.0401015 0.0768875 -0.00501329
474 2 0.211472 0.768942 0 0.000177255 0.000745219 0 0.0112498 0.08924 -0.0071772 48 -0.0391075 0.0739858 -0.00866388
475 2 0.249873 0.769139 0 0.00015304 0.000747776 0 0.0129404 0.0905727 -0.00672563 48 -0.0384435 0.0741165 -0.00827025
476 2 0.288302 0.769279 0 0.00012852 0.000749014 0 0.0143835 0.0916075 -0.00603003 48 -0.0378195 0.0741114 -0.00751365
477 2 0.326756 0.769374 0 0.000105134 0.00075027 0 0.01558 0.0924112 -0.00514713 48 -0.0372721 0.0740434 -0.00647478
500 2 0.210377 0.811761 0 0.000163 0.000791719 0 0.0144504 0.0884911 -0.00910381 48 -0.0363168 0.0714258 -0.0112476
501 2 0.248901 0.811957 0 0.000140016 0.000794044 0 0.016352 0.0895564 -0.00840542 48 -0.0353219 0.0711171 -0.0105465
502 2 0.287465 0.812091 0 0.000117783 0.000795265 0 0.0179336 0.0903857 -0.00744436 48 -0.0344596 0.0707817 -0.00944393
503 2 0.326063 0.812181 0 9.55313e-05 0.000795716 0 0.0192152 0.0910377 -0.00629278 48 -0.0337477 0.070475 -0.00804605
526 2 0.20906 0.854465 0 0.000143518 0.000832905 0 0.0183331 0.0872082 -0.0111637 48 -0.0327047 0.0679898 -0.0141116
527 2 0.247741 0.854643 0 0.00012291 0.000834598 0 0.0203912 0.0879846 -0.0101408 48 -0.031399 0.0672409 -0.0129817
528 2 0.286473 0.854761 0 0.000102812 0.000836277 0 0.0220516 0.0886038 -0.0088634 48 -0.0303352 0.0665988 -0.0114479
529 2 0.325246 0.854837 0 8.38249e-05 0.000837509 0 0.0233629 0.0891069 -0.00741523 48 -0.0294991 0.0660855 -0.00963801
452 2 0.365679 0.72651 0 8.78478e-05 0.000703851 0 0.0134448 0.094129 -0.00326767 48 -0.0397742 0.0769744 -0.00407903
453 2 0.404047 0.726551 0 6.21603e-05 0.000703954 0 0.0141086 0.0946466 -0.00239487 48 -0.039514 0.0770134 -0.00300593
454 2 0.442424 0.726575 0 3.76793e-05 0.000704602 0 0.014553 0.0949824 -0.00146038 48 -0.0393343 0.0770281 -0.0018393
455 2 0.480807 0.726587 0 1.22072e-05 0.000704413 0 0.0147756 0.0951477 -0.000490616 48 -0.0392427 0.0770322 -0.000618935
478 2 0.365232 0.769438 0 8.09211e-05 0.000750204 0 0.0165314 0.0930235 -0.00412667 48 -0.0368222 0.0739565 -0.0052263
479 2 0.403725 0.769479 0 5.81834e-05 0.00075065 0 0.0172404 0.0934678 -0.00300966 48 -0.0364804 0.0738764 -0.00382935
480 2 0.44223 0.769503 0 3.44197e-05 0.000750595 0 0.0177105 0.0937578 -0.00182945 48 -0.0362512 0.073817 -0.00233447
481 2 0.480743 0.769514 0 1.16297e-05 0.0007507 0 0.0179447 0.0939011 -0.000613645 48 -0.0361363 0.0737859 -0.000784136
504 2 0.364689 0.81224 0 7.44247e-05 0.0007972 0 0.0202153 0.0915419 -0.00500779 48 -0.0331887 0.0702219 -0.0064388
505 2 0.403335 0.812276 0 5.25105e-05 0.000796877 0 0.0209501 0.0919131 -0.00363278 48 -0.0327778 0.0700317 -0.00468868
506 2 0.441995 0.812298 0 3.17864e-05 0.000797773 0 0.0214325 0.0921582 -0.0022006 48 -0.0325085 0.0699058 -0.00284698
507 2 0.480664 0.812307 0 1.04373e-05 0.000797546 0 0.0216715 0.0922802 -0.000736887 48 -0.0323754 0.0698433 -0.000954422
530 2 0.36405 0.854886 0 6.431e-05 0.000837788 0 0.024366 0.0895088 -0.00585529 48 -0.028867 0.0656976 -0.00764427
531 2 0.402878 0.854916 0 4.61298e-05 0.0008383 0 0.025092 0.0898126 -0.00422411 48 -0.0284155 0.0654228 -0.00553136
532 2 0.44172 0.854932 0 2.73791e-05 0.000838283 0 0.0255639 0.0900169 -0.00254975 48 -0.0281254 0.065248 -0.00334508
533 2 0.480572 0.85494 0 9.12534e-06 0.000838384 0 0.0257962 0.0901197 -0.000852325 48 -0.0279836 0.0651633 -0.0011192
456 2 0.519193 0.726587 0 -1.22072e-05 0.000704413 0 0.0147756 0.0951477 0.000490616 48 -0.0392427 0.0770322 0.000618935
457 2 0.557576 0.726575 0 -3.76793e-05 0.000704602 0 0.014553 0.0949824 0.00146038 48 -0.0393343 0.0770281 0.0018393
458 2 0.595953 0.726551 0 -6.21603e-05 0.000703954 0 0.0141086 0.0946466 0.00239487 48 -0.039514 0.0770134 0.00300593
459 2 0.634321 0.72651 0 -8.78478e-05 0.000703851 0 0.0134448 0.094129 0.00326767 48 -0.0397742 0.0769744 0.00407903
482 2 0.519257 0.769514 0 -1.16297e-05 0.0007507 0 0.0179447 0.0939011 0.000613645 48 -0.0361363 0.0737859 0.000784136
483 2 0.55777 0.769503 0 -3.44197e-05 0.000750595 0 0.0177105 0.0937578 0.00182945 48 -0.0362512 0.073817 0.00233447
484 2 0.596275 0.769479 0 -5.81834e-05 0.00075065 0 0.0172404 0.0934678 0.00300966 48 -0.0364804 0.0738764 0.00382935
485 2 0.634768 0.769438 0 -8.09211e-05 0.000750204 0 0.0165314 0.0930235 0.00412667 48 -0.0368222 0.0739565 0.0052263
508 2 0.519336 0.812307 0 -1.04373e-05 0.000797546 0 0.0216715 0.0922802 0.000736887 48 -0.0323754 0.0698433 0.000954422
509 2 0.558005 0.812298 0 -3.17864e-05 0.000797773 0 0.0214325 0.0921582 0.0022006 48 -0.0325085 0.0699058 0.00284698
510 2 0.596665 0.812276 0 -5.25105e-05 0.000796877 0 0.0209501 0.0919131 0.00363278 48 -0.0327778 0.0700317 0.00468868
511 2 0.635311 0.81224 0 -7.44247e-05 0.0007972 0 0.0202153 0.0915419 0.00500779 48 -0.0331887 0.0702219 0.0064388
534 2 0.519428 0.85494 0 -9.12534e-06 0.000838384 0 0.0257962 0.0901197 0.000852325 48 -0.0279836 0.0651633 0.0011192
535 2 0.55828 0.854932 0 -2.73791e-05 0.000838283 0 0.0255639 0.0900169 0.00254975 48 -0.0281254 0.065248 0.00334508
536 2 0.597122 0.854916 0 -4.61298e-05 0.0008383 0 0.025092 0.0898126 0.00422411 48 -0.0284155 0.0654228 0.00553136
537 2 0.63595 0.854886 0 -6.431e-05 0.000837788 0 0.024366 0.0895088 0.00585529 48 -0.028867 0.0656976 0.00764427
460 2 0.672676 0.726447 0 -0.00011236 0.000702886 0 0.0125658 0.093411 0.00404824 48 -0.0401015 0.0768875 0.00501329
461 2 0.711016 0.726354 0 -0.000138442 0.000701798 0 0.0114792 0.0924634 0.00470114 48 -0.0404747 0.0767162 0.00575701
462 2 0.749339 0.726221 0 -0.000163312 0.000700455 0 0.0101955 0.0912416 0.00518634 48 -0.0408613 0.0764057 0.00625316
463 2 0.787646 0.726036 0 -0.000189713 0.000698648 0 0.00872554 0.0896769 0.00546241 48 -0.0412158 0.0758771 0.00644475
486 2 0.673244 0.769374 0 -0.000105134 0.00075027 0 0.01558 0.0924112 0.00514713 48 -0.0372721 0.0740434 0.00647478
487 2 0.711698 0.769279 0 -0.00012852 0.000749014 0 0.0143835 0.0916075 0.00603003 48 -0.0378195 0.0741114 0.00751365
488 2 0.750127 0.769139 0 -0.00015304 0.000747776 0 0.0129404 0.0905727 0.00672563 48 -0.0384435 0.0741165 0.00827025
489 2 0.788528 0.768942 0 -0.000177255 0.000745219 0 0.0112498 0.08924 0.0071772 48 -0.0391075 0.0739858 0.00866388
512 2 0.673937 0.812181 0 -9.55313e-05 0.000795716 0 0.0192152 0.0910377 0.00629278 48 -0.0337477 0.070475 0.00804605
513 2 0.712535 0.812091 0 -0.000117783 0.000795265 0 0.0179336 0.0903857 0.00744436 48 -0.0344596 0.0707817 0.00944393
514 2 0.751099 0.811957 0 -0.000140016 0.000794044 0 0.016352 0.0895564 0.00840542 48 -0.0353219 0.0711171 0.0105465
515 2 0.789623 0.811761 0 -0.000163 0.000791719 0 0.0144504 0.0884911 0.00910381 48 -0.0363168 0.0714258 0.0112476
538 2 0.674754 0.854837 0 -8.38249e-05 0.000837509 0 0.0233629 0.0891069 0.00741523 48 -0.0294991 0.0660855 0.00963801
539 2 0.713527 0.854761 0 -0.000102812 0.000836277 0 0.0220516 0.0886038 0.0088634 48 -0.0303352 0.0665988 0.0114479
540 2 0.752259 0.854643 0 -0.00012291 0.000834598 0 0.0203912 0.0879846 0.0101408 48 -0.031399 0.0672409 0.0129817
541 2 0.79094 0.854465 0 -0.000143518 0.000832905 0 0.0183331 0.0872082 0.0111637 48 -0.0327047 0.0679898 0.0141116
464 2 0.825939 0.725785 0 -0.000214979 0.000696005 0 0.00706801 0.0876629 0.00549634 48 -0.0414811 0.0750229 0.00629048
465 2 0.864224 0.725452 0 -0.000241418 0.000691932 0 0.00517181 0.0850327 0.00528565 47 -0.041607 0.0737119 0.00579881
466 2 0.90251 0.725025 0 -0.000267015 0.000687498 0 0.00275787 0.0815368 0.00496315 42 -0.041678 0.0718908 0.00518973
467 2 0.940804 0.724506 0 -0.000292745 0.000682878 0 -0.00115365 0.0768444 0.00466244 35 -0.0422807 0.0698804 0.0046573
468 2 0.979105 0.723918 0 -0.000318403 0.000676939 0 -0.00722499 0.0710638 0.00431046 28 -0.0439767 0.068205 0.00404742
490 2 0.8269 0.768667 0 -0.000202509 0.000742486 0 0.00930357 0.0874961 0.00733093 48 -0.0397547 0.0736054 0.00862227
491 2 0.865245 0.768293 0 -0.000227502 0.000739117 0 0.00705225 0.0851524 0.00716355 47 -0.0403195 0.0728166 0.00812507
492 2 0.903571 0.767803 0 -0.000253083 0.000733605 0 0.00431524 0.0819631 0.00682602 42 -0.0408096 0.0715051 0.00742905
493 2 0.941885 0.767191 0 -0.000278731 0.000726509 0 -1.00314e-05 0.0774162 0.00648484 35 -0.0418127 0.0698984 0.0067824
494 2 0.980187 0.766483 0 -0.000304537 0.000718232 0 -0.00704955 0.0712626 0.00603354 28 -0.0440621 0.0684726 0.00596586
516 2 0.828101 0.811481 0 -0.000186276 0.000788247 0 0.0122056 0.0870801 0.00945995 48 -0.0373994 0.0716015 0.0114344
517 2 0.866531 0.81109 0 -0.000210174 0.000783344 0 0.00956507 0.0851243 0.00941838 47 -0.0384974 0.0714701 0.0110387
518 2 0.904916 0.810559 0 -0.000234981 0.000776291 0 0.00648725 0.0824083 0.00913566 42 -0.0395206 0.0708531 0.0103367
519 2 0.943262 0.809875 0 -0.000259798 0.000768869 0 0.0017416 0.078195 0.0088054 35 -0.0410372 0.0698438 0.00962624
520 2 0.981569 0.809061 0 -0.000285335 0.00075915 0 -0.00644508 0.0717056 0.00827176 28 -0.0440046 0.0688185 0.00859642
542 2 0.829559 0.854202 0 -0.000164845 0.000829723 0 0.0158258 0.0861832 0.011826 48 -0.0342385 0.0687702 0.0146801
543 2 0.868106 0.85382 0 -0.000187436 0.000825946 0 0.0128049 0.0847243 0.0120297 47 -0.0359412 0.06942 0.0145516
544 2 0.906578 0.853279 0 -0.000210492 0.000819541 0 0.00941904 0.0826978 0.0119175 42 -0.0376072 0.0697091 0.0139917
545 2 0.944977 0.852554 0 -0.000234962 0.000811307 0 0.00434037 0.0791187 0.0116946 35 -0.0397451 0.0695502 0.0133306
546 2 0.9833 0.851658 0 -0.000260351 0.000800298 0 -0.00505652 0.0724682 0.0111355 28 -0.0435864 0.0691426 0.0121321
547 2 0.0145694 0.894279 0 0.000228455 0.000841422 0 -0.00235258 0.0735648 -0.0146876 28 -0.042407 0.0691755 -0.0167455
548 2 0.0529299 0.895213 0 0.000203637 0.000853139 0 0.0080087 0.0799378 -0.0151552 35 -0.0376235 0.0686767 -0.0179741
549 2 0.0914138 0.895936 0 0.000180398 0.000862252 0 0.0132038 0.0824623 -0.0151122 42 -0.0347837 0.0676823 -0.0183768
550 2 0.130013 0.896447 0 0.000158925 0.000868724 0 0.0168075 0.0835638 -0.014878 47 -0.0323907 0.0662788 -0.0185499
551 2 0.168721 0.89679 0 0.000139006 0.000873499 0 0.0201327 0.0844313 -0.0142691 48 -0.0300676 0.0647729 -0.0181743
573 2 0.0119932 0.936921 0 0.000188657 0.000882554 0 0.00222457 0.0749402 -0.0192095 27 -0.0399992 0.0686219 -0.0229298
574 2 0.0504311 0.937824 0 0.000165124 0.000893339 0 0.0133193 0.0805908 -0.0192913 34 -0.0341647 0.0668658 -0.023793
575 2 0.0890502 0.938484 0 0.000144761 0.000900784 0 0.0182339 0.0815433 -0.0186493 41 -0.0306136 0.0643917 -0.0234683
576 2 0.127833 0.93892 0 0.000125828 0.000906298 0 0.0218244 0.0814836 -0.0177764 46 -0.0275096 0.0617281 -0.0228238
577 2 0.166757 0.939193 0 0.000109389 0.000909363 0 0.0252386 0.0816951 -0.0165565 47 -0.0246767 0.0594002 -0.0216191
599 2 0.00898632 0.979546 0 0.000141844 0.000922547 0 0.0082353 0.0765293 -0.0244777 24 -0.0365919 0.0677184 -0.0304083
600 2 0.0475442 0.98032 0 0.000120119 0.000932377 0 0.0219037 0.0827556 -0.0238179 30 -0.0288699 0.0646554 -0.0304734
601 2 0.0863646 0.980841 0 0.000101668 0.000938617 0 0.0267382 0.0823718 -0.0222565 36 -0.0245218 0.0606925 -0.0289477
602 2 0.125408 0.981156 0 8.73648e-05 0.000942958 0 0.0297201 0.080933 -0.0204185 41 -0.0210302 0.0568527 -0.0269607
603 2 0.164613 0.981335 0 7.45151e-05 0.000944934 0 0.0326151 0.0803219 -0.0184146 42 -0.0180759 0.0538945 -0.0246159
625 2 0.00557344 1.02212 0 8.71003e-05 0.000962212 0 0.0138094 0.0782827 -0.0306209 20 -0.0336326 0.0677596 -0.0391341
626 2 0.0442584 1.02263 0 6.78966e-05 0.000967421 0 0.0360143 0.0894053 -0.028469 25 -0.0214467 0.063419 -0.0376287
627 2 0.0834049 1.02292 0 5.54029e-05 0.000970494 0 0.0394689 0.0870768 -0.0256125 30 -0.0169564 0.0580343 -0.0342917
628 2 0.122819 1.02307 0 4.6063e-05 0.000972212 0 0.0407756 0.0838627 -0.0226362 34 -0.0137208 0.0532424 -0.0306228
629 2 0.162383 1.02315 0 3.95291e-05 0.000973268 0 0.0420695 0.0819345 -0.0197955 35 -0.0112742 0.0498497 -0.0269904
651 2 0 1.06482 0 0 0.001 0 0.0727407 0.117326 -0.039006 16 -0.00779741 0.0709125 -0.0536567
652 2 0.04 1.06482 0 0 0.001 0 0.058194 0.101703 -0.0339826 20 -0.0105114 0.063081 -0.0464172
653 2 0.08 1.06482 0 0 0.001 0 0.0522686 0.0919176 -0.0288689 24 -0.00930075 0.0556075 -0.0395502
654 2 0.12 1.06482 0 0 0.001 0 0.05026 0.0862323 -0.0244829 27 -0.00728204 0.050099 -0.0337188
655 2 0.16 1.06482 0 0 0.001 0 0.0496121 0.0832175 -0.0208744 28 -0.00578119 0.0466946 -0.028863
552 2 0.207523 0.897015 0 0.000120221 0.000876069 0 0.0227901 0.0850362 -0.0131852 48 -0.0281367 0.0634044 -0.0170414
553 2 0.2464 0.89716 0 0.000102565 0.000878556 0 0.0248818 0.0855174 -0.0117696 48 -0.0266049 0.0622753 -0.0153647
554 2 0.285336 0.897253 0 8.60229e-05 0.000879158 0 0.0265084 0.0859321 -0.0101468 48 -0.0254273 0.0613984 -0.0133382
555 2 0.324315 0.897311 0 6.92064e-05 0.000879791 0 0.0277571 0.0862957 -0.0084006 48 -0.0245433 0.0607451 -0.0110963
578 2 0.205791 0.939361 0 9.41623e-05 0.000911216 0 0.027802 0.0818631 -0.0149424 47 -0.0225236 0.057565 -0.0197316
579 2 0.244905 0.939465 0 8.01331e-05 0.000912681 0 0.0297064 0.0820504 -0.0130985 47 -0.0209404 0.0561939 -0.0174258
580 2 0.284078 0.939527 0 6.65349e-05 0.000912902 0 0.031125 0.0822683 -0.0111406 47 -0.0197941 0.055204 -0.0148956
581 2 0.323291 0.939565 0 5.41561e-05 0.000914018 0 0.0321836 0.0825012 -0.00913268 47 -0.0189719 0.0545064 -0.012253
604 2 0.203929 0.981437 0 6.3884e-05 0.000946693 0 0.0345944 0.0799501 -0.0162347 42 -0.0160453 0.0518024 -0.0218724
605 2 0.243317 0.981496 0 5.3886e-05 0.000947121 0 0.035964 0.0797839 -0.0139979 42 -0.0146693 0.0503626 -0.0189528
606 2 0.282752 0.981529 0 4.48925e-05 0.000948042 0 0.0369432 0.0797689 -0.0117688 42 -0.0137317 0.0493846 -0.0159865
607 2 0.322219 0.981548 0 3.62318e-05 0.000947731 0 0.037662 0.0798474 -0.00957067 42 -0.0130877 0.0487264 -0.0130289
630 2 0.202023 1.02319 0 3.34604e-05 0.000973434 0 0.0428573 0.0807738 -0.0171055 35 -0.00974787 0.0476578 -0.0234327
631 2 0.241707 1.02321 0 2.85775e-05 0.000973919 0 0.0433809 0.0801419 -0.0145608 35 -0.00878999 0.0462535 -0.0200036
632 2 0.281417 1.02322 0 2.37731e-05 0.000973568 0 0.0437668 0.0798424 -0.0121413 35 -0.00817174 0.0453473 -0.0167095
633 2 0.321143 1.02323 0 1.89633e-05 0.000974113 0 0.0440712 0.0797407 -0.00982023 35 -0.00776196 0.0447598 -0.0135309
656 2 0.2 1.06482 0 0 0.001 0 0.0493058 0.0816301 -0.0177929 28 -0.00490103 0.0446916 -0.0246585
657 2 0.24 1.06482 0 0 0.001 0 0.0491802 0.0808329 -0.0150345 28 -0.004378 0.0434877 -0.0208633
658 2 0.28 1.06482 0 0 0.001 0 0.049161 0.0804704 -0.0124846 28 -0.00405353 0.0427447 -0.0173387
659 2 0.32 1.06482 0 0 0.001 0 0.0492032 0.0803467 -0.0100737 28 -0.00384373 0.0422795 -0.0139976
556 2 0.363326 0.897347 0 5.39315e-05 0.000879542 0 0.0286926 0.0866044 -0.00658249 48 -0.0238982 0.0602767 -0.00872404
557 2 0.402361 0.897367 0 3.80247e-05 0.000880215 0 0.0293603 0.0868479 -0.00472323 48 -0.0234494 0.0599575 -0.0062741
558 2 0.441411 0.897379 0 2.27991e-05 0.000879897 0 0.0297902 0.0870164 -0.00284133 48 -0.0231662 0.0597599 -0.00377957
559 2 0.480469 0.897384 0 7.70111e-06 0.000880018 0 0.0300008 0.0871026 -0.000948233 48 -0.0230293 0.0596656 -0.0012622
582 2 0.362534 0.939586 0 4.14189e-05 0.000914404 0 0.0329629 0.0827238 -0.00710594 47 -0.0183918 0.0540271 -0.00955627
583 2 0.401797 0.939598 0 2.96476e-05 0.000914381 0 0.0335132 0.0829121 -0.00507441 47 -0.017998 0.0537108 -0.00683497
584 2 0.441073 0.939604 0 1.75759e-05 0.000914692 0 0.0338655 0.0830477 -0.00304349 47 -0.0177537 0.0535194 -0.00410339
585 2 0.480357 0.939607 0 5.95702e-06 0.000914796 0 0.0340375 0.0831185 -0.00101425 47 -0.0176367 0.0534294 -0.00136809
608 2 0.361707 0.981558 0 2.79583e-05 0.000947738 0 0.03819 0.0799676 -0.007406 42 -0.012647 0.04829 -0.0100968
609 2 0.401211 0.981562 0 1.96828e-05 0.000947732 0 0.0385642 0.0800895 -0.00526949 42 -0.0123541 0.0480099 -0.00719102
610 2 0.440723 0.981564 0 1.21209e-05 0.000947532 0 0.038805 0.0801851 -0.00315349 42 -0.0121749 0.0478438 -0.00430596
611 2 0.48024 0.981565 0 3.63744e-06 0.000947431 0 0.0389231 0.0802372 -0.0010498 42 -0.0120898 0.0477666 -0.00143386
634 2 0.36088 1.02323 0 1.47998e-05 0.000973841 0 0.0443124 0.0797446 -0.0075721 35 -0.00748823 0.0443813 -0.0104414
635 2 0.400624 1.02323 0 1.06171e-05 0.000974073 0 0.0444946 0.0797924 -0.00537532 35 -0.0073092 0.0441439 -0.00741594
636 2 0.440373 1.02323 0 5.96799e-06 0.000973955 0 0.0446174 0.0798441 -0.00321242 35 -0.0072008 0.0440057 -0.00443329
637 2 0.480124 1.02323 0 2.34214e-06 0.000974112 0 0.0446793 0.0798755 -0.00106872 35 -0.00714962 0.0439421 -0.00147511
660 2 0.36 1.06482 0 0 0.001 0 0.0492726 0.0803456 -0.00775644 28 -0.00370577 0.0419889 -0.0107812
661 2 0.4 1.06482 0 0 0.001 0 0.0493441 0.0803949 -0.00550148 28 -0.00361645 0.0418117 -0.00764851
662 2 0.44 1.06482 0 0 0.001 0 0.0494006 0.0804494 -0.00328623 28 -0.00356272 0.0417109 -0.0045693
663 2 0.48 1.06482 0 0 0.001 0 0.0494314 0.0804829 -0.00109305 28 -0.00353744 0.0416654 -0.00151991
560 2 0.519531 0.897384 0 -7.70111e-06 0.000880018 0 0.0300008 0.0871026 0.000948233 48 -0.0230293 0.0596656 0.0012622
561 2 0.558589 0.897379 0 -2.27991e-05 0.000879897 0 0.0297902 0.0870164 0.00284133 48 -0.0231662 0.0597599 0.00377957
562 2 0.597639 0.897367 0 -3.80247e-05 0.000880215 0 0.0293603 0.0868479 0.00472323 48 -0.0234494 0.0599575 0.0062741
563 2 0.636674 0.897347 0 -5.39315e-05 0.000879542 0 0.0286926 0.0866044 0.00658249 48 -0.0238982 0.0602767 0.00872404
586 2 0.519643 0.939607 0 -5.95702e-06 0.000914796 0 0.0340375 0.0831185 0.00101425 47 -0.0176367 0.0534294 0.00136809
587 2 0.558927 0.939604 0 -1.75759e-05 0.000914692 0 0.0338655 0.0830477 0.00304349 47 -0.0177537 0.0535194 0.00410339
588 2 0.598203 0.939598 0 -2.96476e-05 0.000914381 0 0.0335132 0.0829121 0.00507441 47 -0.017998 0.0537108 0.00683497
589 2 0.637466 0.939586 0 -4.14189e-05 0.000914404 0 0.0329629 0.0827238 0.00710594 47 -0.0183918 0.0540271 0.00955627
612 2 0.51976 0.981565 0 -3.63744e-06 0.000947431 0 0.0389231 0.0802372 0.0010498 42 -0.0120898 0.0477666 0.00143386
613 2 0.559277 0.981564 0 -1.21209e-05 0.000947532 0 0.038805 0.0801851 0.00315349 42 -0.0121749 0.0478438 0.00430596
614 2 0.598789 0.981562 0 -1.96828e-05 0.000947732 0 0.0385642 0.0800895 0.00526949 42 -0.0123541 0.0480099 0.00719102
615 2 0.638293 0.981558 0 -2.79583e-05 0.000947738 0 0.03819 0.0799676 0.007406 42 -0.012647 0.04829 0.0100968
638 2 0.519876 1.02323 0 -2.34214e-06 0.000974112 0 0.0446793 0.0798755 0.00106872 35 -0.00714962 0.0439421 0.00147511
639 2 0.559627 1.02323 0 -5.96799e-06 0.000973955 0 0.0446174 0.0798441 0.00321242 35 -0.0072008 0.0440057 0.00443329
640 2 0.599376 1.02323 0 -1.06171e-05 0.000974073 0 0.0444946 0.0797924 0.00537532 35 -0.0073092 0.0441439 0.00741594
641 2 0.63912 1.02323 0 -1.47998e-05 0.000973841 0 0.0443124 0.0797446 0.0075721 35 -0.00748823 0.0443813 0.0104414
664 2 0.52 1.06482 0 0 0.001 0 0.0494314 0.0804829 0.00109305 28 -0.00353744 0.0416654 0.00151991
665 2 0.56 1.06482 0 0 0.001 0 0.0494006 0.0804494 0.00328623 28 -0.00356272 0.0417109 0.0045693
666 2 0.6 1.06482 0 0 0.001 0 0.0493441 0.0803949 0.00550148 28 -0.00361645 0.0418117 0.00764851
667 2 0.64 1.06482 0 0 0.001 0 0.0492726 0.0803456 0.00775644 28 -0.00370577 0.0419889 0.0107812
564 2 0.675685 0.897311 0 -6.92064e-05 0.000879791 0 0.0277571 0.0862957 0.0084006 48 -0.0245433 0.0607451 0.0110963
565 2 0.714664 0.897253 0 -8.60229e-05 0.000879158 0 0.0265084 0.0859321 0.0101468 48 -0.0254273 0.0613984 0.0133382
566 2 0.7536 0.89716 0 -0.000102565 0.000878556 0 0.0248818 0.0855174 0.0117696 48 -0.0266049 0.0622753 0.0153647
567 2 0.792477 0.897015 0 -0.000120221 0.000876069 0 0.0227901 0.0850362 0.0131852 48 -0.0281367 0.0634044 0.0170414
590 2 0.676709 0.939565 0 -5.41561e-05 0.000914018 0 0.0321836 0.0825012 0.00913268 47 -0.0189719 0.0545064 0.012253
591 2 0.715922 0.939527 0 -6.65349e-05 0.000912902 0 0.031125 0.0822683 0.0111406 47 -0.0197941 0.055204 0.0148956
592 2 0.755095 0.939465 0 -8.01331e-05 0.000912681 0 0.0297064 0.0820504 0.0130985 47 -0.0209404 0.0561939 0.0174258
593 2 0.794209 0.939361 0 -9.41623e-05 0.000911216 0 0.027802 0.0818631 0.0149424 47 -0.0225236 0.057565 0.0197316
616 2 0.677781 0.981548 0 -3.62318e-05 0.000947731 0 0.037662 0.0798474 0.00957067 42 -0.0130877 0.0487264 0.0130289
617 2 0.717248 0.981529 0 -4.48925e-05 0.000948042 0 0.0369432 0.0797689 0.0117688 42 -0.0137317 0.0493846 0.0159865
618 2 0.756683 0.981496 0 -5.3886e-05 0.000947121 0 0.035964 0.0797839 0.0139979 42 -0.0146693 0.0503626 0.0189528
619 2 0.796071 0.981437 0 -6.3884e-05 0.000946693 0 0.0345944 0.0799501 0.0162347 42 -0.0160453 0.0518024 0.0218724
642 2 0.678857 1.02323 0 -1.89633e-05 0.000974113 0 0.0440712 0.0797407 0.00982023 35 -0.00776196 0.0447598 0.0135309
643 2 0.718583 1.02322 0 -2.37731e-05 0.000973568 0 0.0437668 0.0798424 0.0121413 35 -0.00817174 0.0453473 0.0167095
644 2 0.758293 1.02321 0 -2.85775e-05 0.000973919 0 0.0433809 0.0801419 0.0145608 35 -0.00878999 0.0462535 0.0200036
645 2 0.797977 1.02319 0 -3.34604e-05 0.000973434 0 0.0428573 0.0807738 0.0171055 35 -0.00974787 0.0476578 0.0234327
668 2 0.68 1.06482 0 0 0.001 0 0.0492032 0.0803467 0.0100737 28 -0.00384373 0.0422795 0.0139976
669 2 0.72 1.06482 0 0 0.001 0 0.049161 0.0804704 0.0124846 28 -0.00405353 0.0427447 0.0173387
670 2 0.76 1.06482 0 0 0.001 0 0.0491802 0.0808329 0.0150345 28 -0.004378 0.0434877 0.0208633
671 2 0.8 1.06482 0 0 0.001 0 0.0493058 0.0816301 0.0177929 28 -0.00490103 0.0446916 0.0246585
568 2 0.831279 0.89679 0 -0.000139006 0.000873499 0 0.0201327 0.0844313 0.0142691 48 -0.0300676 0.0647729 0.0181743
569 2 0.869987 0.896447 0 -0.000158925 0.000868724 0 0.0168075 0.0835638 0.014878 47 -0.0323907 0.0662788 0.0185499
570 2 0.908586 0.895936 0 -0.000180398 0.000862252 0 0.0132038 0.0824623 0.0151122 42 -0.0347837 0.0676823 0.0183768
571 2 0.94707 0.895213 0 -0.000203637 0.000853139 0 0.0080087 0.0799378 0.0151552 35 -0.0376235 0.0686767 0.0179741
572 2 0.985431 0.894279 0 -0.000228455 0.000841422 0 -0.00235258 0.0735648 0.0146876 28 -0.042407 0.0691755 0.0167455
594 2 0.833243 0.939193 0 -0.000109389 0.000909363 0 0.0252386 0.0816951 0.0165565 47 -0.0246767 0.0594002 0.0216191
595 2 0.872167 0.93892 0 -0.000125828 0.000906298 0 0.0218244 0.0814836 0.0177764 46 -0.0275096 0.0617281 0.0228238
596 2 0.91095 0.938484 0 -0.000144761 0.000900784 0 0.0182339 0.0815433 0.0186493 41 -0.0306136 0.0643917 0.0234683
597 2 0.949569 0.937824 0 -0.000165124 0.000893339 0 0.0133193 0.0805908 0.0192913 34 -0.0341647 0.0668658 0.023793
598 2 0.988007 0.936921 0 -0.000188657 0.000882554 0 0.00222457 0.0749402 0.0192095 27 -0.0399992 0.0686219 0.0229298
620 2 0.835387 0.981335 0 -7.45151e-05 0.000944934 0 0.0326151 0.0803219 0.0184146 42 -0.0180759 0.0538945 0.0246159
621 2 0.874592 0.981156 0 -8.73648e-05 0.000942958 0 0.0297201 0.080933 0.0204185 41 -0.0210302 0.0568527 0.0269607
622 2 0.913635 0.980841 0 -0.000101668 0.000938617 0 0.0267382 0.0823718 0.0222565 36 -0.0245218 0.0606925 0.0289477
623 2 0.952456 0.98032 0 -0.000120119 0.000932377 0 0.0219037 0.0827556 0.0238179 30 -0.0288699 0.0646554 0.0304734
624 2 0.991014 0.979546 0 -0.000141844 0.000922547 0 0.0082353 0.0765293 0.0244777 24 -0.0365919 0.0677184 0.0304083
646 2 0.837617 1.02315 0 -3.95291e-05 0.000973268 0 0.0420695 0.0819345 0.0197955 35 -0.0112742 0.0498497 0.0269904
647 2 0.877181 1.02307 0 -4.6063e-05 0.000972212 0 0.0407756 0.0838627 0.0226362 34 -0.0137208 0.0532424 0.0306228
648 2 0.916595 1.02292 0 -5.54029e-05 0.000970494 0 0.0394689 0.0870768 0.0256125 30 -0.0169564 0.0580343 0.0342917
649 2 0.955742 1.02263 0 -6.78966e-05 0.000967421 0 0.0360143 0.0894053 0.028469 25 -0.0214467 0.063419 0.0376287
650 2 0.994427 1.02212 0 -8.71003e-05 0.000962212 0 0.0138094 0.0782827 0.0306209 20 -0.0336326 0.0677596 0.0391341
672 2 0.84 1.06482 0 0 0.001 0 0.0496121 0.0832175 0.0208744 28 -0.00578119 0.0466946 0.028863
673 2 0.88 1.06482 0 0 0.001 0 0.05026 0.0862323 0.0244829 27 -0.00728204 0.050099 0.0337188
674 2 0.92 1.06482 0 0 0.001 0 0.0522686 0.0919176 0.0288689 24 -0.00930075 0.0556075 0.0395502
675 2 0.96 1.06482 0 0 0.001 0 0.058194 0.101703 0.0339826 20 -0.0105114 0.063081 0.0464172
676 2 1 1.06482 0 0 0.001 0 0.0727407 0.117326 0.039006 16 -0.00779741 0.0709125 0.0536567
