1 1 0 0 0 0 0 0 0.114437 0.17893 0.0635929 16 -0.012243 0.119555 0.0869289
2 1 0.04 0 0 0 0 0 0.0926612 0.157467 0.0558338 20 -0.0166363 0.106747 0.0754461
3 1 0.08 0 0 0 0 0 0.084294 0.144907 0.0475535 24 -0.0148471 0.0944418 0.0644853
4 1 0.12 0 0 0 0 0 0.0816878 0.137833 0.0403222 27 -0.0117422 0.0852106 0.0550775
5 1 0.16 0 0 0 0 0 0.0808548 0.134062 0.0343469 28 -0.00940767 0.0792955 0.0471773
27 1 0.00900056 0.0441383 0 7.82905e-05 3.10699e-05 0 0.0217147 0.12048 0.0519916 20 -0.052833 0.114492 0.0637187
28 1 0.0469387 0.0434703 0 6.18436e-05 2.85626e-05 0 0.0577134 0.139833 0.0475152 25 -0.0340228 0.10727 0.0610835
29 1 0.0855772 0.0430802 0 5.03974e-05 2.67138e-05 0 0.0638467 0.137852 0.042525 30 -0.0270463 0.0983503 0.0556696
30 1 0.124629 0.0428557 0 4.22e-05 2.55586e-05 0 0.066231 0.134068 0.0374253 34 -0.0220659 0.0903431 0.0497149
31 1 0.163915 0.0427407 0 3.58282e-05 2.47531e-05 0 0.0683913 0.131825 0.0326147 35 -0.018279 0.0845297 0.0438134
53 1 0.0145693 0.088281 0 0.000128225 6.68965e-05 0 0.0126255 0.119488 0.042089 24 -0.0579822 0.114539 0.0494039
54 1 0.0522757 0.0871936 0 0.000109117 6.09754e-05 0 0.0354054 0.130648 0.0402917 30 -0.0457991 0.109408 0.0493179
55 1 0.0903896 0.0864543 0 9.31887e-05 5.6731e-05 0 0.0435216 0.131074 0.0373223 36 -0.0390362 0.102786 0.0467489
56 1 0.128847 0.0859973 0 7.98382e-05 5.40032e-05 0 0.0483115 0.129555 0.033962 41 -0.0336964 0.0963286 0.043449
57 1 0.167558 0.0857283 0 6.84585e-05 5.20313e-05 0 0.0528715 0.129114 0.030422 42 -0.0291583 0.0912585 0.0396116
79 1 0.0194265 0.13254 0 0.000170685 0.000104602 0 0.00344252 0.118708 0.0334815 27 -0.0633282 0.116192 0.0370782
80 1 0.056933 0.131247 0 0.000149774 9.68045e-05 0 0.0217747 0.128355 0.0330099 34 -0.0541449 0.11318 0.0382546
81 1 0.0947215 0.130295 0 0.000130979 9.08167e-05 0 0.0297689 0.130344 0.0315365 41 -0.0486454 0.108972 0.0375751
82 1 0.132764 0.129655 0 0.000114187 8.68261e-05 0 0.0353694 0.130586 0.0297061 46 -0.0439268 0.104445 0.0363975
105 1 0.0235642 0.176863 0 0.000206519 0.000143638 0 -0.00355129 0.117998 0.0259587 28 -0.0670862 0.117375 0.026905
106 1 0.0609404 0.175514 0 0.000184271 0.000135394 0 0.0133239 0.128356 0.0262009 35 -0.0595951 0.116394 0.0286497
107 1 0.098509 0.174461 0 0.0001635 0.000128704 0 0.0215719 0.132419 0.0257338 42 -0.0552089 0.114585 0.0291128
108 1 0.136258 0.173707 0 0.000144111 0.000123775 0 0.0271119 0.134199 0.0249577 47 -0.0515827 0.112126 0.0292275
83 1 0.171024 0.129245 0 9.89881e-05 8.37612e-05 0 0.0406822 0.131225 0.0273985 47 -0.0396077 0.100454 0.0343851
109 1 0.174174 0.173191 0 0.000126076 0.000120101 0 0.0322492 0.135694 0.0236394 48 -0.0480611 0.10952 0.0285326
6 1 0.2 0 0 0 0 0 0.0803693 0.132014 0.029254 28 -0.00801817 0.0756263 0.0403131
7 1 0.24 0 0 0 0 0 0.0800957 0.130963 0.024704 28 -0.0071791 0.0732853 0.034108
8 1 0.28 0 0 0 0 0 0.0799722 0.130484 0.020504 28 -0.00665036 0.0717487 0.028342
9 1 0.32 0 0 0 0 0 0.0799504 0.13033 0.0165377 28 -0.00630391 0.0707243 0.0228764
32 1 0.203325 0.0426801 0 3.04133e-05 2.43391e-05 0 0.0696531 0.130436 0.0281285 35 -0.0158857 0.0806236 0.0380471
33 1 0.242803 0.0426469 0 2.57281e-05 2.42266e-05 0 0.070445 0.129669 0.0239193 35 -0.0143625 0.0780034 0.0324908
34 1 0.282325 0.0426291 0 2.12522e-05 2.40152e-05 0 0.0709999 0.129313 0.0199327 35 -0.0133656 0.0762289 0.0271487
35 1 0.321875 0.0426203 0 1.71336e-05 2.40908e-05 0 0.0714234 0.129212 0.0161158 35 -0.0126967 0.0750211 0.0219891
58 1 0.206441 0.0855694 0 5.84423e-05 5.07735e-05 0 0.0559769 0.128876 0.0267159 42 -0.0260066 0.0875672 0.0351857
59 1 0.245438 0.0854744 0 4.93427e-05 4.9699e-05 0 0.0581099 0.128829 0.0229857 42 -0.0238463 0.0849355 0.030498
60 1 0.284512 0.0854178 0 4.09993e-05 4.88553e-05 0 0.0596225 0.128934 0.0193024 42 -0.0223568 0.0830774 0.0257371
61 1 0.323637 0.0853849 0 3.29772e-05 4.87178e-05 0 0.0607248 0.129132 0.0156862 42 -0.0213223 0.0817764 0.0209853
84 1 0.209455 0.128984 0 8.52493e-05 8.20965e-05 0 0.0446853 0.131749 0.0245803 47 -0.0363003 0.0972489 0.0313554
85 1 0.248013 0.128819 0 7.23936e-05 8.11398e-05 0 0.0476621 0.132235 0.021473 47 -0.0338468 0.0947907 0.0276955
86 1 0.286663 0.128715 0 6.02745e-05 8.05639e-05 0 0.0498787 0.132707 0.0182274 47 -0.0320531 0.0929612 0.0236881
87 1 0.325378 0.12865 0 4.87399e-05 8.00831e-05 0 0.0515312 0.133159 0.014925 47 -0.0307544 0.0916303 0.0194988
110 1 0.212237 0.172844 0 0.000108986 0.000117093 0 0.0363845 0.136811 0.02167 48 -0.04512 0.107137 0.0267161
111 1 0.250416 0.172614 0 9.30052e-05 0.000114715 0 0.0396509 0.137715 0.01925 48 -0.0427726 0.105137 0.0240861
112 1 0.288687 0.172462 0 7.75408e-05 0.000112689 0 0.0421953 0.138481 0.0165479 48 -0.0409551 0.103547 0.0209218
113 1 0.327026 0.172365 0 6.28272e-05 0.000111954 0 0.0441505 0.139134 0.0136767 48 -0.0395809 0.102332 0.0174195
10 1 0.36 0 0 0 0 0 0.0799852 0.130345 0.0127291 28 -0.0060737 0.070043 0.0176165
11 1 0.4 0 0 0 0 0 0.0800406 0.130429 0.00902618 28 -0.00592351 0.069602 0.0124957
12 1 0.44 0 0 0 0 0 0.0800909 0.130516 0.00539072 28 -0.00583268 0.0693381 0.00746417
13 1 0.48 0 0 0 0 0 0.08012 0.130569 0.00179287 28 -0.00578981 0.0692146 0.00248269
36 1 0.361443 0.0426167 0 1.31665e-05 2.37852e-05 0 0.0717533 0.129246 0.0124228 35 -0.0122454 0.0742052 0.0169705
37 1 0.401023 0.0426156 0 9.37078e-06 2.3906e-05 0 0.0720002 0.129334 0.008817 35 -0.0119481 0.0736705 0.0120541
38 1 0.440611 0.0426157 0 5.58383e-06 2.38601e-05 0 0.0721659 0.12942 0.00526853 35 -0.0117671 0.0733475 0.00720624
39 1 0.480203 0.0426159 0 1.89127e-06 2.38673e-05 0 0.0722492 0.129472 0.00175266 35 -0.0116813 0.0731955 0.00239781
62 1 0.362798 0.0853665 0 2.55528e-05 4.84393e-05 0 0.0615293 0.129365 0.012133 42 -0.0206079 0.0808797 0.0162688
63 1 0.401984 0.0853567 0 1.79017e-05 4.85333e-05 0 0.0620967 0.129581 0.00863049 42 -0.0201296 0.0802835 0.0115898
64 1 0.441184 0.0853519 0 1.08066e-05 4.81498e-05 0 0.0624605 0.129744 0.00516402 42 -0.0198355 0.0799198 0.00694115
65 1 0.480394 0.08535 0 3.55195e-06 4.8312e-05 0 0.0626385 0.129831 0.00171897 42 -0.0196954 0.0797475 0.00231156
88 1 0.364141 0.128612 0 3.73853e-05 7.92803e-05 0 0.0527464 0.133563 0.0116049 47 -0.0298308 0.0906869 0.0152167
89 1 0.402937 0.128589 0 2.67386e-05 7.91544e-05 0 0.0536034 0.133892 0.00828386 47 -0.0291997 0.0900467 0.0108887
90 1 0.441754 0.128577 0 1.5777e-05 7.91279e-05 0 0.0541514 0.134124 0.0049673 47 -0.0288062 0.0896506 0.00653916
91 1 0.480583 0.128572 0 5.41681e-06 7.89986e-05 0 0.0544189 0.134244 0.00165519 47 -0.0286172 0.0894614 0.00218054
114 1 0.365417 0.172303 0 4.85541e-05 0.000111462 0 0.0456162 0.139675 0.0107057 48 -0.0385715 0.101439 0.0137063
115 1 0.403845 0.172265 0 3.43178e-05 0.000111296 0 0.0466622 0.140094 0.00767728 48 -0.0378654 0.100816 0.00986372
116 1 0.442298 0.172244 0 2.07473e-05 0.000110671 0 0.0473357 0.14038 0.00461686 48 -0.0374182 0.100424 0.00594472
117 1 0.480764 0.172235 0 6.63998e-06 0.000110731 0 0.0476656 0.140526 0.00154055 48 -0.0372015 0.100235 0.00198571
14 1 0.52 0 0 0 0 0 0.08012 0.130569 -0.00179287 28 -0.00578981 0.0692146 -0.00248269
15 1 0.56 0 0 0 0 0 0.0800909 0.130516 -0.00539072 28 -0.00583268 0.0693381 -0.00746417
16 1 0.6 0 0 0 0 0 0.0800406 0.130429 -0.00902618 28 -0.00592351 0.069602 -0.0124957
17 1 0.64 0 0 0 0 0 0.0799852 0.130345 -0.0127291 28 -0.0060737 0.070043 -0.0176165
40 1 0.519797 0.0426159 0 -1.89127e-06 2.38673e-05 0 0.0722492 0.129472 -0.00175266 35 -0.0116813 0.0731955 -0.00239781
41 1 0.559389 0.0426157 0 -5.58383e-06 2.38601e-05 0 0.0721659 0.12942 -0.00526853 35 -0.0117671 0.0733475 -0.00720624
42 1 0.598977 0.0426156 0 -9.37078e-06 2.3906e-05 0 0.0720002 0.129334 -0.008817 35 -0.0119481 0.0736705 -0.0120541
43 1 0.638557 0.0426167 0 -1.31665e-05 2.37852e-05 0 0.0717533 0.129246 -0.0124228 35 -0.0122454 0.0742052 -0.0169705
66 1 0.519606 0.08535 0 -3.55195e-06 4.8312e-05 0 0.0626385 0.129831 -0.00171897 42 -0.0196954 0.0797475 -0.00231156
67 1 0.558816 0.0853519 0 -1.08066e-05 4.81498e-05 0 0.0624605 0.129744 -0.00516402 42 -0.0198355 0.0799198 -0.00694115
68 1 0.598016 0.0853567 0 -1.79017e-05 4.85333e-05 0 0.0620967 0.129581 -0.00863049 42 -0.0201296 0.0802835 -0.0115898
69 1 0.637202 0.0853665 0 -2.55528e-05 4.84393e-05 0 0.0615293 0.129365 -0.012133 42 -0.0206079 0.0808797 -0.0162688
92 1 0.519417 0.128572 0 -5.41681e-06 7.89986e-05 0 0.0544189 0.134244 -0.00165519 47 -0.0286172 0.0894614 -0.00218054
93 1 0.558246 0.128577 0 -1.5777e-05 7.91279e-05 0 0.0541514 0.134124 -0.0049673 47 -0.0288062 0.0896506 -0.00653916
94 1 0.597063 0.128589 0 -2.67386e-05 7.91544e-05 0 0.0536034 0.133892 -0.00828386 47 -0.0291997 0.0900467 -0.0108887
95 1 0.635859 0.128612 0 -3.73853e-05 7.92803e-05 0 0.0527464 0.133563 -0.0116049 47 -0.0298308 0.0906869 -0.0152167
118 1 0.519236 0.172235 0 -6.63998e-06 0.000110731 0 0.0476656 0.140526 -0.00154055 48 -0.0372015 0.100235 -0.00198571
119 1 0.557702 0.172244 0 -2.07473e-05 0.000110671 0 0.0473357 0.14038 -0.00461686 48 -0.0374182 0.100424 -0.00594472
120 1 0.596155 0.172265 0 -3.43178e-05 0.000111296 0 0.0466622 0.140094 -0.00767728 48 -0.0378654 0.100816 -0.00986372
121 1 0.634583 0.172303 0 -4.85541e-05 0.000111462 0 0.0456162 0.139675 -0.0107057 48 -0.0385715 0.101439 -0.0137063
18 1 0.68 0 0 0 0 0 0.0799504 0.13033 -0.0165377 28 -0.00630391 0.0707243 -0.0228764
19 1 0.72 0 0 0 0 0 0.0799722 0.130484 -0.020504 28 -0.00665036 0.0717487 -0.028342
20 1 0.76 0 0 0 0 0 0.0800957 0.130963 -0.024704 28 -0.0071791 0.0732853 -0.034108
21 1 0.8 0 0 0 0 0 0.0803693 0.132014 -0.029254 28 -0.00801817 0.0756263 -0.0403131
44 1 0.678125 0.0426203 0 -1.71336e-05 2.40908e-05 0 0.0714234 0.129212 -0.0161158 35 -0.0126967 0.0750211 -0.0219891
45 1 0.717675 0.0426291 0 -2.12522e-05 2.40152e-05 0 0.0709999 0.129313 -0.0199327 35 -0.0133656 0.0762289 -0.0271487
46 1 0.757197 0.0426469 0 -2.57281e-05 2.42266e-05 0 0.070445 0.129669 -0.0239193 35 -0.0143625 0.0780034 -0.0324908
47 1 0.796675 0.0426801 0 -3.04133e-05 2.43391e-05 0 0.0696531 0.130436 -0.0281285 35 -0.0158857 0.0806236 -0.0380471
70 1 0.676363 0.0853849 0 -3.29772e-05 4.87178e-05 0 0.0607248 0.129132 -0.0156862 42 -0.0213223 0.0817764 -0.0209853
71 1 0.715488 0.0854178 0 -4.09993e-05 4.88553e-05 0 0.0596225 0.128934 -0.0193024 42 -0.0223568 0.0830774 -0.0257371
72 1 0.754562 0.0854744 0 -4.93427e-05 4.9699e-05 0 0.0581099 0.128829 -0.0229857 42 -0.0238463 0.0849355 -0.030498
73 1 0.793559 0.0855694 0 -5.84423e-05 5.07735e-05 0 0.0559769 0.128876 -0.0267159 42 -0.0260066 0.0875672 -0.0351857
96 1 0.674622 0.12865 0 -4.87399e-05 8.00831e-05 0 0.0515312 0.133159 -0.014925 47 -0.0307544 0.0916303 -0.0194988
97 1 0.713337 0.128715 0 -6.02745e-05 8.05639e-05 0 0.0498787 0.132707 -0.0182274 47 -0.0320531 0.0929612 -0.0236881
98 1 0.751987 0.128819 0 -7.23936e-05 8.11398e-05 0 0.0476621 0.132235 -0.021473 47 -0.0338468 0.0947907 -0.0276955
99 1 0.790545 0.128984 0 -8.52493e-05 8.20965e-05 0 0.0446853 0.131749 -0.0245803 47 -0.0363003 0.0972489 -0.0313554
122 1 0.672974 0.172365 0 -6.28272e-05 0.000111954 0 0.0441505 0.139134 -0.0136767 48 -0.0395809 0.102332 -0.0174195
123 1 0.711313 0.172462 0 -7.75408e-05 0.000112689 0 0.0421953 0.138481 -0.0165479 48 -0.0409551 0.103547 -0.0209218
124 1 0.749584 0.172614 0 -9.30052e-05 0.000114715 0 0.0396509 0.137715 -0.01925 48 -0.0427726 0.105137 -0.0240861
125 1 0.787763 0.172844 0 -0.000108986 0.000117093 0 0.0363845 0.136811 -0.02167 48 -0.04512 0.107137 -0.0267161
100 1 0.828976 0.129245 0 -9.89881e-05 8.37612e-05 0 0.0406822 0.131225 -0.0273985 47 -0.0396077 0.100454 -0.0343851
126 1 0.825826 0.173191 0 -0.000126076 0.000120101 0 0.0322492 0.135694 -0.0236394 48 -0.0480611 0.10952 -0.0285326
22 1 0.84 0 0 0 0 0 0.0808548 0.134062 -0.0343469 28 -0.00940767 0.0792955 -0.0471773
23 1 0.88 0 0 0 0 0 0.0816878 0.137833 -0.0403222 27 -0.0117422 0.0852106 -0.0550775
24 1 0.92 0 0 0 0 0 0.084294 0.144907 -0.0475535 24 -0.0148471 0.0944418 -0.0644853
25 1 0.96 0 0 0 0 0 0.0926612 0.157467 -0.0558338 20 -0.0166363 0.106747 -0.0754461
26 1 1 0 0 0 0 0 0.114437 0.17893 -0.0635929 16 -0.012243 0.119555 -0.0869289
48 1 0.836085 0.0427407 0 -3.58282e-05 2.47531e-05 0 0.0683913 0.131825 -0.0326147 35 -0.018279 0.0845297 -0.0438134
49 1 0.875371 0.0428557 0 -4.22e-05 2.55586e-05 0 0.066231 0.134068 -0.0374253 34 -0.0220659 0.0903431 -0.0497149
50 1 0.914423 0.0430802 0 -5.03974e-05 2.67138e-05 0 0.0638467 0.137852 -0.042525 30 -0.0270463 0.0983503 -0.0556696
51 1 0.953061 0.0434703 0 -6.18436e-05 2.85626e-05 0 0.0577134 0.139833 -0.0475152 25 -0.0340228 0.10727 -0.0610835
52 1 0.990999 0.0441383 0 -7.82905e-05 3.10699e-05 0 0.0217147 0.12048 -0.0519916 20 -0.052833 0.114492 -0.0637187
74 1 0.832442 0.0857283 0 -6.84585e-05 5.20313e-05 0 0.0528715 0.129114 -0.030422 42 -0.0291583 0.0912585 -0.0396116
75 1 0.871153 0.0859973 0 -7.98382e-05 5.40032e-05 0 0.0483115 0.129555 -0.033962 41 -0.0336964 0.0963286 -0.043449
76 1 0.90961 0.0864543 0 -9.31887e-05 5.6731e-05 0 0.0435216 0.131074 -0.0373223 36 -0.0390362 0.102786 -0.0467489
77 1 0.947724 0.0871936 0 -0.000109117 6.09754e-05 0 0.0354054 0.130648 -0.0402917 30 -0.0457991 0.109408 -0.0493179
78 1 0.985431 0.088281 0 -0.000128225 6.68965e-05 0 0.0126255 0.119488 -0.042089 24 -0.0579822 0.114539 -0.0494039
101 1 0.867236 0.129655 0 -0.000114187 8.68261e-05 0 0.0353694 0.130586 -0.0297061 46 -0.0439268 0.104445 -0.0363975
102 1 0.905279 0.130295 0 -0.000130979 9.08167e-05 0 0.0297689 0.130344 -0.0315365 41 -0.0486454 0.108972 -0.0375751
103 1 0.943067 0.131247 0 -0.000149774 9.68045e-05 0 0.0217747 0.128355 -0.0330099 34 -0.0541449 0.11318 -0.0382546
104 1 0.980574 0.13254 0 -0.000170685 0.000104602 0 0.00344252 0.118708 -0.0334815 27 -0.0633282 0.116192 -0.0370782
127 1 0.863742 0.173707 0 -0.000144111 0.000123775 0 0.0271119 0.134199 -0.0249577 47 -0.0515827 0.112126 -0.0292275
128 1 0.901491 0.174461 0 -0.0001635 0.000128704 0 0.0215719 0.132419 -0.0257338 42 -0.0552089 0.114585 -0.0291128
129 1 0.93906 0.175514 0 -0.000184271 0.000135394 0 0.0133239 0.128356 -0.0262009 35 -0.0595951 0.116394 -0.0286497
130 1 0.976436 0.176863 0 -0.000206519 0.000143638 0 -0.00355129 0.117998 -0.0259587 28 -0.0670862 0.117375 -0.026905
131 1 0.0269705 0.221189 0 0.000235648 0.000183397 0 -0.00765955 0.11743 0.0199324 28 -0.0689752 0.117653 0.0193524
132 1 0.0642796 0.219888 0 0.000212671 0.000175028 0 0.00751162 0.12798 0.020419 35 -0.0629662 0.118142 0.0210515
133 1 0.101708 0.218828 0 0.000190608 0.000167992 0 0.0154598 0.133456 0.0204385 42 -0.0596591 0.118207 0.0219237
134 1 0.139252 0.218028 0 0.000169482 0.000162658 0 0.0206055 0.136489 0.0202653 47 -0.0571324 0.117569 0.0226486
157 1 0.0297233 0.265508 0 0.000259076 0.00022418 0 -0.00968604 0.117201 0.0149928 28 -0.0697037 0.117478 0.0136055
158 1 0.0670021 0.264322 0 0.000235691 0.000216758 0 0.0034309 0.127325 0.0155295 35 -0.0650539 0.118969 0.0150486
159 1 0.104343 0.263319 0 0.000212786 0.000210351 0 0.0107692 0.13363 0.0157829 42 -0.0626926 0.120412 0.0160063
160 1 0.141746 0.262532 0 0.000190414 0.000205204 0 0.0153962 0.137601 0.0159373 47 -0.0611257 0.12125 0.01696
183 1 0.031912 0.309822 0 0.000277519 0.000265063 0 -0.0104859 0.117275 0.0110686 28 -0.0698766 0.117249 0.00935641
184 1 0.0691773 0.308788 0 0.000253866 0.000258174 0 0.000704572 0.126749 0.0115496 35 -0.0663395 0.119389 0.0104811
185 1 0.106463 0.30789 0 0.000230322 0.000251862 0 0.00731893 0.133464 0.0118777 42 -0.0647549 0.1218 0.0113529
186 1 0.143771 0.307162 0 0.000207053 0.000246605 0 0.0113878 0.138079 0.0121747 47 -0.0639763 0.123765 0.0123085
209 1 0.0336167 0.354134 0 0.000291872 0.00030696 0 -0.0106297 0.117552 0.00799591 28 -0.0698223 0.117105 0.00627949
210 1 0.0708761 0.353275 0 0.000268043 0.000301583 0 -0.00105693 0.126353 0.00837974 35 -0.0671416 0.119651 0.00710202
211 1 0.108127 0.352512 0 0.000244131 0.000296985 0 0.00486158 0.133223 0.00869354 42 -0.0661597 0.122715 0.00781444
212 1 0.145369 0.351878 0 0.000220358 0.000293058 0 0.00840895 0.138251 0.00901818 47 -0.0659955 0.125507 0.00865051
135 1 0.176914 0.217452 0 0.00014927 0.000158454 0 0.02524 0.138766 0.019624 48 -0.0545559 0.116384 0.0227477
161 1 0.179221 0.261942 0 0.000168529 0.00020088 0 0.0194162 0.14054 0.0157277 48 -0.0594554 0.121349 0.0174796
187 1 0.181111 0.306598 0 0.000184227 0.000242703 0 0.0147853 0.141538 0.0122104 48 -0.0630955 0.124941 0.0129919
213 1 0.182614 0.351375 0 0.000196397 0.000289288 0 0.0112412 0.142094 0.00916808 48 -0.0657583 0.127534 0.00933456
136 1 0.214686 0.217047 0 0.000129955 0.000155972 0 0.0291228 0.140444 0.0183407 48 -0.0522318 0.115002 0.0218252
137 1 0.252555 0.216767 0 0.00011133 0.000154417 0 0.0323244 0.141753 0.0165553 48 -0.0502482 0.113671 0.0200717
138 1 0.290503 0.216576 0 9.33451e-05 0.000153601 0 0.0349127 0.142806 0.0144135 48 -0.0486259 0.112514 0.0177101
139 1 0.328514 0.216449 0 7.57728e-05 0.000152409 0 0.0369596 0.143659 0.0120297 48 -0.047345 0.111572 0.0149235
162 1 0.216772 0.261512 0 0.000147369 0.000197138 0 0.0228727 0.142736 0.0149551 48 -0.0578157 0.12098 0.0171557
163 1 0.254392 0.261204 0 0.000126518 0.000193844 0 0.0258154 0.144435 0.0137006 48 -0.056313 0.120405 0.0160795
164 1 0.292075 0.260989 0 0.000106411 0.000191221 0 0.0282676 0.145777 0.0120739 48 -0.0550112 0.11979 0.0144064
165 1 0.329811 0.26084 0 8.63796e-05 0.000189891 0 0.0302564 0.146839 0.0101742 48 -0.0539354 0.119224 0.0122859
188 1 0.218494 0.306176 0 0.000161389 0.000240116 0 0.0177616 0.144181 0.0117887 48 -0.062106 0.125495 0.0130247
189 1 0.255922 0.305865 0 0.000139432 0.000238501 0 0.0203615 0.146244 0.0109452 48 -0.0611044 0.125663 0.0124284
190 1 0.293393 0.305643 0 0.000117219 0.00023771 0 0.0225843 0.147869 0.00975417 48 -0.0601705 0.12562 0.011299
191 1 0.330903 0.305486 0 9.57703e-05 0.000236307 0 0.0244277 0.149142 0.00829373 48 -0.0593547 0.125478 0.00974774
214 1 0.219873 0.350989 0 0.000172924 0.00028602 0 0.0137559 0.145102 0.00896859 48 -0.0653327 0.12887 0.00954432
215 1 0.257155 0.3507 0 0.000149213 0.000282865 0 0.0160001 0.147482 0.00842532 48 -0.0647932 0.129706 0.00926022
216 1 0.294461 0.350488 0 0.000126078 0.000280352 0 0.0179624 0.149365 0.00758368 48 -0.0642189 0.130202 0.00853387
217 1 0.331792 0.350336 0 0.000102686 0.000278901 0 0.0196228 0.150839 0.0065006 48 -0.0636718 0.130477 0.00744182
140 1 0.366575 0.216365 0 5.84961e-05 0.0001515 0 0.0385265 0.144337 0.00948518 48 -0.0463723 0.110846 0.0118473
141 1 0.404672 0.216313 0 4.16899e-05 0.000150866 0 0.0396612 0.144846 0.00683689 48 -0.0456748 0.110323 0.00857943
142 1 0.442794 0.216283 0 2.47635e-05 0.00015082 0 0.0403989 0.145186 0.00412489 48 -0.0452255 0.109985 0.00519134
143 1 0.48093 0.216269 0 8.45707e-06 0.000150632 0 0.0407622 0.145357 0.00137857 48 -0.0450056 0.10982 0.00173742
166 1 0.367588 0.260741 0 6.70493e-05 0.00018908 0 0.0318092 0.147662 0.00808084 48 -0.0530892 0.118753 0.00984193
167 1 0.405398 0.260677 0 4.75828e-05 0.000188633 0 0.0329503 0.148268 0.00585516 48 -0.0524662 0.118395 0.00717334
168 1 0.44323 0.26064 0 2.86607e-05 0.000188038 0 0.0336995 0.148667 0.00354449 48 -0.0520574 0.118156 0.00435855
169 1 0.481075 0.260622 0 9.37077e-06 0.000187919 0 0.0340707 0.148866 0.00118654 48 -0.0518552 0.118036 0.00146166
192 1 0.368445 0.305379 0 7.40363e-05 0.000235594 0 0.0258931 0.150117 0.00663309 48 -0.0586856 0.125308 0.0078776
193 1 0.406014 0.305309 0 5.29837e-05 0.000234625 0 0.0269851 0.150827 0.00483034 48 -0.0581776 0.125155 0.00577802
194 1 0.443601 0.305267 0 3.14263e-05 0.000234517 0 0.027709 0.151291 0.00293364 48 -0.0578372 0.125042 0.00352511
195 1 0.481199 0.305247 0 1.07838e-05 0.000234176 0 0.0280696 0.15152 0.000983631 48 -0.0576667 0.124982 0.00118453
218 1 0.369146 0.350231 0 7.99663e-05 0.000277891 0 0.0209647 0.151964 0.00523175 48 -0.0631954 0.130617 0.00606367
219 1 0.406519 0.350162 0 5.67476e-05 0.000277354 0 0.0219775 0.152778 0.00382735 48 -0.0628182 0.13068 0.00447397
220 1 0.443906 0.350119 0 3.43941e-05 0.000277054 0 0.022655 0.153307 0.00233144 48 -0.0625584 0.130703 0.00274001
221 1 0.481301 0.3501 0 1.11206e-05 0.000276971 0 0.0229944 0.153568 0.000782869 48 -0.0624261 0.130709 0.00092245
144 1 0.51907 0.216269 0 -8.45707e-06 0.000150632 0 0.0407622 0.145357 -0.00137857 48 -0.0450056 0.10982 -0.00173742
145 1 0.557206 0.216283 0 -2.47635e-05 0.00015082 0 0.0403989 0.145186 -0.00412489 48 -0.0452255 0.109985 -0.00519134
146 1 0.595328 0.216313 0 -4.16899e-05 0.000150866 0 0.0396612 0.144846 -0.00683689 48 -0.0456748 0.110323 -0.00857943
147 1 0.633425 0.216365 0 -5.84961e-05 0.0001515 0 0.0385265 0.144337 -0.00948518 48 -0.0463723 0.110846 -0.0118473
170 1 0.518925 0.260622 0 -9.37076e-06 0.000187919 0 0.0340707 0.148866 -0.00118654 48 -0.0518552 0.118036 -0.00146166
171 1 0.55677 0.26064 0 -2.86607e-05 0.000188038 0 0.0336995 0.148667 -0.00354449 48 -0.0520574 0.118156 -0.00435855
172 1 0.594602 0.260677 0 -4.75828e-05 0.000188633 0 0.0329503 0.148268 -0.00585516 48 -0.0524662 0.118395 -0.00717334
173 1 0.632412 0.260741 0 -6.70493e-05 0.00018908 0 0.0318092 0.147662 -0.00808084 48 -0.0530892 0.118753 -0.00984193
196 1 0.518801 0.305247 0 -1.07838e-05 0.000234176 0 0.0280696 0.15152 -0.000983631 48 -0.0576667 0.124982 -0.00118453
197 1 0.556399 0.305267 0 -3.14263e-05 0.000234517 0 0.027709 0.151291 -0.00293364 48 -0.0578372 0.125042 -0.00352511
198 1 0.593986 0.305309 0 -5.29837e-05 0.000234625 0 0.0269851 0.150827 -0.00483034 48 -0.0581776 0.125155 -0.00577802
199 1 0.631555 0.305379 0 -7.40363e-05 0.000235594 0 0.0258931 0.150117 -0.00663309 48 -0.0586856 0.125308 -0.0078776
222 1 0.518699 0.3501 0 -1.11206e-05 0.000276971 0 0.0229944 0.153568 -0.000782869 48 -0.0624261 0.130709 -0.00092245
223 1 0.556094 0.350119 0 -3.43941e-05 0.000277054 0 0.022655 0.153307 -0.00233144 48 -0.0625584 0.130703 -0.00274001
224 1 0.593481 0.350162 0 -5.67476e-05 0.000277354 0 0.0219775 0.152778 -0.00382735 48 -0.0628182 0.13068 -0.00447397
225 1 0.630854 0.350231 0 -7.99663e-05 0.000277891 0 0.0209647 0.151964 -0.00523175 48 -0.0631954 0.130617 -0.00606367
148 1 0.671486 0.216449 0 -7.57728e-05 0.000152409 0 0.0369596 0.143659 -0.0120297 48 -0.047345 0.111572 -0.0149235
149 1 0.709497 0.216576 0 -9.33451e-05 0.000153601 0 0.0349127 0.142806 -0.0144135 48 -0.0486259 0.112514 -0.0177101
150 1 0.747445 0.216767 0 -0.00011133 0.000154417 0 0.0323244 0.141753 -0.0165553 48 -0.0502482 0.113671 -0.0200717
151 1 0.785314 0.217047 0 -0.000129955 0.000155972 0 0.0291228 0.140444 -0.0183407 48 -0.0522318 0.115002 -0.0218252
174 1 0.670189 0.26084 0 -8.63796e-05 0.000189891 0 0.0302564 0.146839 -0.0101742 48 -0.0539354 0.119224 -0.0122859
175 1 0.707925 0.260989 0 -0.000106411 0.000191221 0 0.0282676 0.145777 -0.0120739 48 -0.0550112 0.11979 -0.0144064
176 1 0.745608 0.261204 0 -0.000126518 0.000193844 0 0.0258154 0.144435 -0.0137006 48 -0.056313 0.120405 -0.0160795
177 1 0.783228 0.261512 0 -0.000147369 0.000197138 0 0.0228727 0.142736 -0.0149551 48 -0.0578157 0.12098 -0.0171557
200 1 0.669097 0.305486 0 -9.57703e-05 0.000236307 0 0.0244277 0.149142 -0.00829373 48 -0.0593547 0.125478 -0.00974774
201 1 0.706607 0.305643 0 -0.000117219 0.00023771 0 0.0225843 0.147869 -0.00975417 48 -0.0601705 0.12562 -0.011299
202 1 0.744078 0.305865 0 -0.000139432 0.000238501 0 0.0203615 0.146244 -0.0109452 48 -0.0611044 0.125663 -0.0124284
203 1 0.781506 0.306176 0 -0.000161389 0.000240116 0 0.0177616 0.144181 -0.0117887 48 -0.062106 0.125495 -0.0130247
226 1 0.668208 0.350336 0 -0.000102686 0.000278901 0 0.0196228 0.150839 -0.0065006 48 -0.0636718 0.130477 -0.00744182
227 1 0.705539 0.350488 0 -0.000126078 0.000280352 0 0.0179624 0.149365 -0.00758368 48 -0.0642189 0.130202 -0.00853387
228 1 0.742845 0.3507 0 -0.000149213 0.000282865 0 0.0160001 0.147482 -0.00842532 48 -0.0647932 0.129706 -0.00926022
229 1 0.780127 0.350989 0 -0.000172924 0.00028602 0 0.0137559 0.145102 -0.00896859 48 -0.0653327 0.12887 -0.00954432
152 1 0.823086 0.217452 0 -0.00014927 0.000158454 0 0.02524 0.138766 -0.019624 48 -0.0545559 0.116384 -0.0227477
178 1 0.820779 0.261942 0 -0.000168529 0.00020088 0 0.0194162 0.14054 -0.0157277 48 -0.0594554 0.121349 -0.0174796
204 1 0.818889 0.306598 0 -0.000184227 0.000242703 0 0.0147853 0.141538 -0.0122104 48 -0.0630955 0.124941 -0.0129919
230 1 0.817386 0.351375 0 -0.000196397 0.000289288 0 0.0112412 0.142094 -0.00916808 48 -0.0657583 0.127534 -0.00933456
153 1 0.860748 0.218028 0 -0.000169482 0.000162658 0 0.0206055 0.136489 -0.0202653 47 -0.0571324 0.117569 -0.0226486
154 1 0.898292 0.218828 0 -0.000190608 0.000167992 0 0.0154598 0.133456 -0.0204385 42 -0.0596591 0.118207 -0.0219237
155 1 0.93572 0.219888 0 -0.000212671 0.000175028 0 0.00751162 0.12798 -0.020419 35 -0.0629662 0.118142 -0.0210515
156 1 0.97303 0.221189 0 -0.000235648 0.000183397 0 -0.00765955 0.11743 -0.0199324 28 -0.0689752 0.117653 -0.0193524
179 1 0.858254 0.262532 0 -0.000190414 0.000205204 0 0.0153962 0.137601 -0.0159373 47 -0.0611257 0.12125 -0.01696
180 1 0.895657 0.263319 0 -0.000212786 0.000210351 0 0.0107692 0.13363 -0.0157829 42 -0.0626926 0.120412 -0.0160063
181 1 0.932998 0.264322 0 -0.000235691 0.000216758 0 0.0034309 0.127325 -0.0155295 35 -0.0650539 0.118969 -0.0150486
182 1 0.970277 0.265508 0 -0.000259076 0.00022418 0 -0.00968604 0.117201 -0.0149928 28 -0.0697037 0.117478 -0.0136055
205 1 0.856229 0.307162 0 -0.000207053 0.000246605 0 0.0113878 0.138079 -0.0121747 47 -0.0639763 0.123765 -0.0123085
206 1 0.893537 0.30789 0 -0.000230322 0.000251862 0 0.00731893 0.133464 -0.0118777 42 -0.0647549 0.1218 -0.0113529
207 1 0.930823 0.308788 0 -0.000253866 0.000258174 0 0.000704572 0.126749 -0.0115496 35 -0.0663395 0.119389 -0.0104811
208 1 0.968088 0.309822 0 -0.000277519 0.000265063 0 -0.0104859 0.117275 -0.0110686 28 -0.0698766 0.117249 -0.00935641
231 1 0.854631 0.351878 0 -0.000220358 0.000293058 0 0.00840895 0.138251 -0.00901818 47 -0.0659955 0.125507 -0.00865051
232 1 0.891873 0.352512 0 -0.000244131 0.000296985 0 0.00486158 0.133223 -0.00869354 42 -0.0661597 0.122715 -0.00781444
233 1 0.929124 0.353275 0 -0.000268043 0.000301583 0 -0.00105693 0.126353 -0.00837974 35 -0.0671416 0.119651 -0.00710202
234 1 0.966383 0.354134 0 -0.000291872 0.00030696 0 -0.0106297 0.117552 -0.00799591 28 -0.0698223 0.117105 -0.00627949
235 1 0.034904 0.39845 0 0.000302647 0.000348732 0 -0.0104726 0.117918 0.00558624 28 -0.0697006 0.117058 0.00407784
236 1 0.0721604 0.397776 0 0.000278627 0.000344033 0 -0.0021664 0.126123 0.00586674 35 -0.0676502 0.119848 0.00464485
237 1 0.109389 0.397169 0 0.000254512 0.000339357 0 0.00316084 0.133007 0.00612418 42 -0.0671135 0.123339 0.00517995
238 1 0.146587 0.396654 0 0.000230135 0.000335263 0 0.00626901 0.138287 0.00641185 47 -0.0674049 0.126712 0.00584226
261 1 0.0358257 0.44277 0 0.000310416 0.000391282 0 -0.010224 0.118277 0.00366301 28 -0.0695829 0.117076 0.00250139
262 1 0.0730803 0.442288 0 0.000286313 0.000388386 0 -0.00284094 0.12601 0.00384958 35 -0.0679719 0.120005 0.00286375
263 1 0.110294 0.441847 0 0.000261909 0.000386119 0 0.00203234 0.13285 0.00403508 42 -0.0677451 0.123763 0.00322923
264 1 0.147464 0.441469 0 0.000237401 0.000384101 0 0.00480456 0.138273 0.00425322 47 -0.0683546 0.127524 0.00370052
287 1 0.0364195 0.487097 0 0.00031543 0.000433681 0 -0.0100044 0.118557 0.00206952 28 -0.0694972 0.117115 0.00134135
288 1 0.073673 0.486807 0 0.000291236 0.000431432 0 -0.00322159 0.125966 0.00217494 35 -0.0681632 0.120119 0.00154089
289 1 0.110878 0.48654 0 0.000266873 0.000428989 0 0.00134667 0.132752 0.00228549 42 -0.0681314 0.124029 0.00175191
290 1 0.148031 0.486309 0 0.000241884 0.000426836 0 0.00389382 0.138249 0.00241982 47 -0.068941 0.128027 0.00203185
313 1 0.0367099 0.531427 0 0.000318021 0.000476672 0 -0.00987943 0.118709 0.00066657 28 -0.0694528 0.117143 0.000419361
314 1 0.0739628 0.531331 0 0.000293771 0.000476305 0 -0.00339212 0.125954 0.000700587 35 -0.0682527 0.120179 0.000482862
315 1 0.111164 0.531242 0 0.000269136 0.000476414 0 0.00102334 0.132705 0.000737269 42 -0.0683147 0.124159 0.000551759
316 1 0.148308 0.531164 0 0.000244365 0.00047632 0 0.00345795 0.138233 0.000782567 47 -0.0692207 0.128267 0.000644485
239 1 0.183765 0.396237 0 0.000205845 0.000332472 0 0.00863092 0.1424 0.00659051 48 -0.0676628 0.12938 0.0064314
265 1 0.184597 0.441158 0 0.000212475 0.000381889 0 0.00680836 0.142563 0.0044086 48 -0.0689682 0.130644 0.00414364
291 1 0.185136 0.486118 0 0.000217107 0.000425411 0 0.00565816 0.142645 0.00252265 48 -0.069783 0.131433 0.0023044
317 1 0.1854 0.5311 0 0.000218927 0.000476231 0 0.0051027 0.142679 0.000818423 48 -0.070174 0.131812 0.000736334
240 1 0.220936 0.395912 0 0.000181334 0.000330263 0 0.0107458 0.145687 0.00651801 48 -0.0676916 0.131337 0.0066937
241 1 0.258109 0.395664 0 0.000157123 0.000329286 0 0.0126675 0.148324 0.00618421 48 -0.0675411 0.132727 0.00659212
242 1 0.295291 0.39548 0 0.000132678 0.000328562 0 0.0143818 0.150427 0.00561383 48 -0.0672823 0.133688 0.0061492
243 1 0.332486 0.395347 0 0.000108605 0.000327674 0 0.0158586 0.152077 0.0048455 48 -0.0669795 0.134335 0.00541394
266 1 0.221706 0.440913 0 0.000187688 0.000380058 0 0.00861021 0.146051 0.00439746 48 -0.0693351 0.133058 0.00437777
267 1 0.258804 0.440724 0 0.000162535 0.000377852 0 0.0102717 0.14888 0.00420499 48 -0.0694835 0.134871 0.00436555
268 1 0.295898 0.440582 0 0.000137599 0.000376322 0 0.0117793 0.151153 0.00384288 48 -0.0694739 0.136197 0.00411352
269 1 0.332995 0.440478 0 0.000112442 0.000375215 0 0.0130984 0.152944 0.00333525 48 -0.0693691 0.137142 0.00365048
292 1 0.222207 0.485966 0 0.000191581 0.000424403 0 0.00724674 0.14626 0.00253119 48 -0.0703725 0.134146 0.00246181
293 1 0.259256 0.485848 0 0.000166411 0.000424041 0 0.00872728 0.149218 0.00243364 48 -0.070722 0.136242 0.00247755
294 1 0.296295 0.485758 0 0.000140759 0.000423871 0 0.0100882 0.151605 0.00223454 48 -0.0708834 0.137817 0.00235172
295 1 0.333328 0.485693 0 0.000115341 0.000423546 0 0.0112934 0.153493 0.00194685 48 -0.0709168 0.13897 0.00209901
318 1 0.222453 0.531049 0 0.000193778 0.000475806 0 0.00658359 0.146355 0.000823866 48 -0.0708736 0.134672 0.000791583
319 1 0.259479 0.531009 0 0.000167916 0.000475563 0 0.00797167 0.149376 0.000794466 48 -0.0713239 0.136909 0.000800716
320 1 0.29649 0.530978 0 0.000142383 0.000475021 0 0.00925687 0.151822 0.000731329 48 -0.0715719 0.138611 0.000763128
321 1 0.333493 0.530956 0 0.000116387 0.00047512 0 0.0104026 0.153758 0.000638497 48 -0.071676 0.139869 0.000683258
244 1 0.369695 0.395254 0 8.42214e-05 0.000327168 0 0.0170701 0.153336 0.00392082 48 -0.0666839 0.134758 0.00444367
245 1 0.406915 0.395191 0 6.03008e-05 0.000326459 0 0.0179952 0.154245 0.00287968 48 -0.066433 0.135022 0.003296
246 1 0.444145 0.395153 0 3.58779e-05 0.000326027 0 0.0186192 0.154836 0.0017587 48 -0.0662525 0.135174 0.00202548
247 1 0.481381 0.395135 0 1.22247e-05 0.000325617 0 0.0189333 0.155127 0.000591304 48 -0.0661584 0.135243 0.00068304
270 1 0.370098 0.440405 0 8.75322e-05 0.000374544 0 0.0141948 0.154311 0.00271041 48 -0.0692233 0.137796 0.00301436
271 1 0.407207 0.440355 0 6.23604e-05 0.000374183 0 0.0150404 0.155299 0.00199698 48 -0.0690787 0.138227 0.00224555
272 1 0.444322 0.440325 0 3.76449e-05 0.000374354 0 0.0156149 0.15594 0.00122213 48 -0.068966 0.138488 0.00138382
273 1 0.48144 0.440311 0 1.22969e-05 0.000374486 0 0.0159053 0.156256 0.00041132 48 -0.0689048 0.13861 0.000467301
296 1 0.370362 0.485646 0 8.96288e-05 0.000423393 0 0.0123051 0.154936 0.0015869 48 -0.0708769 0.139786 0.00174079
297 1 0.407398 0.485614 0 6.41653e-05 0.000423136 0 0.0130914 0.15598 0.00117178 48 -0.0708084 0.140337 0.00130084
298 1 0.444438 0.485595 0 3.83573e-05 0.000422424 0 0.0136284 0.156657 0.000718156 48 -0.0707446 0.140675 0.000803256
299 1 0.481479 0.485585 0 1.29417e-05 0.000422148 0 0.0139008 0.156991 0.000241875 48 -0.0707072 0.140835 0.000271518
322 1 0.370493 0.53094 0 9.067e-05 0.000474859 0 0.0113696 0.155241 0.000521292 48 -0.0716908 0.140769 0.00056799
323 1 0.407493 0.530929 0 6.46683e-05 0.000475148 0 0.0121244 0.156313 0.000385386 48 -0.0716618 0.141382 0.00042516
324 1 0.444495 0.530922 0 3.88658e-05 0.000475638 0 0.0126415 0.157009 0.000236379 48 -0.0716235 0.14176 0.000262819
325 1 0.481498 0.530919 0 1.29044e-05 0.00047594 0 0.0129041 0.157352 7.9644e-05 48 -0.0715987 0.14194 8.88871e-05
248 1 0.518619 0.395135 0 -1.22247e-05 0.000325617 0 0.0189333 0.155127 -0.000591304 48 -0.0661584 0.135243 -0.00068304
249 1 0.555855 0.395153 0 -3.58779e-05 0.000326027 0 0.0186192 0.154836 -0.0017587 48 -0.0662525 0.135174 -0.00202548
250 1 0.593085 0.395191 0 -6.03008e-05 0.000326459 0 0.0179952 0.154245 -0.00287968 48 -0.066433 0.135022 -0.003296
251 1 0.630305 0.395254 0 -8.42214e-05 0.000327168 0 0.0170701 0.153336 -0.00392082 48 -0.0666839 0.134758 -0.00444367
274 1 0.51856 0.440311 0 -1.22969e-05 0.000374486 0 0.0159053 0.156256 -0.00041132 48 -0.0689048 0.13861 -0.000467301
275 1 0.555678 0.440325 0 -3.76449e-05 0.000374354 0 0.0156149 0.15594 -0.00122213 48 -0.068966 0.138488 -0.00138382
276 1 0.592793 0.440355 0 -6.23604e-05 0.000374183 0 0.0150404 0.155299 -0.00199698 48 -0.0690787 0.138227 -0.00224555
277 1 0.629902 0.440405 0 -8.75322e-05 0.000374544 0 0.0141948 0.154311 -0.00271041 48 -0.0692233 0.137796 -0.00301436
300 1 0.518521 0.485585 0 -1.29417e-05 0.000422148 0 0.0139008 0.156991 -0.000241875 48 -0.0707072 0.140835 -0.000271518
301 1 0.555562 0.485595 0 -3.83573e-05 0.000422424 0 0.0136284 0.156657 -0.000718156 48 -0.0707446 0.140675 -0.000803256
302 1 0.592602 0.485614 0 -6.41653e-05 0.000423136 0 0.0130914 0.15598 -0.00117178 48 -0.0708084 0.140337 -0.00130084
303 1 0.629638 0.485646 0 -8.96288e-05 0.000423393 0 0.0123051 0.154936 -0.0015869 48 -0.0708769 0.139786 -0.00174079
326 1 0.518502 0.530919 0 -1.29044e-05 0.00047594 0 0.0129041 0.157352 -7.9644e-05 48 -0.0715987 0.14194 -8.88871e-05
327 1 0.555505 0.530922 0 -3.88658e-05 0.000475638 0 0.0126415 0.157009 -0.000236379 48 -0.0716235 0.14176 -0.000262819
328 1 0.592507 0.530929 0 -6.46683e-05 0.000475148 0 0.0121244 0.156313 -0.000385386 48 -0.0716618 0.141382 -0.00042516
329 1 0.629507 0.53094 0 -9.067e-05 0.000474859 0 0.0113696 0.155241 -0.000521292 48 -0.0716908 0.140769 -0.00056799
252 1 0.667514 0.395347 0 -0.000108605 0.000327674 0 0.0158586 0.152077 -0.0048455 48 -0.0669795 0.134335 -0.00541394
253 1 0.704709 0.39548 0 -0.000132678 0.000328562 0 0.0143818 0.150427 -0.00561383 48 -0.0672823 0.133688 -0.0061492
254 1 0.741891 0.395664 0 -0.000157123 0.000329286 0 0.0126675 0.148324 -0.00618421 48 -0.0675411 0.132727 -0.00659212
255 1 0.779064 0.395912 0 -0.000181334 0.000330263 0 0.0107458 0.145687 -0.00651801 48 -0.0676916 0.131337 -0.0066937
278 1 0.667005 0.440478 0 -0.000112442 0.000375215 0 0.0130984 0.152944 -0.00333525 48 -0.0693691 0.137142 -0.00365048
279 1 0.704102 0.440582 0 -0.000137599 0.000376322 0 0.0117793 0.151153 -0.00384288 48 -0.0694739 0.136197 -0.00411352
280 1 0.741196 0.440724 0 -0.000162535 0.000377852 0 0.0102717 0.14888 -0.00420499 48 -0.0694835 0.134871 -0.00436555
281 1 0.778294 0.440913 0 -0.000187688 0.000380058 0 0.00861021 0.146051 -0.00439746 48 -0.0693351 0.133058 -0.00437777
304 1 0.666672 0.485693 0 -0.000115341 0.000423546 0 0.0112934 0.153493 -0.00194685 48 -0.0709168 0.13897 -0.00209901
305 1 0.703705 0.485758 0 -0.000140759 0.000423871 0 0.0100882 0.151605 -0.00223454 48 -0.0708834 0.137817 -0.00235172
306 1 0.740744 0.485848 0 -0.000166411 0.000424041 0 0.00872728 0.149218 -0.00243364 48 -0.070722 0.136242 -0.00247755
307 1 0.777793 0.485966 0 -0.000191581 0.000424403 0 0.00724674 0.14626 -0.00253119 48 -0.0703725 0.134146 -0.00246181
330 1 0.666507 0.530956 0 -0.000116387 0.00047512 0 0.0104026 0.153758 -0.000638497 48 -0.071676 0.139869 -0.000683258
331 1 0.70351 0.530978 0 -0.000142383 0.000475021 0 0.00925687 0.151822 -0.000731329 48 -0.0715719 0.138611 -0.000763128
332 1 0.740521 0.531009 0 -0.000167916 0.000475563 0 0.00797167 0.149376 -0.000794466 48 -0.0713239 0.136909 -0.000800716
333 1 0.777547 0.531049 0 -0.000193778 0.000475806 0 0.00658359 0.146355 -0.000823866 48 -0.0708736 0.134672 -0.000791583
256 1 0.816235 0.396237 0 -0.000205845 0.000332472 0 0.00863092 0.1424 -0.00659051 48 -0.0676628 0.12938 -0.0064314
282 1 0.815403 0.441158 0 -0.000212475 0.000381889 0 0.00680836 0.142563 -0.0044086 48 -0.0689682 0.130644 -0.00414364
308 1 0.814864 0.486118 0 -0.000217107 0.000425411 0 0.00565816 0.142645 -0.00252265 48 -0.069783 0.131433 -0.0023044
334 1 0.8146 0.5311 0 -0.000218927 0.000476231 0 0.0051027 0.142679 -0.000818423 48 -0.070174 0.131812 -0.000736334
257 1 0.853413 0.396654 0 -0.000230135 0.000335263 0 0.00626901 0.138287 -0.00641185 47 -0.0674049 0.126712 -0.00584226
258 1 0.890611 0.397169 0 -0.000254512 0.000339357 0 0.00316084 0.133007 -0.00612418 42 -0.0671135 0.123339 -0.00517995
259 1 0.92784 0.397776 0 -0.000278627 0.000344033 0 -0.0021664 0.126123 -0.00586674 35 -0.0676502 0.119848 -0.00464485
260 1 0.965096 0.39845 0 -0.000302647 0.000348732 0 -0.0104726 0.117918 -0.00558624 28 -0.0697006 0.117058 -0.00407784
283 1 0.852536 0.441469 0 -0.000237401 0.000384101 0 0.00480456 0.138273 -0.00425322 47 -0.0683546 0.127524 -0.00370052
284 1 0.889706 0.441847 0 -0.000261909 0.000386119 0 0.00203234 0.13285 -0.00403508 42 -0.0677451 0.123763 -0.00322923
285 1 0.92692 0.442288 0 -0.000286313 0.000388386 0 -0.00284094 0.12601 -0.00384958 35 -0.0679719 0.120005 -0.00286375
286 1 0.964174 0.44277 0 -0.000310416 0.000391282 0 -0.010224 0.118277 -0.00366301 28 -0.0695829 0.117076 -0.00250139
309 1 0.851969 0.486309 0 -0.000241884 0.000426836 0 0.00389382 0.138249 -0.00241982 47 -0.068941 0.128027 -0.00203185
310 1 0.889122 0.48654 0 -0.000266873 0.000428989 0 0.00134667 0.132752 -0.00228549 42 -0.0681314 0.124029 -0.00175191
311 1 0.926327 0.486807 0 -0.000291236 0.000431432 0 -0.00322159 0.125966 -0.00217494 35 -0.0681632 0.120119 -0.00154089
312 1 0.963581 0.487097 0 -0.00031543 0.000433681 0 -0.0100044 0.118557 -0.00206952 28 -0.0694972 0.117115 -0.00134135
335 1 0.851692 0.531164 0 -0.000244365 0.00047632 0 0.00345795 0.138233 -0.000782567 47 -0.0692207 0.128267 -0.000644485
336 1 0.888836 0.531242 0 -0.000269136 0.000476414 0 0.00102334 0.132705 -0.000737269 42 -0.0683147 0.124159 -0.000551759
337 1 0.926037 0.531331 0 -0.000293771 0.000476305 0 -0.00339212 0.125954 -0.000700587 35 -0.0682527 0.120179 -0.000482862
338 1 0.96329 0.531427 0 -0.000318021 0.000476672 0 -0.00987943 0.118709 -0.00066657 28 -0.0694528 0.117143 -0.000419361
339 2 0.0367092 0.575759 0 0.000318179 0.00051932 0 -0.00987772 0.118709 -0.00067402 28 -0.0694517 0.117142 -0.000425213
340 2 0.0739621 0.575856 0 0.000293934 0.00051963 0 -0.00339126 0.125953 -0.000707826 35 -0.0682517 0.120177 -0.000488555
341 2 0.111164 0.575946 0 0.000269502 0.000519768 0 0.00102377 0.132704 -0.000744168 42 -0.0683137 0.124157 -0.000557104
342 2 0.148307 0.576024 0 0.000244447 0.000519837 0 0.00345826 0.138231 -0.000789104 47 -0.0692196 0.128265 -0.000649523
365 2 0.0364173 0.620089 0 0.000316022 0.000562359 0 -0.00999957 0.118557 -0.00207641 28 -0.0694939 0.117112 -0.00134671
366 2 0.0736708 0.62038 0 0.000291747 0.000564412 0 -0.00321907 0.125964 -0.00218162 35 -0.0681604 0.120115 -0.00154609
367 2 0.110876 0.620647 0 0.00026712 0.000566818 0 0.00134803 0.132748 -0.00229183 42 -0.0681286 0.124024 -0.00175675
368 2 0.148029 0.620879 0 0.00024231 0.000568646 0 0.00389492 0.138244 -0.0024258 47 -0.0689379 0.128021 -0.00203638
391 2 0.0358222 0.664415 0 0.000311298 0.000604986 0 -0.0102161 0.118277 -0.00366884 28 -0.0695774 0.11707 -0.00250585
392 2 0.0730769 0.664899 0 0.000287135 0.000607927 0 -0.00283699 0.126006 -0.00385515 35 -0.0679673 0.119998 -0.00286794
393 2 0.110291 0.66534 0 0.000262749 0.000610653 0 0.00203432 0.132843 -0.0040403 42 -0.0677406 0.123754 -0.00323305
394 2 0.147461 0.665719 0 0.000238031 0.000613015 0 0.0048061 0.138264 -0.0042581 47 -0.0683496 0.127514 -0.00370402
417 2 0.0348994 0.708736 0 0.000303911 0.000647625 0 -0.0104624 0.117917 -0.00559046 28 -0.0696933 0.117051 -0.00408087
418 2 0.072156 0.70941 0 0.000279743 0.000652086 0 -0.00216139 0.126117 -0.0058707 35 -0.0676442 0.119839 -0.00464756
419 2 0.109385 0.710018 0 0.000255362 0.000656502 0 0.00316325 0.132998 -0.00612781 42 -0.0671076 0.123328 -0.00518228
420 2 0.146583 0.710534 0 0.000230987 0.000660096 0 0.00627081 0.138275 -0.00641516 47 -0.0673982 0.126699 -0.00584429
343 2 0.185399 0.576089 0 0.0002194 0.000520384 0 0.00510302 0.142677 -0.000824516 48 -0.0701728 0.131809 -0.000741018
369 2 0.185134 0.62107 0 0.000217116 0.000570298 0 0.00565932 0.142639 -0.0025282 48 -0.0697794 0.131426 -0.00230858
395 2 0.184594 0.66603 0 0.000213131 0.000615658 0 0.00680994 0.142553 -0.00441309 48 -0.0689625 0.130633 -0.00414682
421 2 0.183761 0.710951 0 0.000206427 0.000663174 0 0.00863276 0.142386 -0.00659349 48 -0.0676553 0.129365 -0.00643315
344 2 0.222452 0.576141 0 0.000193807 0.000520874 0 0.00658392 0.146353 -0.000829401 48 -0.0708723 0.13467 -0.000795805
345 2 0.259479 0.576181 0 0.000168218 0.000521331 0 0.00797202 0.149373 -0.00079936 48 -0.0713224 0.136906 -0.000804406
346 2 0.29649 0.576212 0 0.000142526 0.000521867 0 0.00925725 0.151819 -0.000735522 48 -0.0715704 0.138608 -0.000766249
347 2 0.333493 0.576235 0 0.000116663 0.000522121 0 0.010403 0.153756 -0.000641961 48 -0.0716744 0.139866 -0.000685808
370 2 0.222205 0.621223 0 0.000191833 0.000571386 0 0.00724797 0.146254 -0.00253623 48 -0.0703686 0.134139 -0.00246556
371 2 0.259255 0.621342 0 0.000166451 0.000572755 0 0.00872857 0.149211 -0.00243807 48 -0.0707178 0.136234 -0.00248081
372 2 0.296293 0.621432 0 0.000140716 0.000573649 0 0.0100896 0.151598 -0.00223834 48 -0.0708789 0.137808 -0.00235448
373 2 0.333327 0.621498 0 0.000115376 0.000574593 0 0.0112948 0.153485 -0.00194998 48 -0.0709121 0.138961 -0.00210126
396 2 0.221704 0.666276 0 0.000188151 0.000617692 0 0.00861188 0.14604 -0.00440151 48 -0.0693289 0.133046 -0.00438059
397 2 0.258801 0.666465 0 0.000162931 0.000619211 0 0.0102735 0.148869 -0.00420854 48 -0.0694768 0.134857 -0.00436797
398 2 0.295896 0.666608 0 0.000138004 0.000620283 0 0.0117811 0.151141 -0.00384591 48 -0.0694668 0.136182 -0.00411554
399 2 0.332994 0.666712 0 0.000112679 0.000621277 0 0.0131003 0.152931 -0.00333773 48 -0.0693617 0.137127 -0.00365212
422 2 0.220932 0.711276 0 0.000181829 0.000665408 0 0.0107477 0.145673 -0.00652065 48 -0.0676835 0.131321 -0.00669518
423 2 0.258106 0.711524 0 0.000157512 0.000667927 0 0.0126696 0.148309 -0.0061865 48 -0.0675323 0.132709 -0.00659334
424 2 0.295289 0.711709 0 0.000132887 0.000669775 0 0.0143839 0.15041 -0.00561576 48 -0.0672729 0.133669 -0.00615019
425 2 0.332484 0.711842 0 0.000108757 0.000671533 0 0.0158608 0.15206 -0.00484708 48 -0.0669697 0.134316 -0.00541471
348 2 0.370493 0.576251 0 9.0778e-05 0.000522325 0 0.01137 0.155238 -0.000523999 48 -0.0716892 0.140766 -0.00056996
349 2 0.407493 0.576262 0 6.4946e-05 0.000522405 0 0.0121248 0.15631 -0.000387327 48 -0.0716602 0.141378 -0.000426563
350 2 0.444495 0.576269 0 3.88763e-05 0.00052203 0 0.0126419 0.157007 -0.000237546 48 -0.0716218 0.141756 -0.000263658
351 2 0.481498 0.576272 0 1.3067e-05 0.000521901 0 0.0129045 0.157349 -8.00306e-05 48 -0.0715969 0.141936 -8.9162e-05
374 2 0.370361 0.621545 0 8.95377e-05 0.000575348 0 0.0123065 0.154928 -0.00158935 48 -0.0708721 0.139777 -0.00174252
375 2 0.407398 0.621577 0 6.40238e-05 0.000575947 0 0.0130928 0.155972 -0.00117354 48 -0.0708035 0.140327 -0.00130207
376 2 0.444437 0.621597 0 3.84562e-05 0.000576528 0 0.0136299 0.156649 -0.000719213 48 -0.0707395 0.140665 -0.000803992
377 2 0.481479 0.621606 0 1.26789e-05 0.000576841 0 0.0139023 0.156982 -0.000242228 48 -0.0707022 0.140825 -0.000271762
400 2 0.370097 0.666785 0 8.77982e-05 0.000621612 0 0.0141968 0.154298 -0.00271235 48 -0.0692156 0.13778 -0.00301561
401 2 0.407206 0.666835 0 6.25631e-05 0.000622283 0 0.0150424 0.155285 -0.00199836 48 -0.0690708 0.138212 -0.00224643
402 2 0.444321 0.666866 0 3.75988e-05 0.000622361 0 0.0156169 0.155927 -0.00122296 48 -0.0689579 0.138472 -0.00138435
403 2 0.48144 0.66688 0 1.25415e-05 0.000622562 0 0.0159073 0.156242 -0.000411596 48 -0.0688967 0.138594 -0.000467474
426 2 0.369693 0.711936 0 8.42989e-05 0.000672593 0 0.0170724 0.153318 -0.00392205 48 -0.0666738 0.134737 -0.00444425
427 2 0.406914 0.711999 0 6.03309e-05 0.00067361 0 0.0179976 0.154227 -0.00288056 48 -0.0664226 0.135001 -0.0032964
428 2 0.444144 0.712037 0 3.60008e-05 0.000673852 0 0.0186216 0.154818 -0.00175923 48 -0.0662419 0.135153 -0.00202571
429 2 0.481381 0.712055 0 1.21208e-05 0.000674135 0 0.0189357 0.155108 -0.000591479 48 -0.0661477 0.135221 -0.000683117
352 2 0.518502 0.576272 0 -1.3067e-05 0.000521901 0 0.0129045 0.157349 8.00306e-05 48 -0.0715969 0.141936 8.9162e-05
353 2 0.555505 0.576269 0 -3.88763e-05 0.00052203 0 0.0126419 0.157007 0.000237546 48 -0.0716218 0.141756 0.000263658
354 2 0.592507 0.576262 0 -6.4946e-05 0.000522405 0 0.0121248 0.15631 0.000387327 48 -0.0716602 0.141378 0.000426563
355 2 0.629507 0.576251 0 -9.0778e-05 0.000522325 0 0.01137 0.155238 0.000523999 48 -0.0716892 0.140766 0.00056996
378 2 0.518521 0.621606 0 -1.26789e-05 0.000576841 0 0.0139023 0.156982 0.000242228 48 -0.0707022 0.140825 0.000271762
379 2 0.555563 0.621597 0 -3.84562e-05 0.000576528 0 0.0136299 0.156649 0.000719213 48 -0.0707395 0.140665 0.000803992
380 2 0.592602 0.621577 0 -6.40238e-05 0.000575947 0 0.0130928 0.155972 0.00117354 48 -0.0708035 0.140327 0.00130207
381 2 0.629639 0.621545 0 -8.95377e-05 0.000575348 0 0.0123065 0.154928 0.00158935 48 -0.0708721 0.139777 0.00174252
404 2 0.51856 0.66688 0 -1.25415e-05 0.000622562 0 0.0159073 0.156242 0.000411596 48 -0.0688967 0.138594 0.000467474
405 2 0.555679 0.666866 0 -3.75988e-05 0.000622361 0 0.0156169 0.155927 0.00122296 48 -0.0689579 0.138472 0.00138435
406 2 0.592794 0.666835 0 -6.25631e-05 0.000622283 0 0.0150424 0.155285 0.00199836 48 -0.0690708 0.138212 0.00224643
407 2 0.629903 0.666785 0 -8.77982e-05 0.000621612 0 0.0141968 0.154298 0.00271235 48 -0.0692156 0.13778 0.00301561
430 2 0.518619 0.712055 0 -1.21208e-05 0.000674135 0 0.0189357 0.155108 0.000591479 48 -0.0661477 0.135221 0.000683117
431 2 0.555856 0.712037 0 -3.60008e-05 0.000673852 0 0.0186216 0.154818 0.00175923 48 -0.0662419 0.135153 0.00202571
432 2 0.593086 0.711999 0 -6.03309e-05 0.00067361 0 0.0179976 0.154227 0.00288056 48 -0.0664226 0.135001 0.0032964
433 2 0.630307 0.711936 0 -8.42989e-05 0.000672593 0 0.0170724 0.153318 0.00392205 48 -0.0666738 0.134737 0.00444425
356 2 0.666507 0.576235 0 -0.000116663 0.000522121 0 0.010403 0.153756 0.000641961 48 -0.0716744 0.139866 0.000685808
357 2 0.70351 0.576212 0 -0.000142526 0.000521867 0 0.00925725 0.151819 0.000735522 48 -0.0715704 0.138608 0.000766249
358 2 0.740521 0.576181 0 -0.000168218 0.000521331 0 0.00797202 0.149373 0.00079936 48 -0.0713224 0.136906 0.000804406
359 2 0.777548 0.576141 0 -0.000193807 0.000520874 0 0.00658392 0.146353 0.000829401 48 -0.0708723 0.13467 0.000795805
382 2 0.666673 0.621498 0 -0.000115376 0.000574593 0 0.0112948 0.153485 0.00194998 48 -0.0709121 0.138961 0.00210126
383 2 0.703707 0.621432 0 -0.000140716 0.000573649 0 0.0100896 0.151598 0.00223834 48 -0.0708789 0.137808 0.00235448
384 2 0.740745 0.621342 0 -0.000166451 0.000572755 0 0.00872857 0.149211 0.00243807 48 -0.0707178 0.136234 0.00248081
385 2 0.777795 0.621223 0 -0.000191833 0.000571386 0 0.00724797 0.146254 0.00253623 48 -0.0703686 0.134139 0.00246556
408 2 0.667006 0.666712 0 -0.000112679 0.000621277 0 0.0131003 0.152931 0.00333773 48 -0.0693617 0.137127 0.00365212
409 2 0.704104 0.666608 0 -0.000138004 0.000620283 0 0.0117811 0.151141 0.00384591 48 -0.0694668 0.136182 0.00411554
410 2 0.741199 0.666465 0 -0.000162931 0.000619211 0 0.0102735 0.148869 0.00420854 48 -0.0694768 0.134857 0.00436797
411 2 0.778296 0.666276 0 -0.000188151 0.000617692 0 0.00861188 0.14604 0.00440151 48 -0.0693289 0.133046 0.00438059
434 2 0.667516 0.711842 0 -0.000108757 0.000671533 0 0.0158608 0.15206 0.00484708 48 -0.0669697 0.134316 0.00541471
435 2 0.704711 0.711709 0 -0.000132887 0.000669775 0 0.0143839 0.15041 0.00561576 48 -0.0672729 0.133669 0.00615019
436 2 0.741894 0.711524 0 -0.000157512 0.000667927 0 0.0126696 0.148309 0.0061865 48 -0.0675323 0.132709 0.00659334
437 2 0.779068 0.711276 0 -0.000181829 0.000665408 0 0.0107477 0.145673 0.00652065 48 -0.0676835 0.131321 0.00669518
360 2 0.814601 0.576089 0 -0.0002194 0.000520384 0 0.00510302 0.142677 0.000824516 48 -0.0701728 0.131809 0.000741018
386 2 0.814866 0.62107 0 -0.000217116 0.000570298 0 0.00565932 0.142639 0.0025282 48 -0.0697794 0.131426 0.00230858
412 2 0.815406 0.66603 0 -0.000213131 0.000615658 0 0.00680994 0.142553 0.00441309 48 -0.0689625 0.130633 0.00414682
438 2 0.816239 0.710951 0 -0.000206427 0.000663174 0 0.00863276 0.142386 0.00659349 48 -0.0676553 0.129365 0.00643315
361 2 0.851693 0.576024 0 -0.000244447 0.000519837 0 0.00345826 0.138231 0.000789104 47 -0.0692196 0.128265 0.000649523
362 2 0.888836 0.575946 0 -0.000269502 0.000519768 0 0.00102377 0.132704 0.000744168 42 -0.0683137 0.124157 0.000557104
363 2 0.926038 0.575856 0 -0.000293934 0.00051963 0 -0.00339126 0.125953 0.000707826 35 -0.0682517 0.120177 0.000488555
364 2 0.963291 0.575759 0 -0.000318179 0.00051932 0 -0.00987772 0.118709 0.00067402 28 -0.0694517 0.117142 0.000425213
387 2 0.851971 0.620879 0 -0.00024231 0.000568646 0 0.00389492 0.138244 0.0024258 47 -0.0689379 0.128021 0.00203638
388 2 0.889124 0.620647 0 -0.00026712 0.000566818 0 0.00134803 0.132748 0.00229183 42 -0.0681286 0.124024 0.00175675
389 2 0.926329 0.62038 0 -0.000291747 0.000564412 0 -0.00321907 0.125964 0.00218162 35 -0.0681604 0.120115 0.00154609
390 2 0.963583 0.620089 0 -0.000316022 0.000562359 0 -0.00999957 0.118557 0.00207641 28 -0.0694939 0.117112 0.00134671
413 2 0.852539 0.665719 0 -0.000238031 0.000613015 0 0.0048061 0.138264 0.0042581 47 -0.0683496 0.127514 0.00370402
414 2 0.889709 0.66534 0 -0.000262749 0.000610653 0 0.00203432 0.132843 0.0040403 42 -0.0677406 0.123754 0.00323305
415 2 0.926923 0.664899 0 -0.000287135 0.000607927 0 -0.00283699 0.126006 0.00385515 35 -0.0679673 0.119998 0.00286794
416 2 0.964178 0.664415 0 -0.000311298 0.000604986 0 -0.0102161 0.118277 0.00366884 28 -0.0695774 0.11707 0.00250585
439 2 0.853417 0.710534 0 -0.000230987 0.000660096 0 0.00627081 0.138275 0.00641516 47 -0.0673982 0.126699 0.00584429
440 2 0.890615 0.710018 0 -0.000255362 0.000656502 0 0.00316325 0.132998 0.00612781 42 -0.0671076 0.123328 0.00518228
441 2 0.927844 0.70941 0 -0.000279743 0.000652086 0 -0.00216139 0.126117 0.0058707 35 -0.0676442 0.119839 0.00464756
442 2 0.965101 0.708736 0 -0.000303911 0.000647625 0 -0.0104624 0.117917 0.00559046 28 -0.0696933 0.117051 0.00408087
443 2 0.0336112 0.753051 0 0.000293382 0.000689779 0 -0.0106177 0.117551 -0.00799808 28 -0.0698134 0.117096 -0.00628068
444 2 0.0708708 0.753911 0 0.000269319 0.00069531 0 -0.00105139 0.126346 -0.00838163 35 -0.0671343 0.11964 -0.00710278
445 2 0.108122 0.754674 0 0.000245383 0.000700394 0 0.00486403 0.133211 -0.00869512 42 -0.0661527 0.122702 -0.00781482
446 2 0.145365 0.755309 0 0.000221222 0.000704817 0 0.00841066 0.138237 -0.0090195 47 -0.0659876 0.125491 -0.00865061
469 2 0.0319059 0.797363 0 0.000279247 0.000731882 0 -0.0104731 0.117273 -0.0110682 28 -0.0698667 0.117238 -0.00935525
470 2 0.0691716 0.798397 0 0.000255393 0.000738705 0 0.000710061 0.12674 -0.0115491 35 -0.0663315 0.119377 -0.0104795
471 2 0.106458 0.799295 0 0.000231631 0.000744549 0 0.00732103 0.133451 -0.011877 42 -0.0647472 0.121785 -0.011351
472 2 0.143766 0.800024 0 0.000208301 0.000749695 0 0.0113892 0.138063 -0.0121738 47 -0.0639678 0.123748 -0.0123064
495 2 0.0297172 0.841677 0 0.000260942 0.000773141 0 -0.00967372 0.117198 -0.0149897 28 -0.0696934 0.117467 -0.0136016
496 2 0.0669962 0.842863 0 0.000237251 0.000780757 0 0.00343591 0.127316 -0.0155263 35 -0.0650458 0.118956 -0.0150443
497 2 0.104337 0.843866 0 0.000214193 0.0007875 0 0.010771 0.133617 -0.0157796 42 -0.0626848 0.120397 -0.0160018
498 2 0.141741 0.844654 0 0.000191445 0.000793137 0 0.0153973 0.137585 -0.0159341 47 -0.0611171 0.121232 -0.0169555
521 2 0.0269647 0.885995 0 0.000237532 0.000814405 0 -0.0076484 0.117428 -0.0199265 28 -0.0689657 0.117642 -0.0193455
522 2 0.0642741 0.887296 0 0.000214317 0.000822953 0 0.00751645 0.127973 -0.0204133 35 -0.0629586 0.11813 -0.0210444
523 2 0.101703 0.888357 0 0.000192063 0.000829513 0 0.015462 0.133445 -0.020433 42 -0.0596517 0.118193 -0.0219168
524 2 0.139247 0.889157 0 0.000170704 0.000835046 0 0.0206074 0.136476 -0.0202599 47 -0.0571242 0.117553 -0.0226417
447 2 0.18261 0.755812 0 0.000197295 0.00070892 0 0.011243 0.142078 -0.00916918 48 -0.0657495 0.127517 -0.00933447
473 2 0.181106 0.800588 0 0.000185055 0.000753493 0 0.0147866 0.14152 -0.0122094 48 -0.0630859 0.124921 -0.0129897
499 2 0.179216 0.845244 0 0.00016945 0.000797618 0 0.0194175 0.140523 -0.0157245 48 -0.0594457 0.121329 -0.0174751
525 2 0.176909 0.889733 0 0.000150288 0.000838883 0 0.0252422 0.138751 -0.0196188 48 -0.0545466 0.116366 -0.0227411
448 2 0.219869 0.756199 0 0.000173538 0.000712113 0 0.0137577 0.145085 -0.0089695 48 -0.0653231 0.128851 -0.0095441
449 2 0.257151 0.756488 0 0.00014972 0.000714628 0 0.016002 0.147463 -0.00842607 48 -0.0647828 0.129685 -0.00925992
450 2 0.294458 0.756701 0 0.000126528 0.000715991 0 0.0179645 0.149345 -0.00758428 48 -0.0642079 0.13018 -0.00853354
451 2 0.33179 0.756852 0 0.000103016 0.000717454 0 0.019625 0.150819 -0.00650107 48 -0.0636603 0.130454 -0.0074415
474 2 0.21849 0.801011 0 0.000162284 0.000756684 0 0.0177631 0.144162 -0.0117877 48 -0.0620955 0.125473 -0.0130226
475 2 0.255918 0.801322 0 0.000139888 0.000759272 0 0.0203631 0.146223 -0.0109442 48 -0.0610931 0.12564 -0.0124264
476 2 0.29339 0.801545 0 0.000117626 0.000761796 0 0.022586 0.147847 -0.00975328 48 -0.0601585 0.125595 -0.0112972
477 2 0.3309 0.801702 0 9.5991e-05 0.00076344 0 0.0244295 0.149119 -0.00829296 48 -0.0593421 0.125452 -0.00974617
500 2 0.216767 0.845674 0 0.000148002 0.000801285 0 0.0228741 0.142716 -0.0149521 48 -0.0578051 0.120958 -0.0171514
501 2 0.254388 0.845982 0 0.000127121 0.000803872 0 0.0258169 0.144414 -0.0136978 48 -0.0563014 0.120382 -0.0160756
502 2 0.292072 0.846198 0 0.000106808 0.000805517 0 0.0282692 0.145755 -0.0120714 48 -0.0549989 0.119765 -0.014403
503 2 0.329808 0.846346 0 8.68123e-05 0.000806944 0 0.0302581 0.146816 -0.0101721 48 -0.0539225 0.119199 -0.012283
526 2 0.214682 0.890138 0 0.000130738 0.000842098 0 0.0291251 0.140428 -0.0183358 48 -0.0522216 0.114982 -0.0218189
527 2 0.252551 0.890419 0 0.000111834 0.000844376 0 0.0323267 0.141734 -0.0165509 48 -0.0502371 0.11365 -0.020066
528 2 0.2905 0.89061 0 9.36511e-05 0.000846337 0 0.0349152 0.142786 -0.0144097 48 -0.0486141 0.112492 -0.0177051
529 2 0.328512 0.890737 0 7.6005e-05 0.000847697 0 0.0369621 0.143639 -0.0120265 48 -0.0473325 0.111548 -0.0149192
452 2 0.369144 0.756958 0 8.01763e-05 0.000718267 0 0.020967 0.151942 -0.0052321 48 -0.0631834 0.130593 -0.00606338
453 2 0.406517 0.757027 0 5.69638e-05 0.000719132 0 0.0219798 0.152756 -0.00382759 48 -0.0628059 0.130655 -0.00447375
454 2 0.443905 0.75707 0 3.43015e-05 0.000719663 0 0.0226574 0.153285 -0.00233158 48 -0.0625458 0.130677 -0.00273987
455 2 0.481301 0.75709 0 1.13187e-05 0.000720136 0 0.0229968 0.153546 -0.000782916 48 -0.0624134 0.130683 -0.000922403
478 2 0.368443 0.801809 0 7.42394e-05 0.000764606 0 0.025895 0.150094 -0.00663247 48 -0.0586725 0.125282 -0.00787634
479 2 0.406012 0.801879 0 5.29787e-05 0.000765435 0 0.026987 0.150803 -0.00482989 48 -0.0581641 0.125128 -0.0057771
480 2 0.4436 0.801921 0 3.16986e-05 0.000765694 0 0.027711 0.151266 -0.00293336 48 -0.0578234 0.125014 -0.00352455
481 2 0.481199 0.801941 0 1.05379e-05 0.00076575 0 0.0280716 0.151495 -0.000983538 48 -0.0576528 0.124954 -0.00118434
504 2 0.367586 0.846446 0 6.7174e-05 0.000807942 0 0.0318109 0.147638 -0.00807922 48 -0.0530757 0.118727 -0.00983963
505 2 0.405396 0.84651 0 4.78302e-05 0.00080888 0 0.0329521 0.148243 -0.00585399 48 -0.0524523 0.118368 -0.00717166
506 2 0.443229 0.846547 0 2.85972e-05 0.000809415 0 0.0337014 0.148642 -0.00354378 48 -0.0520432 0.118128 -0.00435753
507 2 0.481075 0.846565 0 9.49754e-06 0.000809934 0 0.0340726 0.14884 -0.0011863 48 -0.0518408 0.118008 -0.00146132
530 2 0.366573 0.890821 0 5.86377e-05 0.000848527 0 0.038529 0.144315 -0.00948262 48 -0.0463592 0.110822 -0.011844
531 2 0.40467 0.890873 0 4.17521e-05 0.000848964 0 0.0396638 0.144823 -0.00683503 48 -0.0456614 0.110298 -0.00857701
532 2 0.442793 0.890903 0 2.49254e-05 0.000849245 0 0.0404015 0.145163 -0.00412377 48 -0.0452117 0.10996 -0.00518987
533 2 0.480929 0.890917 0 8.32818e-06 0.000849202 0 0.0407648 0.145334 -0.00137819 48 -0.0449917 0.109794 -0.00173693
456 2 0.518699 0.75709 0 -1.13187e-05 0.000720136 0 0.0229968 0.153546 0.000782916 48 -0.0624134 0.130683 0.000922403
457 2 0.556095 0.75707 0 -3.43015e-05 0.000719663 0 0.0226574 0.153285 0.00233158 48 -0.0625458 0.130677 0.00273987
458 2 0.593483 0.757027 0 -5.69638e-05 0.000719132 0 0.0219798 0.152756 0.00382759 48 -0.0628059 0.130655 0.00447375
459 2 0.630856 0.756958 0 -8.01763e-05 0.000718267 0 0.020967 0.151942 0.0052321 48 -0.0631834 0.130593 0.00606338
482 2 0.518801 0.801941 0 -1.05379e-05 0.00076575 0 0.0280716 0.151495 0.000983538 48 -0.0576528 0.124954 0.00118434
483 2 0.5564 0.801921 0 -3.16986e-05 0.000765694 0 0.027711 0.151266 0.00293336 48 -0.0578234 0.125014 0.00352455
484 2 0.593988 0.801879 0 -5.29787e-05 0.000765435 0 0.026987 0.150803 0.00482989 48 -0.0581641 0.125128 0.0057771
485 2 0.631557 0.801809 0 -7.42394e-05 0.000764606 0 0.025895 0.150094 0.00663247 48 -0.0586725 0.125282 0.00787634
508 2 0.518925 0.846565 0 -9.49754e-06 0.000809934 0 0.0340726 0.14884 0.0011863 48 -0.0518408 0.118008 0.00146132
509 2 0.556771 0.846547 0 -2.85972e-05 0.000809415 0 0.0337014 0.148642 0.00354378 48 -0.0520432 0.118128 0.00435753
510 2 0.594604 0.84651 0 -4.78302e-05 0.00080888 0 0.0329521 0.148243 0.00585399 48 -0.0524523 0.118368 0.00717166
511 2 0.632414 0.846446 0 -6.7174e-05 0.000807942 0 0.0318109 0.147638 0.00807922 48 -0.0530757 0.118727 0.00983963
534 2 0.519071 0.890917 0 -8.32818e-06 0.000849202 0 0.0407648 0.145334 0.00137819 48 -0.0449917 0.109794 0.00173693
535 2 0.557207 0.890903 0 -2.49254e-05 0.000849245 0 0.0404015 0.145163 0.00412377 48 -0.0452117 0.10996 0.00518987
536 2 0.59533 0.890873 0 -4.17521e-05 0.000848964 0 0.0396638 0.144823 0.00683503 48 -0.0456614 0.110298 0.00857701
537 2 0.633427 0.890821 0 -5.86377e-05 0.000848527 0 0.038529 0.144315 0.00948262 48 -0.0463592 0.110822 0.011844
460 2 0.66821 0.756852 0 -0.000103016 0.000717454 0 0.019625 0.150819 0.00650107 48 -0.0636603 0.130454 0.0074415
461 2 0.705542 0.756701 0 -0.000126528 0.000715991 0 0.0179645 0.149345 0.00758428 48 -0.0642079 0.13018 0.00853354
462 2 0.742849 0.756488 0 -0.00014972 0.000714628 0 0.016002 0.147463 0.00842607 48 -0.0647828 0.129685 0.00925992
463 2 0.780131 0.756199 0 -0.000173538 0.000712113 0 0.0137577 0.145085 0.0089695 48 -0.0653231 0.128851 0.0095441
486 2 0.6691 0.801702 0 -9.5991e-05 0.00076344 0 0.0244295 0.149119 0.00829296 48 -0.0593421 0.125452 0.00974617
487 2 0.70661 0.801545 0 -0.000117626 0.000761796 0 0.022586 0.147847 0.00975328 48 -0.0601585 0.125595 0.0112972
488 2 0.744082 0.801322 0 -0.000139888 0.000759272 0 0.0203631 0.146223 0.0109442 48 -0.0610931 0.12564 0.0124264
489 2 0.78151 0.801011 0 -0.000162284 0.000756684 0 0.0177631 0.144162 0.0117877 48 -0.0620955 0.125473 0.0130226
512 2 0.670192 0.846346 0 -8.68123e-05 0.000806944 0 0.0302581 0.146816 0.0101721 48 -0.0539225 0.119199 0.012283
513 2 0.707928 0.846198 0 -0.000106808 0.000805517 0 0.0282692 0.145755 0.0120714 48 -0.0549989 0.119765 0.014403
514 2 0.745612 0.845982 0 -0.000127121 0.000803872 0 0.0258169 0.144414 0.0136978 48 -0.0563014 0.120382 0.0160756
515 2 0.783233 0.845674 0 -0.000148002 0.000801285 0 0.0228741 0.142716 0.0149521 48 -0.0578051 0.120958 0.0171514
538 2 0.671488 0.890737 0 -7.6005e-05 0.000847697 0 0.0369621 0.143639 0.0120265 48 -0.0473325 0.111548 0.0149192
539 2 0.7095 0.89061 0 -9.36511e-05 0.000846337 0 0.0349152 0.142786 0.0144097 48 -0.0486141 0.112492 0.0177051
540 2 0.747449 0.890419 0 -0.000111834 0.000844376 0 0.0323267 0.141734 0.0165509 48 -0.0502371 0.11365 0.020066
541 2 0.785318 0.890138 0 -0.000130738 0.000842098 0 0.0291251 0.140428 0.0183358 48 -0.0522216 0.114982 0.0218189
464 2 0.81739 0.755812 0 -0.000197295 0.00070892 0 0.011243 0.142078 0.00916918 48 -0.0657495 0.127517 0.00933447
490 2 0.818894 0.800588 0 -0.000185055 0.000753493 0 0.0147866 0.14152 0.0122094 48 -0.0630859 0.124921 0.0129897
516 2 0.820784 0.845244 0 -0.00016945 0.000797618 0 0.0194175 0.140523 0.0157245 48 -0.0594457 0.121329 0.0174751
542 2 0.823091 0.889733 0 -0.000150288 0.000838883 0 0.0252422 0.138751 0.0196188 48 -0.0545466 0.116366 0.0227411
465 2 0.854635 0.755309 0 -0.000221222 0.000704817 0 0.00841066 0.138237 0.0090195 47 -0.0659876 0.125491 0.00865061
466 2 0.891878 0.754674 0 -0.000245383 0.000700394 0 0.00486403 0.133211 0.00869512 42 -0.0661527 0.122702 0.00781482
467 2 0.929129 0.753911 0 -0.000269319 0.00069531 0 -0.00105139 0.126346 0.00838163 35 -0.0671343 0.11964 0.00710278
468 2 0.966389 0.753051 0 -0.000293382 0.000689779 0 -0.0106177 0.117551 0.00799808 28 -0.0698134 0.117096 0.00628068
491 2 0.856234 0.800024 0 -0.000208301 0.000749695 0 0.0113892 0.138063 0.0121738 47 -0.0639678 0.123748 0.0123064
492 2 0.893542 0.799295 0 -0.000231631 0.000744549 0 0.00732103 0.133451 0.011877 42 -0.0647472 0.121785 0.011351
493 2 0.930828 0.798397 0 -0.000255393 0.000738705 0 0.000710061 0.12674 0.0115491 35 -0.0663315 0.119377 0.0104795
494 2 0.968094 0.797363 0 -0.000279247 0.000731882 0 -0.0104731 0.117273 0.0110682 28 -0.0698667 0.117238 0.00935525
517 2 0.858259 0.844654 0 -0.000191445 0.000793137 0 0.0153973 0.137585 0.0159341 47 -0.0611171 0.121232 0.0169555
518 2 0.895663 0.843866 0 -0.000214193 0.0007875 0 0.010771 0.133617 0.0157796 42 -0.0626848 0.120397 0.0160018
519 2 0.933004 0.842863 0 -0.000237251 0.000780757 0 0.00343591 0.127316 0.0155263 35 -0.0650458 0.118956 0.0150443
520 2 0.970283 0.841677 0 -0.000260942 0.000773141 0 -0.00967372 0.117198 0.0149897 28 -0.0696934 0.117467 0.0136016
543 2 0.860753 0.889157 0 -0.000170704 0.000835046 0 0.0206074 0.136476 0.0202599 47 -0.0571242 0.117553 0.0226417
544 2 0.898297 0.888357 0 -0.000192063 0.000829513 0 0.015462 0.133445 0.020433 42 -0.0596517 0.118193 0.0219168
545 2 0.935726 0.887296 0 -0.000214317 0.000822953 0 0.00751645 0.127973 0.0204133 35 -0.0629586 0.11813 0.0210444
546 2 0.973035 0.885995 0 -0.000237532 0.000814405 0 -0.0076484 0.117428 0.0199265 28 -0.0689657 0.117642 0.0193455
547 2 0.0235591 0.930321 0 0.000208369 0.00085451 0 -0.00354071 0.118 -0.0259503 28 -0.0670785 0.117367 -0.0268949
548 2 0.0609354 0.93167 0 0.000185801 0.00086279 0 0.013331 0.128355 -0.026193 35 -0.0595885 0.116386 -0.0286401
549 2 0.0985043 0.932723 0 0.000164799 0.000869717 0 0.0215775 0.132415 -0.0257262 42 -0.0552023 0.114575 -0.0291035
550 2 0.136253 0.933477 0 0.000145136 0.00087496 0 0.0271175 0.134194 -0.0249504 47 -0.0515753 0.112115 -0.0292184
573 2 0.0194222 0.974644 0 0.000172307 0.000894181 0 0.00345442 0.118716 -0.0334707 27 -0.063322 0.116191 -0.0370644
574 2 0.0569289 0.975937 0 0.000151101 0.000902268 0 0.0217851 0.128361 -0.0329999 34 -0.0541391 0.113179 -0.0382422
575 2 0.0947175 0.976889 0 0.000132137 0.000907892 0 0.0297784 0.130349 -0.0315271 41 -0.0486396 0.108971 -0.0375635
576 2 0.13276 0.977529 0 0.000115081 0.000912064 0 0.0353789 0.130589 -0.029697 46 -0.0439205 0.104443 -0.0363863
599 2 0.014566 1.0189 0 0.000129532 0.000932142 0 0.0126376 0.119494 -0.0420769 24 -0.0579748 0.11455 -0.0493861
600 2 0.0522725 1.01999 0 0.000110245 0.000938047 0 0.0354123 0.13065 -0.0402798 30 -0.0457933 0.10942 -0.0493028
601 2 0.0903867 1.02073 0 9.39963e-05 0.000942454 0 0.0435259 0.131074 -0.0373108 36 -0.0390311 0.102797 -0.046735
602 2 0.128845 1.02119 0 8.0506e-05 0.000945329 0 0.0483151 0.129553 -0.0339511 41 -0.0336914 0.0963397 -0.0434357
603 2 0.167555 1.02146 0 6.9004e-05 0.000947438 0 0.0528747 0.129111 -0.0304118 42 -0.029153 0.0912691 -0.039599
625 2 0.00899824 1.06305 0 7.91427e-05 0.000968586 0 0.021715 0.120458 -0.0519823 20 -0.0528213 0.114515 -0.0636975
626 2 0.0469368 1.06371 0 6.24259e-05 0.000971176 0 0.0577008 0.139807 -0.0475025 25 -0.0340172 0.107293 -0.0610657
627 2 0.0855756 1.0641 0 5.09281e-05 0.000972952 0 0.0638301 0.137824 -0.0425113 30 -0.0270422 0.0983733 -0.0556533
628 2 0.124628 1.06433 0 4.25136e-05 0.000974058 0 0.0662127 0.134037 -0.0374124 34 -0.0220624 0.090366 -0.0496998
629 2 0.163914 1.06444 0 3.60434e-05 0.000974999 0 0.0683722 0.131793 -0.0326029 35 -0.0182756 0.0845523 -0.0437994
651 2 0 1.10719 0 0 0.001 0 0.114357 0.178819 -0.0635691 16 -0.0122416 0.119591 -0.0869068
652 2 0.04 1.10719 0 0 0.001 0 0.0925824 0.157352 -0.0558127 20 -0.0166338 0.106783 -0.0754253
653 2 0.08 1.10719 0 0 0.001 0 0.0842146 0.144789 -0.047535 24 -0.0148447 0.0944779 -0.0644663
654 2 0.12 1.10719 0 0 0.001 0 0.0816074 0.137713 -0.0403057 27 -0.0117403 0.085247 -0.0550602
655 2 0.16 1.10719 0 0 0.001 0 0.0807738 0.13394 -0.0343322 28 -0.00940588 0.079332 -0.0471614
551 2 0.17417 0.933993 0 0.000126799 0.000878836 0 0.0322551 0.135687 -0.0236324 48 -0.0480527 0.109508 -0.0285238
577 2 0.17102 0.977939 0 9.97054e-05 0.000914882 0 0.0406918 0.131227 -0.0273899 47 -0.0396007 0.100452 -0.0343744
552 2 0.212233 0.93434 0 0.000109725 0.000881596 0 0.0363905 0.136803 -0.0216635 48 -0.0451108 0.107123 -0.0267079
553 2 0.250413 0.934571 0 9.34415e-05 0.000883659 0 0.0396569 0.137706 -0.0192441 48 -0.0427626 0.105122 -0.0240787
554 2 0.288684 0.934722 0 7.80188e-05 0.000885028 0 0.0422013 0.13847 -0.0165428 48 -0.0409444 0.10353 -0.0209153
555 2 0.327024 0.93482 0 6.3107e-05 0.000885895 0 0.0441566 0.139122 -0.0136724 48 -0.0395696 0.102314 -0.017414
578 2 0.209452 0.9782 0 8.57099e-05 0.000916966 0 0.0446949 0.13175 -0.0245724 47 -0.0362927 0.0972452 -0.0313454
579 2 0.24801 0.978366 0 7.27012e-05 0.000918355 0 0.0476716 0.132234 -0.0214659 47 -0.0338386 0.094786 -0.0276865
580 2 0.28666 0.97847 0 6.04791e-05 0.000919431 0 0.0498881 0.132705 -0.0182212 47 -0.0320442 0.0929556 -0.0236802
581 2 0.325376 0.978534 0 4.87966e-05 0.00092004 0 0.0515407 0.133155 -0.0149199 47 -0.030745 0.0916239 -0.0194922
604 2 0.206439 1.02161 0 5.87879e-05 0.00094854 0 0.0559798 0.128871 -0.0267066 42 -0.026001 0.087577 -0.0351741
605 2 0.245436 1.02171 0 4.97545e-05 0.00094957 0 0.0581126 0.128823 -0.0229774 42 -0.0238403 0.0849446 -0.0304876
606 2 0.28451 1.02177 0 4.11346e-05 0.000950039 0 0.059625 0.128926 -0.0192952 42 -0.0223503 0.0830858 -0.025728
607 2 0.323636 1.0218 0 3.32255e-05 0.000950476 0 0.0607271 0.129124 -0.0156802 42 -0.0213154 0.0817842 -0.0209777
630 2 0.203323 1.0645 0 3.06425e-05 0.000975265 0 0.0696336 0.130402 -0.0281178 35 -0.0158821 0.0806459 -0.0380342
631 2 0.242802 1.06454 0 2.5681e-05 0.00097574 0 0.0704251 0.129633 -0.0239098 35 -0.0143587 0.0780252 -0.0324793
632 2 0.282324 1.06456 0 2.14104e-05 0.000975847 0 0.0709796 0.129277 -0.0199245 35 -0.0133615 0.0762502 -0.0271387
633 2 0.321874 1.06456 0 1.71039e-05 0.000975922 0 0.0714028 0.129173 -0.016109 35 -0.0126924 0.0750419 -0.0219808
656 2 0.2 1.10719 0 0 0.001 0 0.0802879 0.131891 -0.0292409 28 -0.00801635 0.0756627 -0.0402987
657 2 0.24 1.10719 0 0 0.001 0 0.0800138 0.130838 -0.0246924 28 -0.00717716 0.0733215 -0.0340951
658 2 0.28 1.10719 0 0 0.001 0 0.0798897 0.130358 -0.0204941 28 -0.00664827 0.0717844 -0.0283309
659 2 0.32 1.10719 0 0 0.001 0 0.0798674 0.130202 -0.0165294 28 -0.00630169 0.0707597 -0.022867
556 2 0.365415 0.934882 0 4.86419e-05 0.000886844 0 0.0456222 0.139662 -0.0107024 48 -0.0385597 0.10142 -0.013702
557 2 0.403844 0.93492 0 3.45132e-05 0.000887303 0 0.0466683 0.14008 -0.00767484 48 -0.0378532 0.100797 -0.00986059
558 2 0.442297 0.934941 0 2.06862e-05 0.000887837 0 0.0473418 0.140365 -0.00461539 48 -0.0374057 0.100405 -0.00594282
559 2 0.480764 0.93495 0 6.77948e-06 0.000888017 0 0.0476717 0.140511 -0.00154006 48 -0.0371889 0.100215 -0.00198508
582 2 0.36414 0.978573 0 3.76109e-05 0.000920558 0 0.0527558 0.133559 -0.0116008 47 -0.029821 0.0906798 -0.0152114
583 2 0.402936 0.978595 0 2.66368e-05 0.000920604 0 0.0536127 0.133887 -0.00828089 47 -0.0291895 0.0900391 -0.0108849
584 2 0.441753 0.978607 0 1.59308e-05 0.000920808 0 0.0541607 0.134119 -0.00496551 47 -0.0287958 0.0896427 -0.00653686
585 2 0.480583 0.978613 0 5.31177e-06 0.000920782 0 0.0544282 0.134238 -0.00165459 47 -0.0286067 0.0894534 -0.00217977
608 2 0.362797 1.02182 0 2.54379e-05 0.00095083 0 0.0615315 0.129355 -0.0121283 42 -0.0206006 0.080887 -0.0162628
609 2 0.401983 1.02183 0 1.80935e-05 0.000950936 0 0.0620988 0.12957 -0.00862705 42 -0.0201221 0.0802904 -0.0115855
610 2 0.441184 1.02183 0 1.07202e-05 0.000951228 0 0.0624624 0.129733 -0.00516194 42 -0.0198278 0.0799264 -0.00693852
611 2 0.480394 1.02183 0 3.62534e-06 0.0009512 0 0.0626404 0.12982 -0.00171828 42 -0.0196876 0.079754 -0.00231068
634 2 0.361442 1.06457 0 1.32394e-05 0.000976095 0 0.0717323 0.129207 -0.0124175 35 -0.0122409 0.0742256 -0.0169639
635 2 0.401022 1.06457 0 9.32523e-06 0.000975966 0 0.0719791 0.129294 -0.00881311 35 -0.0119433 0.0736905 -0.0120493
636 2 0.440611 1.06457 0 5.62149e-06 0.000976068 0 0.0721445 0.12938 -0.00526618 35 -0.0117622 0.0733673 -0.00720335
637 2 0.480203 1.06457 0 1.80503e-06 0.000976018 0 0.0722278 0.129431 -0.00175187 35 -0.0116764 0.0732152 -0.00239683
660 2 0.36 1.10719 0 0 0.001 0 0.0799017 0.130216 -0.0127226 28 -0.00607136 0.0700781 -0.0176091
661 2 0.4 1.10719 0 0 0.001 0 0.0799567 0.130299 -0.00902148 28 -0.00592108 0.0696367 -0.0124903
662 2 0.44 1.10719 0 0 0.001 0 0.0800069 0.130386 -0.00538788 28 -0.0058302 0.0693726 -0.00746095
663 2 0.48 1.10719 0 0 0.001 0 0.0800358 0.130438 -0.00179193 28 -0.0057873 0.069249 -0.00248161
560 2 0.519236 0.93495 0 -6.77948e-06 0.000888017 0 0.0476717 0.140511 0.00154006 48 -0.0371889 0.100215 0.00198508
561 2 0.557703 0.934941 0 -2.06862e-05 0.000887837 0 0.0473418 0.140365 0.00461539 48 -0.0374057 0.100405 0.00594282
562 2 0.596156 0.93492 0 -3.45132e-05 0.000887303 0 0.0466683 0.14008 0.00767484 48 -0.0378532 0.100797 0.00986059
563 2 0.634585 0.934882 0 -4.86419e-05 0.000886844 0 0.0456222 0.139662 0.0107024 48 -0.0385597 0.10142 0.013702
586 2 0.519417 0.978613 0 -5.31177e-06 0.000920782 0 0.0544282 0.134238 0.00165459 47 -0.0286067 0.0894534 0.00217977
587 2 0.558247 0.978607 0 -1.59308e-05 0.000920808 0 0.0541607 0.134119 0.00496551 47 -0.0287958 0.0896427 0.00653686
588 2 0.597064 0.978595 0 -2.66368e-05 0.000920604 0 0.0536127 0.133887 0.00828089 47 -0.0291895 0.0900391 0.0108849
589 2 0.63586 0.978573 0 -3.76109e-05 0.000920558 0 0.0527558 0.133559 0.0116008 47 -0.029821 0.0906798 0.0152114
612 2 0.519606 1.02183 0 -3.62534e-06 0.0009512 0 0.0626404 0.12982 0.00171828 42 -0.0196876 0.079754 0.00231068
613 2 0.558816 1.02183 0 -1.07202e-05 0.000951228 0 0.0624624 0.129733 0.00516194 42 -0.0198278 0.0799264 0.00693852
614 2 0.598017 1.02183 0 -1.80935e-05 0.000950936 0 0.0620988 0.12957 0.00862705 42 -0.0201221 0.0802904 0.0115855
615 2 0.637203 1.02182 0 -2.54379e-05 0.00095083 0 0.0615315 0.129355 0.0121283 42 -0.0206006 0.080887 0.0162628
638 2 0.519797 1.06457 0 -1.80503e-06 0.000976018 0 0.0722278 0.129431 0.00175187 35 -0.0116764 0.0732152 0.00239683
639 2 0.559389 1.06457 0 -5.62149e-06 0.000976068 0 0.0721445 0.12938 0.00526618 35 -0.0117622 0.0733673 0.00720335
640 2 0.598978 1.06457 0 -9.32523e-06 0.000975966 0 0.0719791 0.129294 0.00881311 35 -0.0119433 0.0736905 0.0120493
641 2 0.638558 1.06457 0 -1.32394e-05 0.000976095 0 0.0717323 0.129207 0.0124175 35 -0.0122409 0.0742256 0.0169639
664 2 0.52 1.10719 0 0 0.001 0 0.0800358 0.130438 0.00179193 28 -0.0057873 0.069249 0.00248161
665 2 0.56 1.10719 0 0 0.001 0 0.0800069 0.130386 0.00538788 28 -0.0058302 0.0693726 0.00746095
666 2 0.6 1.10719 0 0 0.001 0 0.0799567 0.130299 0.00902148 28 -0.00592108 0.0696367 0.0124903
667 2 0.64 1.10719 0 0 0.001 0 0.0799017 0.130216 0.0127226 28 -0.00607136 0.0700781 0.0176091
564 2 0.672976 0.93482 0 -6.3107e-05 0.000885895 0 0.0441566 0.139122 0.0136724 48 -0.0395696 0.102314 0.017414
565 2 0.711316 0.934722 0 -7.80188e-05 0.000885028 0 0.0422013 0.13847 0.0165428 48 -0.0409444 0.10353 0.0209153
566 2 0.749587 0.934571 0 -9.34415e-05 0.000883659 0 0.0396569 0.137706 0.0192441 48 -0.0427626 0.105122 0.0240787
567 2 0.787767 0.93434 0 -0.000109725 0.000881596 0 0.0363905 0.136803 0.0216635 48 -0.0451108 0.107123 0.0267079
590 2 0.674624 0.978534 0 -4.87966e-05 0.00092004 0 0.0515407 0.133155 0.0149199 47 -0.030745 0.0916239 0.0194922
591 2 0.71334 0.97847 0 -6.04791e-05 0.000919431 0 0.0498881 0.132705 0.0182212 47 -0.0320442 0.0929556 0.0236802
592 2 0.75199 0.978366 0 -7.27012e-05 0.000918355 0 0.0476716 0.132234 0.0214659 47 -0.0338386 0.094786 0.0276865
593 2 0.790548 0.9782 0 -8.57099e-05 0.000916966 0 0.0446949 0.13175 0.0245724 47 -0.0362927 0.0972452 0.0313454
616 2 0.676364 1.0218 0 -3.32255e-05 0.000950476 0 0.0607271 0.129124 0.0156802 42 -0.0213154 0.0817842 0.0209777
617 2 0.71549 1.02177 0 -4.11346e-05 0.000950039 0 0.059625 0.128926 0.0192952 42 -0.0223503 0.0830858 0.025728
618 2 0.754564 1.02171 0 -4.97545e-05 0.00094957 0 0.0581126 0.128823 0.0229774 42 -0.0238403 0.0849446 0.0304876
619 2 0.793561 1.02161 0 -5.87879e-05 0.00094854 0 0.0559798 0.128871 0.0267066 42 -0.026001 0.087577 0.0351741
642 2 0.678126 1.06456 0 -1.71039e-05 0.000975922 0 0.0714028 0.129173 0.016109 35 -0.0126924 0.0750419 0.0219808
643 2 0.717676 1.06456 0 -2.14104e-05 0.000975847 0 0.0709796 0.129277 0.0199245 35 -0.0133615 0.0762502 0.0271387
644 2 0.757198 1.06454 0 -2.5681e-05 0.00097574 0 0.0704251 0.129633 0.0239098 35 -0.0143587 0.0780252 0.0324793
645 2 0.796677 1.0645 0 -3.06425e-05 0.000975265 0 0.0696336 0.130402 0.0281178 35 -0.0158821 0.0806459 0.0380342
668 2 0.68 1.10719 0 0 0.001 0 0.0798674 0.130202 0.0165294 28 -0.00630169 0.0707597 0.022867
669 2 0.72 1.10719 0 0 0.001 0 0.0798897 0.130358 0.0204941 28 -0.00664827 0.0717844 0.0283309
670 2 0.76 1.10719 0 0 0.001 0 0.0800138 0.130838 0.0246924 28 -0.00717716 0.0733215 0.0340951
671 2 0.8 1.10719 0 0 0.001 0 0.0802879 0.131891 0.0292409 28 -0.00801635 0.0756627 0.0402987
568 2 0.82583 0.933993 0 -0.000126799 0.000878836 0 0.0322551 0.135687 0.0236324 48 -0.0480527 0.109508 0.0285238
594 2 0.82898 0.977939 0 -9.97054e-05 0.000914882 0 0.0406918 0.131227 0.0273899 47 -0.0396007 0.100452 0.0343744
569 2 0.863747 0.933477 0 -0.000145136 0.00087496 0 0.0271175 0.134194 0.0249504 47 -0.0515753 0.112115 0.0292184
570 2 0.901496 0.932723 0 -0.000164799 0.000869717 0 0.0215775 0.132415 0.0257262 42 -0.0552023 0.114575 0.0291035
571 2 0.939065 0.93167 0 -0.000185801 0.00086279 0 0.013331 0.128355 0.026193 35 -0.0595885 0.116386 0.0286401
572 2 0.976441 0.930321 0 -0.000208369 0.00085451 0 -0.00354071 0.118 0.0259503 28 -0.0670785 0.117367 0.0268949
595 2 0.86724 0.977529 0 -0.000115081 0.000912064 0 0.0353789 0.130589 0.029697 46 -0.0439205 0.104443 0.0363863
596 2 0.905282 0.976889 0 -0.000132137 0.000907892 0 0.0297784 0.130349 0.0315271 41 -0.0486396 0.108971 0.0375635
597 2 0.943071 0.975937 0 -0.000151101 0.000902268 0 0.0217851 0.128361 0.0329999 34 -0.0541391 0.113179 0.0382422
598 2 0.980578 0.974644 0 -0.000172307 0.000894181 0 0.00345442 0.118716 0.0334707 27 -0.063322 0.116191 0.0370644
620 2 0.832445 1.02146 0 -6.9004e-05 0.000947438 0 0.0528747 0.129111 0.0304118 42 -0.029153 0.0912691 0.039599
621 2 0.871155 1.02119 0 -8.0506e-05 0.000945329 0 0.0483151 0.129553 0.0339511 41 -0.0336914 0.0963397 0.0434357
622 2 0.909613 1.02073 0 -9.39963e-05 0.000942454 0 0.0435259 0.131074 0.0373108 36 -0.0390311 0.102797 0.046735
623 2 0.947727 1.01999 0 -0.000110245 0.000938047 0 0.0354123 0.13065 0.0402798 30 -0.0457933 0.10942 0.0493028
624 2 0.985434 1.0189 0 -0.000129532 0.000932142 0 0.0126376 0.119494 0.0420769 24 -0.0579748 0.11455 0.0493861
646 2 0.836086 1.06444 0 -3.60434e-05 0.000974999 0 0.0683722 0.131793 0.0326029 35 -0.0182756 0.0845523 0.0437994
647 2 0.875372 1.06433 0 -4.25136e-05 0.000974058 0 0.0662127 0.134037 0.0374124 34 -0.0220624 0.090366 0.0496998
648 2 0.914424 1.0641 0 -5.09281e-05 0.000972952 0 0.0638301 0.137824 0.0425113 30 -0.0270422 0.0983733 0.0556533
649 2 0.953063 1.06371 0 -6.24259e-05 0.000971176 0 0.0577008 0.139807 0.0475025 25 -0.0340172 0.107293 0.0610657
650 2 0.991002 1.06305 0 -7.91427e-05 0.000968586 0 0.021715 0.120458 0.0519823 20 -0.0528213 0.114515 0.0636975
672 2 0.84 1.10719 0 0 0.001 0 0.0807738 0.13394 0.0343322 28 -0.00940588 0.079332 0.0471614
673 2 0.88 1.10719 0 0 0.001 0 0.0816074 0.137713 0.0403057 27 -0.0117403 0.085247 0.0550602
674 2 0.92 1.10719 0 0 0.001 0 0.0842146 0.144789 0.047535 24 -0.0148447 0.0944779 0.0644663
675 2 0.96 1.10719 0 0 0.001 0 0.0925824 0.157352 0.0558127 20 -0.0166338 0.106783 0.0754253
676 2 1 1.10719 0 0 0.001 0 0.114357 0.178819 0.0635691 16 -0.0122416 0.119591 0.0869068
