1 1 0 0 0 0 0 0 0 0 0 0 -0.5 -0.5 0
2 1 0.04 0 0 0 0 0 0 0 0 0 -0.5 -0.5 0
3 1 0.08 0 0 0 0 0 0 0 0 0 -0.5 -0.5 0
4 1 0.12 0 0 0 0 0 0 0 0 0 -0.5 -0.5 0
5 1 0.16 0 0 0 0 0 0 0 0 0 -0.5 -0.5 0
14 1 0 0.04 0 0 0 0 0 0 0 0 -0.5 -0.5 0
15 1 0.04 0.04 0 0 0 0 0 0 0 0 -0.5 -0.5 0
16 1 0.08 0.04 0 0 0 0 0 0 0 0 -0.5 -0.5 0
17 1 0.12 0.04 0 0 0 0 0 0 0 0 -0.5 -0.5 0
18 1 0.16 0.04 0 0 0 0 0 0 0 0 -0.5 -0.5 0
27 1 0 0.08 0 0 0 0 0 0 0 0 -0.5 -0.5 0
28 1 0.04 0.08 0 0 0 0 0 0 0 0 -0.5 -0.5 0
29 1 0.08 0.08 0 0 0 0 0 0 0 0 -0.5 -0.5 0
30 1 0.12 0.08 0 0 0 0 0 0 0 0 -0.5 -0.5 0
31 1 0.16 0.08 0 0 0 0 0 0 0 0 -0.5 -0.5 0
40 1 0 0.12 0 0 0 0 0 0 0 0 -0.5 -0.5 0
41 1 0.04 0.12 0 0 0 0 0 0 0 0 -0.5 -0.5 0
42 1 0.08 0.12 0 0 0 0 0 0 0 0 -0.5 -0.5 0
43 1 0.12 0.12 0 0 0 0 0 0 0 0 -0.5 -0.5 0
44 1 0.16 0.12 0 0 0 0 0 0 0 0 -0.5 -0.5 0
53 1 0 0.16 0 0 0 0 0 0 0 0 -0.5 -0.5 0
54 1 0.04 0.16 0 0 0 0 0 0 0 0 -0.5 -0.5 0
55 1 0.08 0.16 0 0 0 0 0 0 0 0 -0.5 -0.5 0
56 1 0.12 0.16 0 0 0 0 0 0 0 0 -0.5 -0.5 0
57 1 0.16 0.16 0 0 0 0 0 0 0 0 -0.5 -0.5 0
6 1 0.2 0 0 0 0 0 0 0 0 0 -0.5 -0.5 0
7 1 0.24 0 0 0 0 0 0 0 0 0 -0.5 -0.5 0
8 1 0.28 0 0 0 0 0 0 0 0 0 -0.5 -0.5 0
9 1 0.32 0 0 0 0 0 0 0 0 0 -0.5 -0.5 0
19 1 0.2 0.04 0 0 0 0 0 0 0 0 -0.5 -0.5 0
20 1 0.24 0.04 0 0 0 0 0 0 0 0 -0.5 -0.5 0
21 1 0.28 0.04 0 0 0 0 0 0 0 0 -0.5 -0.5 0
22 1 0.32 0.04 0 0 0 0 0 0 0 0 -0.5 -0.5 0
32 1 0.2 0.08 0 0 0 0 0 0 0 0 -0.5 -0.5 0
33 1 0.24 0.08 0 0 0 0 0 0 0 0 -0.5 -0.5 0
34 1 0.28 0.08 0 0 0 0 0 0 0 0 -0.5 -0.5 0
35 1 0.32 0.08 0 0 0 0 0 0 0 0 -0.5 -0.5 0
45 1 0.2 0.12 0 0 0 0 0 0 0 0 -0.5 -0.5 0
46 1 0.24 0.12 0 0 0 0 0 0 0 0 -0.5 -0.5 0
47 1 0.28 0.12 0 0 0 0 0 0 0 0 -0.5 -0.5 0
48 1 0.32 0.12 0 0 0 0 0 0 0 0 -0.5 -0.5 0
58 1 0.2 0.16 0 0 0 0 0 0 0 0 -0.5 -0.5 0
59 1 0.24 0.16 0 0 0 0 0 0 0 0 -0.5 -0.5 0
60 1 0.28 0.16 0 0 0 0 0 0 0 0 -0.5 -0.5 0
61 1 0.32 0.16 0 0 0 0 0 0 0 0 -0.5 -0.5 0
10 1 0.36 0 0 0 0 0 0 0 0 0 -0.5 -0.5 0
11 1 0.4 0 0 0 0 0 0 0 0 0 -0.5 -0.5 0
12 1 0.44 0 0 0 0 0 0 0 0 0 -0.5 -0.5 0
13 1 0.48 0 0 0 0 0 0 0 0 0 -0.5 -0.5 0
23 1 0.36 0.04 0 0 0 0 0 0 0 0 -0.5 -0.5 0
24 1 0.4 0.04 0 0 0 0 0 0 0 0 -0.5 -0.5 0
25 1 0.44 0.04 0 0 0 0 0 0 0 0 -0.5 -0.5 0
26 1 0.48 0.04 0 0 0 0 0 0 0 0 -0.5 -0.5 0
36 1 0.36 0.08 0 0 0 0 0 0 0 0 -0.5 -0.5 0
37 1 0.4 0.08 0 0 0 0 0 0 0 0 -0.5 -0.5 0
38 1 0.44 0.08 0 0 0 0 0 0 0 0 -0.5 -0.5 0
39 1 0.48 0.08 0 0 0 0 0 0 0 0 -0.5 -0.5 0
49 1 0.36 0.12 0 0 0 0 0 0 0 0 -0.5 -0.5 0
50 1 0.4 0.12 0 0 0 0 0 0 0 0 -0.5 -0.5 0
51 1 0.44 0.12 0 0 0 0 0 0 0 0 -0.5 -0.5 0
52 1 0.48 0.12 0 0 0 0 0 0 0 0 -0.5 -0.5 0
62 1 0.36 0.16 0 0 0 0 0 0 0 0 -0.5 -0.5 0
63 1 0.4 0.16 0 0 0 0 0 0 0 0 -0.5 -0.5 0
64 1 0.44 0.16 0 0 0 0 0 0 0 0 -0.5 -0.5 0
65 1 0.48 0.16 0 0 0 0 0 0 0 0 -0.5 -0.5 0
339 2 0.52 0 0 0 0 0 0 0 0 0 -0.5 -0.5 0
340 2 0.56 0 0 0 0 0 0 0 0 0 -0.5 -0.5 0
341 2 0.6 0 0 0 0 0 0 0 0 0 -0.5 -0.5 0
342 2 0.64 0 0 0 0 0 0 0 0 0 -0.5 -0.5 0
352 2 0.52 0.04 0 0 0 0 0 0 0 0 -0.5 -0.5 0
353 2 0.56 0.04 0 0 0 0 0 0 0 0 -0.5 -0.5 0
354 2 0.6 0.04 0 0 0 0 0 0 0 0 -0.5 -0.5 0
355 2 0.64 0.04 0 0 0 0 0 0 0 0 -0.5 -0.5 0
365 2 0.52 0.08 0 0 0 0 0 0 0 0 -0.5 -0.5 0
366 2 0.56 0.08 0 0 0 0 0 0 0 0 -0.5 -0.5 0
367 2 0.6 0.08 0 0 0 0 0 0 0 0 -0.5 -0.5 0
368 2 0.64 0.08 0 0 0 0 0 0 0 0 -0.5 -0.5 0
378 2 0.52 0.12 0 0 0 0 0 0 0 0 -0.5 -0.5 0
379 2 0.56 0.12 0 0 0 0 0 0 0 0 -0.5 -0.5 0
380 2 0.6 0.12 0 0 0 0 0 0 0 0 -0.5 -0.5 0
381 2 0.64 0.12 0 0 0 0 0 0 0 0 -0.5 -0.5 0
391 2 0.52 0.16 0 0 0 0 0 0 0 0 -0.5 -0.5 0
392 2 0.56 0.16 0 0 0 0 0 0 0 0 -0.5 -0.5 0
393 2 0.6 0.16 0 0 0 0 0 0 0 0 -0.5 -0.5 0
394 2 0.64 0.16 0 0 0 0 0 0 0 0 -0.5 -0.5 0
343 2 0.68 0 0 0 0 0 0 0 0 0 -0.5 -0.5 0
344 2 0.72 0 0 0 0 0 0 0 0 0 -0.5 -0.5 0
345 2 0.76 0 0 0 0 0 0 0 0 0 -0.5 -0.5 0
346 2 0.8 0 0 0 0 0 0 0 0 0 -0.5 -0.5 0
356 2 0.68 0.04 0 0 0 0 0 0 0 0 -0.5 -0.5 0
357 2 0.72 0.04 0 0 0 0 0 0 0 0 -0.5 -0.5 0
358 2 0.76 0.04 0 0 0 0 0 0 0 0 -0.5 -0.5 0
359 2 0.8 0.04 0 0 0 0 0 0 0 0 -0.5 -0.5 0
369 2 0.68 0.08 0 0 0 0 0 0 0 0 -0.5 -0.5 0
370 2 0.72 0.08 0 0 0 0 0 0 0 0 -0.5 -0.5 0
371 2 0.76 0.08 0 0 0 0 0 0 0 0 -0.5 -0.5 0
372 2 0.8 0.08 0 0 0 0 0 0 0 0 -0.5 -0.5 0
382 2 0.68 0.12 0 0 0 0 0 0 0 0 -0.5 -0.5 0
383 2 0.72 0.12 0 0 0 0 0 0 0 0 -0.5 -0.5 0
384 2 0.76 0.12 0 0 0 0 0 0 0 0 -0.5 -0.5 0
385 2 0.8 0.12 0 0 0 0 0 0 0 0 -0.5 -0.5 0
395 2 0.68 0.16 0 0 0 0 0 0 0 0 -0.5 -0.5 0
396 2 0.72 0.16 0 0 0 0 0 0 0 0 -0.5 -0.5 0
397 2 0.76 0.16 0 0 0 0 0 0 0 0 -0.5 -0.5 0
398 2 0.8 0.16 0 0 0 0 0 0 0 0 -0.5 -0.5 0
347 2 0.84 0 0 0 0 0 0 0 0 0 -0.5 -0.5 0
348 2 0.88 0 0 0 0 0 0 0 0 0 -0.5 -0.5 0
349 2 0.92 0 0 0 0 0 0 0 0 0 -0.5 -0.5 0
350 2 0.96 0 0 0 0 0 0 0 0 0 -0.5 -0.5 0
351 2 1 0 0 0 0 0 0 0 0 0 -0.5 -0.5 0
360 2 0.84 0.04 0 0 0 0 0 0 0 0 -0.5 -0.5 0
361 2 0.88 0.04 0 0 0 0 0 0 0 0 -0.5 -0.5 0
362 2 0.92 0.04 0 0 0 0 0 0 0 0 -0.5 -0.5 0
363 2 0.96 0.04 0 0 0 0 0 0 0 0 -0.5 -0.5 0
364 2 1 0.04 0 0 0 0 0 0 0 0 -0.5 -0.5 0
373 2 0.84 0.08 0 0 0 0 0 0 0 0 -0.5 -0.5 0
374 2 0.88 0.08 0 0 0 0 0 0 0 0 -0.5 -0.5 0
375 2 0.92 0.08 0 0 0 0 0 0 0 0 -0.5 -0.5 0
376 2 0.96 0.08 0 0 0 0 0 0 0 0 -0.5 -0.5 0
377 2 1 0.08 0 0 0 0 0 0 0 0 -0.5 -0.5 0
386 2 0.84 0.12 0 0 0 0 0 0 0 0 -0.5 -0.5 0
387 2 0.88 0.12 0 0 0 0 0 0 0 0 -0.5 -0.5 0
388 2 0.92 0.12 0 0 0 0 0 0 0 0 -0.5 -0.5 0
389 2 0.96 0.12 0 0 0 0 0 0 0 0 -0.5 -0.5 0
390 2 1 0.12 0 0 0 0 0 0 0 0 -0.5 -0.5 0
399 2 0.84 0.16 0 0 0 0 0 0 0 0 -0.5 -0.5 0
400 2 0.88 0.16 0 0 0 0 0 0 0 0 -0.5 -0.5 0
401 2 0.92 0.16 0 0 0 0 0 0 0 0 -0.5 -0.5 0
402 2 0.96 0.16 0 0 0 0 0 0 0 0 -0.5 -0.5 0
403 2 1 0.16 0 0 0 0 0 0 0 0 -0.5 -0.5 0
66 1 0 0.2 0 0 0 0 0 0 0 0 -0.5 -0.5 0
67 1 0.04 0.2 0 0 0 0 0 0 0 0 -0.5 -0.5 0
68 1 0.08 0.2 0 0 0 0 0 0 0 0 -0.5 -0.5 0
69 1 0.12 0.2 0 0 0 0 0 0 0 0 -0.5 -0.5 0
70 1 0.16 0.2 0 0 0 0 0 0 0 0 -0.5 -0.5 0
79 1 0 0.24 0 0 0 0 0 0 0 0 -0.5 -0.5 0
80 1 0.04 0.24 0 0 0 0 0 0 0 0 -0.5 -0.5 0
81 1 0.08 0.24 0 0 0 0 0 0 0 0 -0.5 -0.5 0
82 1 0.12 0.24 0 0 0 0 0 0 0 0 -0.5 -0.5 0
83 1 0.16 0.24 0 0 0 0 0 0 0 0 -0.5 -0.5 0
92 1 0 0.28 0 0 0 0 0 0 0 0 -0.5 -0.5 0
93 1 0.04 0.28 0 0 0 0 0 0 0 0 -0.5 -0.5 0
94 1 0.08 0.28 0 0 0 0 0 0 0 0 -0.5 -0.5 0
95 1 0.12 0.28 0 0 0 0 0 0 0 0 -0.5 -0.5 0
96 1 0.16 0.28 0 0 0 0 0 0 0 0 -0.5 -0.5 0
105 1 0 0.32 0 0 0 0 0 0 0 0 -0.5 -0.5 0
106 1 0.04 0.32 0 0 0 0 0 0 0 0 -0.5 -0.5 0
107 1 0.08 0.32 0 0 0 0 0 0 0 0 -0.5 -0.5 0
108 1 0.12 0.32 0 0 0 0 0 0 0 0 -0.5 -0.5 0
109 1 0.16 0.32 0 0 0 0 0 0 0 0 -0.5 -0.5 0
71 1 0.2 0.2 0 0 0 0 0 0 0 0 -0.5 -0.5 0
72 1 0.24 0.2 0 0 0 0 0 0 0 0 -0.5 -0.5 0
73 1 0.28 0.2 0 0 0 0 0 0 0 0 -0.5 -0.5 0
74 1 0.32 0.2 0 0 0 0 0 0 0 0 -0.5 -0.5 0
84 1 0.2 0.24 0 0 0 0 0 0 0 0 -0.5 -0.5 0
85 1 0.24 0.24 0 0 0 0 0 0 0 0 -0.5 -0.5 0
86 1 0.28 0.24 0 0 0 0 0 0 0 0 -0.5 -0.5 0
87 1 0.32 0.24 0 0 0 0 0 0 0 0 -0.5 -0.5 0
97 1 0.2 0.28 0 0 0 0 0 0 0 0 -0.5 -0.5 0
98 1 0.24 0.28 0 0 0 0 0 0 0 0 -0.5 -0.5 0
99 1 0.28 0.28 0 0 0 0 0 0 0 0 -0.5 -0.5 0
100 1 0.32 0.28 0 0 0 0 0 0 0 0 -0.5 -0.5 0
110 1 0.2 0.32 0 0 0 0 0 0 0 0 -0.5 -0.5 0
111 1 0.24 0.32 0 0 0 0 0 0 0 0 -0.5 -0.5 0
112 1 0.28 0.32 0 0 0 0 0 0 0 0 -0.5 -0.5 0
113 1 0.32 0.32 0 0 0 0 0 0 0 0 -0.5 -0.5 0
75 1 0.36 0.2 0 0 0 0 0 0 0 0 -0.5 -0.5 0
76 1 0.4 0.2 0 0 0 0 0 0 0 0 -0.5 -0.5 0
77 1 0.44 0.2 0 0 0 0 0 0 0 0 -0.5 -0.5 0
78 1 0.48 0.2 0 0 0 0 0 0 0 0 -0.5 -0.5 0
88 1 0.36 0.24 0 0 0 0 0 0 0 0 -0.5 -0.5 0
89 1 0.4 0.24 0 0 0 0 0 0 0 0 -0.5 -0.5 0
90 1 0.44 0.24 0 0 0 0 0 0 0 0 -0.5 -0.5 0
91 1 0.48 0.24 0 0 0 0 0 0 0 0 -0.5 -0.5 0
101 1 0.36 0.28 0 0 0 0 0 0 0 0 -0.5 -0.5 0
102 1 0.4 0.28 0 0 0 0 0 0 0 0 -0.5 -0.5 0
103 1 0.44 0.28 0 0 0 0 0 0 0 0 -0.5 -0.5 0
104 1 0.48 0.28 0 0 0 0 0 0 0 0 -0.5 -0.5 0
114 1 0.36 0.32 0 0 0 0 0 0 0 0 -0.5 -0.5 0
115 1 0.4 0.32 0 0 0 0 0 0 0 0 -0.5 -0.5 0
116 1 0.44 0.32 0 0 0 0 0 0 0 0 -0.5 -0.5 0
117 1 0.48 0.32 0 0 0 0 0 0 0 0 -0.5 -0.5 0
404 2 0.52 0.2 0 0 0 0 0 0 0 0 -0.5 -0.5 0
405 2 0.56 0.2 0 0 0 0 0 0 0 0 -0.5 -0.5 0
406 2 0.6 0.2 0 0 0 0 0 0 0 0 -0.5 -0.5 0
407 2 0.64 0.2 0 0 0 0 0 0 0 0 -0.5 -0.5 0
417 2 0.52 0.24 0 0 0 0 0 0 0 0 -0.5 -0.5 0
418 2 0.56 0.24 0 0 0 0 0 0 0 0 -0.5 -0.5 0
419 2 0.6 0.24 0 0 0 0 0 0 0 0 -0.5 -0.5 0
420 2 0.64 0.24 0 0 0 0 0 0 0 0 -0.5 -0.5 0
430 2 0.52 0.28 0 0 0 0 0 0 0 0 -0.5 -0.5 0
431 2 0.56 0.28 0 0 0 0 0 0 0 0 -0.5 -0.5 0
432 2 0.6 0.28 0 0 0 0 0 0 0 0 -0.5 -0.5 0
433 2 0.64 0.28 0 0 0 0 0 0 0 0 -0.5 -0.5 0
443 2 0.52 0.32 0 0 0 0 0 0 0 0 -0.5 -0.5 0
444 2 0.56 0.32 0 0 0 0 0 0 0 0 -0.5 -0.5 0
445 2 0.6 0.32 0 0 0 0 0 0 0 0 -0.5 -0.5 0
446 2 0.64 0.32 0 0 0 0 0 0 0 0 -0.5 -0.5 0
408 2 0.68 0.2 0 0 0 0 0 0 0 0 -0.5 -0.5 0
409 2 0.72 0.2 0 0 0 0 0 0 0 0 -0.5 -0.5 0
410 2 0.76 0.2 0 0 0 0 0 0 0 0 -0.5 -0.5 0
411 2 0.8 0.2 0 0 0 0 0 0 0 0 -0.5 -0.5 0
421 2 0.68 0.24 0 0 0 0 0 0 0 0 -0.5 -0.5 0
422 2 0.72 0.24 0 0 0 0 0 0 0 0 -0.5 -0.5 0
423 2 0.76 0.24 0 0 0 0 0 0 0 0 -0.5 -0.5 0
424 2 0.8 0.24 0 0 0 0 0 0 0 0 -0.5 -0.5 0
434 2 0.68 0.28 0 0 0 0 0 0 0 0 -0.5 -0.5 0
435 2 0.72 0.28 0 0 0 0 0 0 0 0 -0.5 -0.5 0
436 2 0.76 0.28 0 0 0 0 0 0 0 0 -0.5 -0.5 0
437 2 0.8 0.28 0 0 0 0 0 0 0 0 -0.5 -0.5 0
447 2 0.68 0.32 0 0 0 0 0 0 0 0 -0.5 -0.5 0
448 2 0.72 0.32 0 0 0 0 0 0 0 0 -0.5 -0.5 0
449 2 0.76 0.32 0 0 0 0 0 0 0 0 -0.5 -0.5 0
450 2 0.8 0.32 0 0 0 0 0 0 0 0 -0.5 -0.5 0
412 2 0.84 0.2 0 0 0 0 0 0 0 0 -0.5 -0.5 0
413 2 0.88 0.2 0 0 0 0 0 0 0 0 -0.5 -0.5 0
414 2 0.92 0.2 0 0 0 0 0 0 0 0 -0.5 -0.5 0
415 2 0.96 0.2 0 0 0 0 0 0 0 0 -0.5 -0.5 0
416 2 1 0.2 0 0 0 0 0 0 0 0 -0.5 -0.5 0
425 2 0.84 0.24 0 0 0 0 0 0 0 0 -0.5 -0.5 0
426 2 0.88 0.24 0 0 0 0 0 0 0 0 -0.5 -0.5 0
427 2 0.92 0.24 0 0 0 0 0 0 0 0 -0.5 -0.5 0
428 2 0.96 0.24 0 0 0 0 0 0 0 0 -0.5 -0.5 0
429 2 1 0.24 0 0 0 0 0 0 0 0 -0.5 -0.5 0
438 2 0.84 0.28 0 0 0 0 0 0 0 0 -0.5 -0.5 0
439 2 0.88 0.28 0 0 0 0 0 0 0 0 -0.5 -0.5 0
440 2 0.92 0.28 0 0 0 0 0 0 0 0 -0.5 -0.5 0
441 2 0.96 0.28 0 0 0 0 0 0 0 0 -0.5 -0.5 0
442 2 1 0.28 0 0 0 0 0 0 0 0 -0.5 -0.5 0
451 2 0.84 0.32 0 0 0 0 0 0 0 0 -0.5 -0.5 0
452 2 0.88 0.32 0 0 0 0 0 0 0 0 -0.5 -0.5 0
453 2 0.92 0.32 0 0 0 0 0 0 0 0 -0.5 -0.5 0
454 2 0.96 0.32 0 0 0 0 0 0 0 0 -0.5 -0.5 0
455 2 1 0.32 0 0 0 0 0 0 0 0 -0.5 -0.5 0
118 1 0 0.36 0 0 0 0 0 0 0 0 -0.5 -0.5 0
119 1 0.04 0.36 0 0 0 0 0 0 0 0 -0.5 -0.5 0
120 1 0.08 0.36 0 0 0 0 0 0 0 0 -0.5 -0.5 0
121 1 0.12 0.36 0 0 0 0 0 0 0 0 -0.5 -0.5 0
122 1 0.16 0.36 0 0 0 0 0 0 0 0 -0.5 -0.5 0
131 1 0 0.4 0 0 0 0 0 0 0 0 -0.5 -0.5 0
132 1 0.04 0.4 0 0 0 0 0 0 0 0 -0.5 -0.5 0
133 1 0.08 0.4 0 0 0 0 0 0 0 0 -0.5 -0.5 0
134 1 0.12 0.4 0 0 0 0 0 0 0 0 -0.5 -0.5 0
135 1 0.16 0.4 0 0 0 0 0 0 0 0 -0.5 -0.5 0
144 1 0 0.44 0 0 0 0 0 0 0 0 -0.5 -0.5 0
145 1 0.04 0.44 0 0 0 0 0 0 0 0 -0.5 -0.5 0
146 1 0.08 0.44 0 0 0 0 0 0 0 0 -0.5 -0.5 0
147 1 0.12 0.44 0 0 0 0 0 0 0 0 -0.5 -0.5 0
148 1 0.16 0.44 0 0 0 0 0 0 0 0 -0.5 -0.5 0
157 1 0 0.48 0 0 0 0 0 0 0 0 -0.5 -0.5 0
158 1 0.04 0.48 0 0 0 0 0 0 0 0 -0.5 -0.5 0
159 1 0.08 0.48 0 0 0 0 0 0 0 0 -0.5 -0.5 0
160 1 0.12 0.48 0 0 0 0 0 0 0 0 -0.5 -0.5 0
161 1 0.16 0.48 0 0 0 0 0 0 0 0 -0.5 -0.5 0
123 1 0.2 0.36 0 0 0 0 0 0 0 0 -0.5 -0.5 0
124 1 0.24 0.36 0 0 0 0 0 0 0 0 -0.5 -0.5 0
125 1 0.28 0.36 0 0 0 0 0 0 0 0 -0.5 -0.5 0
126 1 0.32 0.36 0 0 0 0 0 0 0 0 -0.5 -0.5 0
136 1 0.2 0.4 0 0 0 0 0 0 0 0 -0.5 -0.5 0
137 1 0.24 0.4 0 0 0 0 0 0 0 0 -0.5 -0.5 0
138 1 0.28 0.4 0 0 0 0 0 0 0 0 -0.5 -0.5 0
139 1 0.32 0.4 0 0 0 0 0 0 0 0 -0.5 -0.5 0
149 1 0.2 0.44 0 0 0 0 0 0 0 0 -0.5 -0.5 0
150 1 0.24 0.44 0 0 0 0 0 0 0 0 -0.5 -0.5 0
151 1 0.28 0.44 0 0 0 0 0 0 0 0 -0.5 -0.5 0
152 1 0.32 0.44 0 0 0 0 0 0 0 0 -0.5 -0.5 0
162 1 0.2 0.48 0 0 0 0 0 0 0 0 -0.5 -0.5 0
163 1 0.24 0.48 0 0 0 0 0 0 0 0 -0.5 -0.5 0
164 1 0.28 0.48 0 0 0 0 0 0 0 0 -0.5 -0.5 0
165 1 0.32 0.48 0 0 0 0 0 0 0 0 -0.5 -0.5 0
127 1 0.36 0.36 0 0 0 0 0 0 0 0 -0.5 -0.5 0
128 1 0.4 0.36 0 0 0 0 0 0 0 0 -0.5 -0.5 0
129 1 0.44 0.36 0 0 0 0 0 0 0 0 -0.5 -0.5 0
130 1 0.48 0.36 0 0 0 0 0 0 0 0 -0.5 -0.5 0
140 1 0.36 0.4 0 0 0 0 0 0 0 0 -0.5 -0.5 0
141 1 0.4 0.4 0 0 0 0 0 0 0 0 -0.5 -0.5 0
142 1 0.44 0.4 0 0 0 0 0 0 0 0 -0.5 -0.5 0
143 1 0.48 0.4 0 0 0 0 0 0 0 0 -0.5 -0.5 0
153 1 0.36 0.44 0 0 0 0 0 0 0 0 -0.5 -0.5 0
154 1 0.4 0.44 0 0 0 0 0 0 0 0 -0.5 -0.5 0
155 1 0.44 0.44 0 0 0 0 0 0 0 0 -0.5 -0.5 0
156 1 0.48 0.44 0 0 0 0 0 0 0 0 -0.5 -0.5 0
166 1 0.36 0.48 0 0 0 0 0 0 0 0 -0.5 -0.5 0
167 1 0.4 0.48 0 0 0 0 0 0 0 0 -0.5 -0.5 0
168 1 0.44 0.48 0 0 0 0 0 0 0 0 -0.5 -0.5 0
169 1 0.48 0.48 0 0 0 0 0 0 0 0 -0.5 -0.5 0
456 2 0.52 0.36 0 0 0 0 0 0 0 0 -0.5 -0.5 0
457 2 0.56 0.36 0 0 0 0 0 0 0 0 -0.5 -0.5 0
458 2 0.6 0.36 0 0 0 0 0 0 0 0 -0.5 -0.5 0
459 2 0.64 0.36 0 0 0 0 0 0 0 0 -0.5 -0.5 0
469 2 0.52 0.4 0 0 0 0 0 0 0 0 -0.5 -0.5 0
470 2 0.56 0.4 0 0 0 0 0 0 0 0 -0.5 -0.5 0
471 2 0.6 0.4 0 0 0 0 0 0 0 0 -0.5 -0.5 0
472 2 0.64 0.4 0 0 0 0 0 0 0 0 -0.5 -0.5 0
482 2 0.52 0.44 0 0 0 0 0 0 0 0 -0.5 -0.5 0
483 2 0.56 0.44 0 0 0 0 0 0 0 0 -0.5 -0.5 0
484 2 0.6 0.44 0 0 0 0 0 0 0 0 -0.5 -0.5 0
485 2 0.64 0.44 0 0 0 0 0 0 0 0 -0.5 -0.5 0
495 2 0.52 0.48 0 0 0 0 0 0 0 0 -0.5 -0.5 0
496 2 0.56 0.48 0 0 0 0 0 0 0 0 -0.5 -0.5 0
497 2 0.6 0.48 0 0 0 0 0 0 0 0 -0.5 -0.5 0
498 2 0.64 0.48 0 0 0 0 0 0 0 0 -0.5 -0.5 0
460 2 0.68 0.36 0 0 0 0 0 0 0 0 -0.5 -0.5 0
461 2 0.72 0.36 0 0 0 0 0 0 0 0 -0.5 -0.5 0
462 2 0.76 0.36 0 0 0 0 0 0 0 0 -0.5 -0.5 0
463 2 0.8 0.36 0 0 0 0 0 0 0 0 -0.5 -0.5 0
473 2 0.68 0.4 0 0 0 0 0 0 0 0 -0.5 -0.5 0
474 2 0.72 0.4 0 0 0 0 0 0 0 0 -0.5 -0.5 0
475 2 0.76 0.4 0 0 0 0 0 0 0 0 -0.5 -0.5 0
476 2 0.8 0.4 0 0 0 0 0 0 0 0 -0.5 -0.5 0
486 2 0.68 0.44 0 0 0 0 0 0 0 0 -0.5 -0.5 0
487 2 0.72 0.44 0 0 0 0 0 0 0 0 -0.5 -0.5 0
488 2 0.76 0.44 0 0 0 0 0 0 0 0 -0.5 -0.5 0
489 2 0.8 0.44 0 0 0 0 0 0 0 0 -0.5 -0.5 0
499 2 0.68 0.48 0 0 0 0 0 0 0 0 -0.5 -0.5 0
500 2 0.72 0.48 0 0 0 0 0 0 0 0 -0.5 -0.5 0
501 2 0.76 0.48 0 0 0 0 0 0 0 0 -0.5 -0.5 0
502 2 0.8 0.48 0 0 0 0 0 0 0 0 -0.5 -0.5 0
464 2 0.84 0.36 0 0 0 0 0 0 0 0 -0.5 -0.5 0
465 2 0.88 0.36 0 0 0 0 0 0 0 0 -0.5 -0.5 0
466 2 0.92 0.36 0 0 0 0 0 0 0 0 -0.5 -0.5 0
467 2 0.96 0.36 0 0 0 0 0 0 0 0 -0.5 -0.5 0
468 2 1 0.36 0 0 0 0 0 0 0 0 -0.5 -0.5 0
477 2 0.84 0.4 0 0 0 0 0 0 0 0 -0.5 -0.5 0
478 2 0.88 0.4 0 0 0 0 0 0 0 0 -0.5 -0.5 0
479 2 0.92 0.4 0 0 0 0 0 0 0 0 -0.5 -0.5 0
480 2 0.96 0.4 0 0 0 0 0 0 0 0 -0.5 -0.5 0
481 2 1 0.4 0 0 0 0 0 0 0 0 -0.5 -0.5 0
490 2 0.84 0.44 0 0 0 0 0 0 0 0 -0.5 -0.5 0
491 2 0.88 0.44 0 0 0 0 0 0 0 0 -0.5 -0.5 0
492 2 0.92 0.44 0 0 0 0 0 0 0 0 -0.5 -0.5 0
493 2 0.96 0.44 0 0 0 0 0 0 0 0 -0.5 -0.5 0
494 2 1 0.44 0 0 0 0 0 0 0 0 -0.5 -0.5 0
503 2 0.84 0.48 0 0 0 0 0 0 0 0 -0.5 -0.5 0
504 2 0.88 0.48 0 0 0 0 0 0 0 0 -0.5 -0.5 0
505 2 0.92 0.48 0 0 0 0 0 0 0 0 -0.5 -0.5 0
506 2 0.96 0.48 0 0 0 0 0 0 0 0 -0.5 -0.5 0
507 2 1 0.48 0 0 0 0 0 0 0 0 -0.5 -0.5 0
170 1 0 0.52 0 0 0 0 0 0 0 0 -0.5 -0.5 0
171 1 0.04 0.52 0 0 0 0 0 0 0 0 -0.5 -0.5 0
172 1 0.08 0.52 0 0 0 0 0 0 0 0 -0.5 -0.5 0
173 1 0.12 0.52 0 0 0 0 0 0 0 0 -0.5 -0.5 0
174 1 0.16 0.52 0 0 0 0 0 0 0 0 -0.5 -0.5 0
183 1 0 0.56 0 0 0 0 0 0 0 0 -0.5 -0.5 0
184 1 0.04 0.56 0 0 0 0 0 0 0 0 -0.5 -0.5 0
185 1 0.08 0.56 0 0 0 0 0 0 0 0 -0.5 -0.5 0
186 1 0.12 0.56 0 0 0 0 0 0 0 0 -0.5 -0.5 0
187 1 0.16 0.56 0 0 0 0 0 0 0 0 -0.5 -0.5 0
196 1 0 0.6 0 0 0 0 0 0 0 0 -0.5 -0.5 0
197 1 0.04 0.6 0 0 0 0 0 0 0 0 -0.5 -0.5 0
198 1 0.08 0.6 0 0 0 0 0 0 0 0 -0.5 -0.5 0
199 1 0.12 0.6 0 0 0 0 0 0 0 0 -0.5 -0.5 0
200 1 0.16 0.6 0 0 0 0 0 0 0 0 -0.5 -0.5 0
209 1 0 0.64 0 0 0 0 0 0 0 0 -0.5 -0.5 0
210 1 0.04 0.64 0 0 0 0 0 0 0 0 -0.5 -0.5 0
211 1 0.08 0.64 0 0 0 0 0 0 0 0 -0.5 -0.5 0
212 1 0.12 0.64 0 0 0 0 0 0 0 0 -0.5 -0.5 0
213 1 0.16 0.64 0 0 0 0 0 0 0 0 -0.5 -0.5 0
175 1 0.2 0.52 0 0 0 0 0 0 0 0 -0.5 -0.5 0
176 1 0.24 0.52 0 0 0 0 0 0 0 0 -0.5 -0.5 0
177 1 0.28 0.52 0 0 0 0 0 0 0 0 -0.5 -0.5 0
178 1 0.32 0.52 0 0 0 0 0 0 0 0 -0.5 -0.5 0
188 1 0.2 0.56 0 0 0 0 0 0 0 0 -0.5 -0.5 0
189 1 0.24 0.56 0 0 0 0 0 0 0 0 -0.5 -0.5 0
190 1 0.28 0.56 0 0 0 0 0 0 0 0 -0.5 -0.5 0
191 1 0.32 0.56 0 0 0 0 0 0 0 0 -0.5 -0.5 0
201 1 0.2 0.6 0 0 0 0 0 0 0 0 -0.5 -0.5 0
202 1 0.24 0.6 0 0 0 0 0 0 0 0 -0.5 -0.5 0
203 1 0.28 0.6 0 0 0 0 0 0 0 0 -0.5 -0.5 0
204 1 0.32 0.6 0 0 0 0 0 0 0 0 -0.5 -0.5 0
214 1 0.2 0.64 0 0 0 0 0 0 0 0 -0.5 -0.5 0
215 1 0.24 0.64 0 0 0 0 0 0 0 0 -0.5 -0.5 0
216 1 0.28 0.64 0 0 0 0 0 0 0 0 -0.5 -0.5 0
217 1 0.32 0.64 0 0 0 0 0 0 0 0 -0.5 -0.5 0
179 1 0.36 0.52 0 0 0 0 0 0 0 0 -0.5 -0.5 0
180 1 0.4 0.52 0 0 0 0 0 0 0 0 -0.5 -0.5 0
181 1 0.44 0.52 0 0 0 0 0 0 0 0 -0.5 -0.5 0
182 1 0.48 0.52 0 0 0 0 0 0 0 0 -0.5 -0.5 0
192 1 0.36 0.56 0 0 0 0 0 0 0 0 -0.5 -0.5 0
193 1 0.4 0.56 0 0 0 0 0 0 0 0 -0.5 -0.5 0
194 1 0.44 0.56 0 0 0 0 0 0 0 0 -0.5 -0.5 0
195 1 0.48 0.56 0 0 0 0 0 0 0 0 -0.5 -0.5 0
205 1 0.36 0.6 0 0 0 0 0 0 0 0 -0.5 -0.5 0
206 1 0.4 0.6 0 0 0 0 0 0 0 0 -0.5 -0.5 0
207 1 0.44 0.6 0 0 0 0 0 0 0 0 -0.5 -0.5 0
208 1 0.48 0.6 0 0 0 0 0 0 0 0 -0.5 -0.5 0
218 1 0.36 0.64 0 0 0 0 0 0 0 0 -0.5 -0.5 0
219 1 0.4 0.64 0 0 0 0 0 0 0 0 -0.5 -0.5 0
220 1 0.44 0.64 0 0 0 0 0 0 0 0 -0.5 -0.5 0
221 1 0.48 0.64 0 0 0 0 0 0 0 0 -0.5 -0.5 0
508 2 0.52 0.52 0 0 0 0 0 0 0 0 -0.5 -0.5 0
509 2 0.56 0.52 0 0 0 0 0 0 0 0 -0.5 -0.5 0
510 2 0.6 0.52 0 0 0 0 0 0 0 0 -0.5 -0.5 0
511 2 0.64 0.52 0 0 0 0 0 0 0 0 -0.5 -0.5 0
521 2 0.52 0.56 0 0 0 0 0 0 0 0 -0.5 -0.5 0
522 2 0.56 0.56 0 0 0 0 0 0 0 0 -0.5 -0.5 0
523 2 0.6 0.56 0 0 0 0 0 0 0 0 -0.5 -0.5 0
524 2 0.64 0.56 0 0 0 0 0 0 0 0 -0.5 -0.5 0
534 2 0.52 0.6 0 0 0 0 0 0 0 0 -0.5 -0.5 0
535 2 0.56 0.6 0 0 0 0 0 0 0 0 -0.5 -0.5 0
536 2 0.6 0.6 0 0 0 0 0 0 0 0 -0.5 -0.5 0
537 2 0.64 0.6 0 0 0 0 0 0 0 0 -0.5 -0.5 0
547 2 0.52 0.64 0 0 0 0 0 0 0 0 -0.5 -0.5 0
548 2 0.56 0.64 0 0 0 0 0 0 0 0 -0.5 -0.5 0
549 2 0.6 0.64 0 0 0 0 0 0 0 0 -0.5 -0.5 0
550 2 0.64 0.64 0 0 0 0 0 0 0 0 -0.5 -0.5 0
512 2 0.68 0.52 0 0 0 0 0 0 0 0 -0.5 -0.5 0
513 2 0.72 0.52 0 0 0 0 0 0 0 0 -0.5 -0.5 0
514 2 0.76 0.52 0 0 0 0 0 0 0 0 -0.5 -0.5 0
515 2 0.8 0.52 0 0 0 0 0 0 0 0 -0.5 -0.5 0
525 2 0.68 0.56 0 0 0 0 0 0 0 0 -0.5 -0.5 0
526 2 0.72 0.56 0 0 0 0 0 0 0 0 -0.5 -0.5 0
527 2 0.76 0.56 0 0 0 0 0 0 0 0 -0.5 -0.5 0
528 2 0.8 0.56 0 0 0 0 0 0 0 0 -0.5 -0.5 0
538 2 0.68 0.6 0 0 0 0 0 0 0 0 -0.5 -0.5 0
539 2 0.72 0.6 0 0 0 0 0 0 0 0 -0.5 -0.5 0
540 2 0.76 0.6 0 0 0 0 0 0 0 0 -0.5 -0.5 0
541 2 0.8 0.6 0 0 0 0 0 0 0 0 -0.5 -0.5 0
551 2 0.68 0.64 0 0 0 0 0 0 0 0 -0.5 -0.5 0
552 2 0.72 0.64 0 0 0 0 0 0 0 0 -0.5 -0.5 0
553 2 0.76 0.64 0 0 0 0 0 0 0 0 -0.5 -0.5 0
554 2 0.8 0.64 0 0 0 0 0 0 0 0 -0.5 -0.5 0
516 2 0.84 0.52 0 0 0 0 0 0 0 0 -0.5 -0.5 0
517 2 0.88 0.52 0 0 0 0 0 0 0 0 -0.5 -0.5 0
518 2 0.92 0.52 0 0 0 0 0 0 0 0 -0.5 -0.5 0
519 2 0.96 0.52 0 0 0 0 0 0 0 0 -0.5 -0.5 0
520 2 1 0.52 0 0 0 0 0 0 0 0 -0.5 -0.5 0
529 2 0.84 0.56 0 0 0 0 0 0 0 0 -0.5 -0.5 0
530 2 0.88 0.56 0 0 0 0 0 0 0 0 -0.5 -0.5 0
531 2 0.92 0.56 0 0 0 0 0 0 0 0 -0.5 -0.5 0
532 2 0.96 0.56 0 0 0 0 0 0 0 0 -0.5 -0.5 0
533 2 1 0.56 0 0 0 0 0 0 0 0 -0.5 -0.5 0
542 2 0.84 0.6 0 0 0 0 0 0 0 0 -0.5 -0.5 0
543 2 0.88 0.6 0 0 0 0 0 0 0 0 -0.5 -0.5 0
544 2 0.92 0.6 0 0 0 0 0 0 0 0 -0.5 -0.5 0
545 2 0.96 0.6 0 0 0 0 0 0 0 0 -0.5 -0.5 0
546 2 1 0.6 0 0 0 0 0 0 0 0 -0.5 -0.5 0
555 2 0.84 0.64 0 0 0 0 0 0 0 0 -0.5 -0.5 0
556 2 0.88 0.64 0 0 0 0 0 0 0 0 -0.5 -0.5 0
557 2 0.92 0.64 0 0 0 0 0 0 0 0 -0.5 -0.5 0
558 2 0.96 0.64 0 0 0 0 0 0 0 0 -0.5 -0.5 0
559 2 1 0.64 0 0 0 0 0 0 0 0 -0.5 -0.5 0
222 1 0 0.68 0 0 0 0 0 0 0 0 -0.5 -0.5 0
223 1 0.04 0.68 0 0 0 0 0 0 0 0 -0.5 -0.5 0
224 1 0.08 0.68 0 0 0 0 0 0 0 0 -0.5 -0.5 0
225 1 0.12 0.68 0 0 0 0 0 0 0 0 -0.5 -0.5 0
226 1 0.16 0.68 0 0 0 0 0 0 0 0 -0.5 -0.5 0
235 1 0 0.72 0 0 0 0 0 0 0 0 -0.5 -0.5 0
236 1 0.04 0.72 0 0 0 0 0 0 0 0 -0.5 -0.5 0
237 1 0.08 0.72 0 0 0 0 0 0 0 0 -0.5 -0.5 0
238 1 0.12 0.72 0 0 0 0 0 0 0 0 -0.5 -0.5 0
239 1 0.16 0.72 0 0 0 0 0 0 0 0 -0.5 -0.5 0
248 1 0 0.76 0 0 0 0 0 0 0 0 -0.5 -0.5 0
249 1 0.04 0.76 0 0 0 0 0 0 0 0 -0.5 -0.5 0
250 1 0.08 0.76 0 0 0 0 0 0 0 0 -0.5 -0.5 0
251 1 0.12 0.76 0 0 0 0 0 0 0 0 -0.5 -0.5 0
252 1 0.16 0.76 0 0 0 0 0 0 0 0 -0.5 -0.5 0
261 1 0 0.8 0 0 0 0 0 0 0 0 -0.5 -0.5 0
262 1 0.04 0.8 0 0 0 0 0 0 0 0 -0.5 -0.5 0
263 1 0.08 0.8 0 0 0 0 0 0 0 0 -0.5 -0.5 0
264 1 0.12 0.8 0 0 0 0 0 0 0 0 -0.5 -0.5 0
265 1 0.16 0.8 0 0 0 0 0 0 0 0 -0.5 -0.5 0
227 1 0.2 0.68 0 0 0 0 0 0 0 0 -0.5 -0.5 0
228 1 0.24 0.68 0 0 0 0 0 0 0 0 -0.5 -0.5 0
229 1 0.28 0.68 0 0 0 0 0 0 0 0 -0.5 -0.5 0
230 1 0.32 0.68 0 0 0 0 0 0 0 0 -0.5 -0.5 0
240 1 0.2 0.72 0 0 0 0 0 0 0 0 -0.5 -0.5 0
241 1 0.24 0.72 0 0 0 0 0 0 0 0 -0.5 -0.5 0
242 1 0.28 0.72 0 0 0 0 0 0 0 0 -0.5 -0.5 0
243 1 0.32 0.72 0 0 0 0 0 0 0 0 -0.5 -0.5 0
253 1 0.2 0.76 0 0 0 0 0 0 0 0 -0.5 -0.5 0
254 1 0.24 0.76 0 0 0 0 0 0 0 0 -0.5 -0.5 0
255 1 0.28 0.76 0 0 0 0 0 0 0 0 -0.5 -0.5 0
256 1 0.32 0.76 0 0 0 0 0 0 0 0 -0.5 -0.5 0
266 1 0.2 0.8 0 0 0 0 0 0 0 0 -0.5 -0.5 0
267 1 0.24 0.8 0 0 0 0 0 0 0 0 -0.5 -0.5 0
268 1 0.28 0.8 0 0 0 0 0 0 0 0 -0.5 -0.5 0
269 1 0.32 0.8 0 0 0 0 0 0 0 0 -0.5 -0.5 0
231 1 0.36 0.68 0 0 0 0 0 0 0 0 -0.5 -0.5 0
232 1 0.4 0.68 0 0 0 0 0 0 0 0 -0.5 -0.5 0
233 1 0.44 0.68 0 0 0 0 0 0 0 0 -0.5 -0.5 0
234 1 0.48 0.68 0 0 0 0 0 0 0 0 -0.5 -0.5 0
244 1 0.36 0.72 0 0 0 0 0 0 0 0 -0.5 -0.5 0
245 1 0.4 0.72 0 0 0 0 0 0 0 0 -0.5 -0.5 0
246 1 0.44 0.72 0 0 0 0 0 0 0 0 -0.5 -0.5 0
247 1 0.48 0.72 0 0 0 0 0 0 0 0 -0.5 -0.5 0
257 1 0.36 0.76 0 0 0 0 0 0 0 0 -0.5 -0.5 0
258 1 0.4 0.76 0 0 0 0 0 0 0 0 -0.5 -0.5 0
259 1 0.44 0.76 0 0 0 0 0 0 0 0 -0.5 -0.5 0
260 1 0.48 0.76 0 0 0 0 0 0 0 0 -0.5 -0.5 0
270 1 0.36 0.8 0 0 0 0 0 0 0 0 -0.5 -0.5 0
271 1 0.4 0.8 0 0 0 0 0 0 0 0 -0.5 -0.5 0
272 1 0.44 0.8 0 0 0 0 0 0 0 0 -0.5 -0.5 0
273 1 0.48 0.8 0 0 0 0 0 0 0 0 -0.5 -0.5 0
560 2 0.52 0.68 0 0 0 0 0 0 0 0 -0.5 -0.5 0
561 2 0.56 0.68 0 0 0 0 0 0 0 0 -0.5 -0.5 0
562 2 0.6 0.68 0 0 0 0 0 0 0 0 -0.5 -0.5 0
563 2 0.64 0.68 0 0 0 0 0 0 0 0 -0.5 -0.5 0
573 2 0.52 0.72 0 0 0 0 0 0 0 0 -0.5 -0.5 0
574 2 0.56 0.72 0 0 0 0 0 0 0 0 -0.5 -0.5 0
575 2 0.6 0.72 0 0 0 0 0 0 0 0 -0.5 -0.5 0
576 2 0.64 0.72 0 0 0 0 0 0 0 0 -0.5 -0.5 0
586 2 0.52 0.76 0 0 0 0 0 0 0 0 -0.5 -0.5 0
587 2 0.56 0.76 0 0 0 0 0 0 0 0 -0.5 -0.5 0
588 2 0.6 0.76 0 0 0 0 0 0 0 0 -0.5 -0.5 0
589 2 0.64 0.76 0 0 0 0 0 0 0 0 -0.5 -0.5 0
599 2 0.52 0.8 0 0 0 0 0 0 0 0 -0.5 -0.5 0
600 2 0.56 0.8 0 0 0 0 0 0 0 0 -0.5 -0.5 0
601 2 0.6 0.8 0 0 0 0 0 0 0 0 -0.5 -0.5 0
602 2 0.64 0.8 0 0 0 0 0 0 0 0 -0.5 -0.5 0
564 2 0.68 0.68 0 0 0 0 0 0 0 0 -0.5 -0.5 0
565 2 0.72 0.68 0 0 0 0 0 0 0 0 -0.5 -0.5 0
566 2 0.76 0.68 0 0 0 0 0 0 0 0 -0.5 -0.5 0
567 2 0.8 0.68 0 0 0 0 0 0 0 0 -0.5 -0.5 0
577 2 0.68 0.72 0 0 0 0 0 0 0 0 -0.5 -0.5 0
578 2 0.72 0.72 0 0 0 0 0 0 0 0 -0.5 -0.5 0
579 2 0.76 0.72 0 0 0 0 0 0 0 0 -0.5 -0.5 0
580 2 0.8 0.72 0 0 0 0 0 0 0 0 -0.5 -0.5 0
590 2 0.68 0.76 0 0 0 0 0 0 0 0 -0.5 -0.5 0
591 2 0.72 0.76 0 0 0 0 0 0 0 0 -0.5 -0.5 0
592 2 0.76 0.76 0 0 0 0 0 0 0 0 -0.5 -0.5 0
593 2 0.8 0.76 0 0 0 0 0 0 0 0 -0.5 -0.5 0
603 2 0.68 0.8 0 0 0 0 0 0 0 0 -0.5 -0.5 0
604 2 0.72 0.8 0 0 0 0 0 0 0 0 -0.5 -0.5 0
605 2 0.76 0.8 0 0 0 0 0 0 0 0 -0.5 -0.5 0
606 2 0.8 0.8 0 0 0 0 0 0 0 0 -0.5 -0.5 0
568 2 0.84 0.68 0 0 0 0 0 0 0 0 -0.5 -0.5 0
569 2 0.88 0.68 0 0 0 0 0 0 0 0 -0.5 -0.5 0
570 2 0.92 0.68 0 0 0 0 0 0 0 0 -0.5 -0.5 0
571 2 0.96 0.68 0 0 0 0 0 0 0 0 -0.5 -0.5 0
572 2 1 0.68 0 0 0 0 0 0 0 0 -0.5 -0.5 0
581 2 0.84 0.72 0 0 0 0 0 0 0 0 -0.5 -0.5 0
582 2 0.88 0.72 0 0 0 0 0 0 0 0 -0.5 -0.5 0
583 2 0.92 0.72 0 0 0 0 0 0 0 0 -0.5 -0.5 0
584 2 0.96 0.72 0 0 0 0 0 0 0 0 -0.5 -0.5 0
585 2 1 0.72 0 0 0 0 0 0 0 0 -0.5 -0.5 0
594 2 0.84 0.76 0 0 0 0 0 0 0 0 -0.5 -0.5 0
595 2 0.88 0.76 0 0 0 0 0 0 0 0 -0.5 -0.5 0
596 2 0.92 0.76 0 0 0 0 0 0 0 0 -0.5 -0.5 0
597 2 0.96 0.76 0 0 0 0 0 0 0 0 -0.5 -0.5 0
598 2 1 0.76 0 0 0 0 0 0 0 0 -0.5 -0.5 0
607 2 0.84 0.8 0 0 0 0 0 0 0 0 -0.5 -0.5 0
608 2 0.88 0.8 0 0 0 0 0 0 0 0 -0.5 -0.5 0
609 2 0.92 0.8 0 0 0 0 0 0 0 0 -0.5 -0.5 0
610 2 0.96 0.8 0 0 0 0 0 0 0 0 -0.5 -0.5 0
611 2 1 0.8 0 0 0 0 0 0 0 0 -0.5 -0.5 0
274 1 0 0.84 0 0 0 0 0 0 0 0 -0.5 -0.5 0
275 1 0.04 0.84 0 0 0 0 0 0 0 0 -0.5 -0.5 0
276 1 0.08 0.84 0 0 0 0 0 0 0 0 -0.5 -0.5 0
277 1 0.12 0.84 0 0 0 0 0 0 0 0 -0.5 -0.5 0
278 1 0.16 0.84 0 0 0 0 0 0 0 0 -0.5 -0.5 0
287 1 0 0.88 0 0 0 0 0 0 0 0 -0.5 -0.5 0
288 1 0.04 0.88 0 0 0 0 0 0 0 0 -0.5 -0.5 0
289 1 0.08 0.88 0 0 0 0 0 0 0 0 -0.5 -0.5 0
290 1 0.12 0.88 0 0 0 0 0 0 0 0 -0.5 -0.5 0
291 1 0.16 0.88 0 0 0 0 0 0 0 0 -0.5 -0.5 0
300 1 0 0.92 0 0 0 0 0 0 0 0 -0.5 -0.5 0
301 1 0.04 0.92 0 0 0 0 0 0 0 0 -0.5 -0.5 0
302 1 0.08 0.92 0 0 0 0 0 0 0 0 -0.5 -0.5 0
303 1 0.12 0.92 0 0 0 0 0 0 0 0 -0.5 -0.5 0
304 1 0.16 0.92 0 0 0 0 0 0 0 0 -0.5 -0.5 0
313 1 0 0.96 0 0 0 0 0 0 0 0 -0.5 -0.5 0
314 1 0.04 0.96 0 0 0 0 0 0 0 0 -0.5 -0.5 0
315 1 0.08 0.96 0 0 0 0 0 0 0 0 -0.5 -0.5 0
316 1 0.12 0.96 0 0 0 0 0 0 0 0 -0.5 -0.5 0
317 1 0.16 0.96 0 0 0 0 0 0 0 0 -0.5 -0.5 0
326 1 0 1 0 0 0.001 0 0 0 0 0 -0.5 -0.5 0
327 1 0.04 1 0 0 0.001 0 0 0 0 0 -0.5 -0.5 0
328 1 0.08 1 0 0 0.001 0 0 0 0 0 -0.5 -0.5 0
329 1 0.12 1 0 0 0.001 0 0 0 0 0 -0.5 -0.5 0
330 1 0.16 1 0 0 0.001 0 0 0 0 0 -0.5 -0.5 0
279 1 0.2 0.84 0 0 0 0 0 0 0 0 -0.5 -0.5 0
280 1 0.24 0.84 0 0 0 0 0 0 0 0 -0.5 -0.5 0
281 1 0.28 0.84 0 0 0 0 0 0 0 0 -0.5 -0.5 0
282 1 0.32 0.84 0 0 0 0 0 0 0 0 -0.5 -0.5 0
292 1 0.2 0.88 0 0 0 0 0 0 0 0 -0.5 -0.5 0
293 1 0.24 0.88 0 0 0 0 0 0 0 0 -0.5 -0.5 0
294 1 0.28 0.88 0 0 0 0 0 0 0 0 -0.5 -0.5 0
295 1 0.32 0.88 0 0 0 0 0 0 0 0 -0.5 -0.5 0
305 1 0.2 0.92 0 0 0 0 0 0 0 0 -0.5 -0.5 0
306 1 0.24 0.92 0 0 0 0 0 0 0 0 -0.5 -0.5 0
307 1 0.28 0.92 0 0 0 0 0 0 0 0 -0.5 -0.5 0
308 1 0.32 0.92 0 0 0 0 0 0 0 0 -0.5 -0.5 0
318 1 0.2 0.96 0 0 0 0 0 0 0 0 -0.5 -0.5 0
319 1 0.24 0.96 0 0 0 0 0 0 0 0 -0.5 -0.5 0
320 1 0.28 0.96 0 0 0 0 0 0 0 0 -0.5 -0.5 0
321 1 0.32 0.96 0 0 0 0 0 0 0 0 -0.5 -0.5 0
331 1 0.2 1 0 0 0.001 0 0 0 0 0 -0.5 -0.5 0
332 1 0.24 1 0 0 0.001 0 0 0 0 0 -0.5 -0.5 0
333 1 0.28 1 0 0 0.001 0 0 0 0 0 -0.5 -0.5 0
334 1 0.32 1 0 0 0.001 0 0 0 0 0 -0.5 -0.5 0
283 1 0.36 0.84 0 0 0 0 0 0 0 0 -0.5 -0.5 0
284 1 0.4 0.84 0 0 0 0 0 0 0 0 -0.5 -0.5 0
285 1 0.44 0.84 0 0 0 0 0 0 0 0 -0.5 -0.5 0
286 1 0.48 0.84 0 0 0 0 0 0 0 0 -0.5 -0.5 0
296 1 0.36 0.88 0 0 0 0 0 0 0 0 -0.5 -0.5 0
297 1 0.4 0.88 0 0 0 0 0 0 0 0 -0.5 -0.5 0
298 1 0.44 0.88 0 0 0 0 0 0 0 0 -0.5 -0.5 0
299 1 0.48 0.88 0 0 0 0 0 0 0 0 -0.5 -0.5 0
309 1 0.36 0.92 0 0 0 0 0 0 0 0 -0.5 -0.5 0
310 1 0.4 0.92 0 0 0 0 0 0 0 0 -0.5 -0.5 0
311 1 0.44 0.92 0 0 0 0 0 0 0 0 -0.5 -0.5 0
312 1 0.48 0.92 0 0 0 0 0 0 0 0 -0.5 -0.5 0
322 1 0.36 0.96 0 0 0 0 0 0 0 0 -0.5 -0.5 0
323 1 0.4 0.96 0 0 0 0 0 0 0 0 -0.5 -0.5 0
324 1 0.44 0.96 0 0 0 0 0 0 0 0 -0.5 -0.5 0
325 1 0.48 0.96 0 0 0 0 0 0 0 0 -0.5 -0.5 0
335 1 0.36 1 0 0 0.001 0 0 0 0 0 -0.5 -0.5 0
336 1 0.4 1 0 0 0.001 0 0 0 0 0 -0.5 -0.5 0
337 1 0.44 1 0 0 0.001 0 0 0 0 0 -0.5 -0.5 0
338 1 0.48 1 0 0 0.001 0 0 0 0 0 -0.5 -0.5 0
612 2 0.52 0.84 0 0 0 0 0 0 0 0 -0.5 -0.5 0
613 2 0.56 0.84 0 0 0 0 0 0 0 0 -0.5 -0.5 0
614 2 0.6 0.84 0 0 0 0 0 0 0 0 -0.5 -0.5 0
615 2 0.64 0.84 0 0 0 0 0 0 0 0 -0.5 -0.5 0
625 2 0.52 0.88 0 0 0 0 0 0 0 0 -0.5 -0.5 0
626 2 0.56 0.88 0 0 0 0 0 0 0 0 -0.5 -0.5 0
627 2 0.6 0.88 0 0 0 0 0 0 0 0 -0.5 -0.5 0
628 2 0.64 0.88 0 0 0 0 0 0 0 0 -0.5 -0.5 0
638 2 0.52 0.92 0 0 0 0 0 0 0 0 -0.5 -0.5 0
639 2 0.56 0.92 0 0 0 0 0 0 0 0 -0.5 -0.5 0
640 2 0.6 0.92 0 0 0 0 0 0 0 0 -0.5 -0.5 0
641 2 0.64 0.92 0 0 0 0 0 0 0 0 -0.5 -0.5 0
651 2 0.52 0.96 0 0 0 0 0 0 0 0 -0.5 -0.5 0
652 2 0.56 0.96 0 0 0 0 0 0 0 0 -0.5 -0.5 0
653 2 0.6 0.96 0 0 0 0 0 0 0 0 -0.5 -0.5 0
654 2 0.64 0.96 0 0 0 0 0 0 0 0 -0.5 -0.5 0
664 2 0.52 1 0 0 0.001 0 0 0 0 0 -0.5 -0.5 0
665 2 0.56 1 0 0 0.001 0 0 0 0 0 -0.5 -0.5 0
666 2 0.6 1 0 0 0.001 0 0 0 0 0 -0.5 -0.5 0
667 2 0.64 1 0 0 0.001 0 0 0 0 0 -0.5 -0.5 0
616 2 0.68 0.84 0 0 0 0 0 0 0 0 -0.5 -0.5 0
617 2 0.72 0.84 0 0 0 0 0 0 0 0 -0.5 -0.5 0
618 2 0.76 0.84 0 0 0 0 0 0 0 0 -0.5 -0.5 0
619 2 0.8 0.84 0 0 0 0 0 0 0 0 -0.5 -0.5 0
629 2 0.68 0.88 0 0 0 0 0 0 0 0 -0.5 -0.5 0
630 2 0.72 0.88 0 0 0 0 0 0 0 0 -0.5 -0.5 0
631 2 0.76 0.88 0 0 0 0 0 0 0 0 -0.5 -0.5 0
632 2 0.8 0.88 0 0 0 0 0 0 0 0 -0.5 -0.5 0
642 2 0.68 0.92 0 0 0 0 0 0 0 0 -0.5 -0.5 0
643 2 0.72 0.92 0 0 0 0 0 0 0 0 -0.5 -0.5 0
644 2 0.76 0.92 0 0 0 0 0 0 0 0 -0.5 -0.5 0
645 2 0.8 0.92 0 0 0 0 0 0 0 0 -0.5 -0.5 0
655 2 0.68 0.96 0 0 0 0 0 0 0 0 -0.5 -0.5 0
656 2 0.72 0.96 0 0 0 0 0 0 0 0 -0.5 -0.5 0
657 2 0.76 0.96 0 0 0 0 0 0 0 0 -0.5 -0.5 0
658 2 0.8 0.96 0 0 0 0 0 0 0 0 -0.5 -0.5 0
668 2 0.68 1 0 0 0.001 0 0 0 0 0 -0.5 -0.5 0
669 2 0.72 1 0 0 0.001 0 0 0 0 0 -0.5 -0.5 0
670 2 0.76 1 0 0 0.001 0 0 0 0 0 -0.5 -0.5 0
671 2 0.8 1 0 0 0.001 0 0 0 0 0 -0.5 -0.5 0
620 2 0.84 0.84 0 0 0 0 0 0 0 0 -0.5 -0.5 0
621 2 0.88 0.84 0 0 0 0 0 0 0 0 -0.5 -0.5 0
622 2 0.92 0.84 0 0 0 0 0 0 0 0 -0.5 -0.5 0
623 2 0.96 0.84 0 0 0 0 0 0 0 0 -0.5 -0.5 0
624 2 1 0.84 0 0 0 0 0 0 0 0 -0.5 -0.5 0
633 2 0.84 0.88 0 0 0 0 0 0 0 0 -0.5 -0.5 0
634 2 0.88 0.88 0 0 0 0 0 0 0 0 -0.5 -0.5 0
635 2 0.92 0.88 0 0 0 0 0 0 0 0 -0.5 -0.5 0
636 2 0.96 0.88 0 0 0 0 0 0 0 0 -0.5 -0.5 0
637 2 1 0.88 0 0 0 0 0 0 0 0 -0.5 -0.5 0
646 2 0.84 0.92 0 0 0 0 0 0 0 0 -0.5 -0.5 0
647 2 0.88 0.92 0 0 0 0 0 0 0 0 -0.5 -0.5 0
648 2 0.92 0.92 0 0 0 0 0 0 0 0 -0.5 -0.5 0
649 2 0.96 0.92 0 0 0 0 0 0 0 0 -0.5 -0.5 0
650 2 1 0.92 0 0 0 0 0 0 0 0 -0.5 -0.5 0
659 2 0.84 0.96 0 0 0 0 0 0 0 0 -0.5 -0.5 0
660 2 0.88 0.96 0 0 0 0 0 0 0 0 -0.5 -0.5 0
661 2 0.92 0.96 0 0 0 0 0 0 0 0 -0.5 -0.5 0
662 2 0.96 0.96 0 0 0 0 0 0 0 0 -0.5 -0.5 0
663 2 1 0.96 0 0 0 0 0 0 0 0 -0.5 -0.5 0
672 2 0.84 1 0 0 0.001 0 0 0 0 0 -0.5 -0.5 0
673 2 0.88 1 0 0 0.001 0 0 0 0 0 -0.5 -0.5 0
674 2 0.92 1 0 0 0.001 0 0 0 0 0 -0.5 -0.5 0
675 2 0.96 1 0 0 0.001 0 0 0 0 0 -0.5 -0.5 0
676 2 1 1 0 0 0.001 0 0 0 0 0 -0.5 -0.5 0
