1 1 0 0 0 0 0 0 0.0892544 0.140726 0.0507421 16 -0.00919762 0.0892675 0.0696656
2 1 0.04 0 0 0 0 0 0.0714277 0.121633 0.0448381 20 -0.0123454 0.0788307 0.0610525
3 1 0.08 0 0 0 0 0 0.0637751 0.109359 0.0388676 24 -0.0108053 0.068838 0.0531154
4 1 0.12 0 0 0 0 0 0.0609658 0.102124 0.0338402 27 -0.00829125 0.0614546 0.0465391
5 1 0.16 0 0 0 0 0 0.060033 0.0983338 0.0298128 28 -0.00638567 0.0568719 0.041197
14 1 0.00712831 0.0432831 0 0.000111336 4.51583e-05 0 0.0187279 0.0942007 0.0408974 20 -0.0398206 0.0844967 0.0515133
15 1 0.0455625 0.0426479 0 8.85351e-05 3.87631e-05 0 0.0450149 0.107008 0.0382354 25 -0.0251714 0.0785787 0.0501164
16 1 0.0845598 0.0422799 0 7.33473e-05 3.52184e-05 0 0.0487738 0.103657 0.0349158 30 -0.0196624 0.0713416 0.0464827
17 1 0.123887 0.0420773 0 6.26746e-05 3.31746e-05 0 0.0500913 0.0993891 0.0315345 34 -0.0156115 0.064906 0.0425108
18 1 0.163401 0.0419785 0 5.39698e-05 3.13252e-05 0 0.0516223 0.0969174 0.0283738 35 -0.0124802 0.0603357 0.038615
27 1 0.0116728 0.0864101 0 0.000184162 9.30982e-05 0 0.0118478 0.0919097 0.0332248 24 -0.0432211 0.0836374 0.0404687
28 1 0.0499579 0.0854164 0 0.000157945 8.19296e-05 0 0.0282551 0.0990199 0.0325187 30 -0.0337619 0.0794337 0.041064
29 1 0.0885759 0.084747 0 0.000136904 7.40908e-05 0 0.0338843 0.0980915 0.03077 36 -0.0283578 0.0740528 0.0396506
30 1 0.127476 0.0843435 0 0.000118643 6.87057e-05 0 0.0374189 0.0960381 0.028742 41 -0.0239181 0.0688548 0.0377194
31 1 0.166584 0.0841142 0 0.000104421 6.62879e-05 0 0.0410706 0.0952327 0.0265503 42 -0.0200825 0.064845 0.0353634
40 1 0.0157213 0.129566 0 0.000246907 0.00014138 0 0.00401769 0.0892856 0.0265873 27 -0.0471753 0.0838167 0.0309453
41 1 0.0538718 0.128392 0 0.000219019 0.000127725 0 0.0177794 0.0960383 0.0268326 34 -0.0398447 0.0813475 0.0325238
42 1 0.0922588 0.127537 0 0.000193778 0.000118059 0 0.0238018 0.0969281 0.0262034 41 -0.035318 0.0779129 0.0325589
43 1 0.13086 0.126974 0 0.000171714 0.000111218 0 0.02828 0.0966652 0.0253234 46 -0.0312872 0.0742462 0.0322303
44 1 0.169647 0.126623 0 0.00015191 0.000106018 0 0.032729 0.09694 0.0240345 47 -0.0275354 0.071052 0.0312077
53 1 0.0192275 0.172712 0 0.000299921 0.000190553 0 -0.00229273 0.0866738 0.0207579 28 -0.0499441 0.0835366 0.0229743
54 1 0.0572959 0.171486 0 0.000270533 0.000175962 0 0.0110027 0.0946662 0.0214816 35 -0.0437756 0.0827439 0.0249547
55 1 0.0955298 0.170542 0 0.00024345 0.00016468 0 0.0176386 0.0977118 0.0215742 42 -0.0400597 0.0812677 0.0258329
56 1 0.13392 0.169877 0 0.000218131 0.000157165 0 0.0223004 0.099008 0.0214473 47 -0.0368708 0.0792586 0.0264438
57 1 0.172458 0.169433 0 0.000194101 0.000151329 0 0.0267532 0.100163 0.0208536 48 -0.0337212 0.0771406 0.0263565
6 1 0.2 0 0 0 0 0 0.0596935 0.0964475 0.0264821 28 -0.00521851 0.0541624 0.0366987
7 1 0.24 0 0 0 0 0 0.0597206 0.0956641 0.0236085 28 -0.00446486 0.0525363 0.0327744
8 1 0.28 0 0 0 0 0 0.0600198 0.0955542 0.0210653 28 -0.0039274 0.0515588 0.0292798
9 1 0.32 0 0 0 0 0 0.0605364 0.0958935 0.0187797 28 -0.00350637 0.0510027 0.026128
19 1 0.203015 0.0419297 0 4.74723e-05 3.06123e-05 0 0.0527341 0.095577 0.0254451 35 -0.0104421 0.0573645 0.0348323
20 1 0.242689 0.0419058 0 4.1737e-05 3.0171e-05 0 0.0536939 0.0950408 0.0227439 35 -0.00906338 0.0554484 0.0312517
21 1 0.282404 0.0418964 0 3.57789e-05 2.9631e-05 0 0.0546496 0.0950675 0.0202492 35 -0.00806134 0.0542177 0.0278974
22 1 0.322153 0.0418966 0 3.17899e-05 2.89759e-05 0 0.0556541 0.0954986 0.0179268 35 -0.00728712 0.0534541 0.0247483
32 1 0.205838 0.0839841 0 9.12236e-05 6.42394e-05 0 0.043796 0.0949215 0.0241761 42 -0.0173417 0.0619928 0.032512
33 1 0.245193 0.0839103 0 7.97639e-05 6.18608e-05 0 0.0459469 0.095028 0.0217675 42 -0.0153645 0.0600151 0.0294611
34 1 0.28462 0.0838708 0 6.954e-05 6.05841e-05 0 0.0477775 0.0954776 0.0194056 42 -0.0138892 0.0586732 0.0263849
35 1 0.324103 0.0838542 0 6.03246e-05 5.95746e-05 0 0.0494021 0.0961891 0.0171138 42 -0.0127661 0.0578034 0.0233505
45 1 0.208584 0.126406 0 0.000133892 0.000102495 0 0.0362935 0.0973421 0.0222726 47 -0.0245874 0.0685271 0.0293133
46 1 0.247633 0.126274 0 0.000117308 0.000100175 0 0.039192 0.0979211 0.0202463 47 -0.0223107 0.0666325 0.0268959
47 1 0.28677 0.126197 0 0.00010306 9.80247e-05 0 0.0416124 0.0986764 0.0181017 47 -0.0205534 0.0652715 0.0242109
48 1 0.325974 0.126158 0 8.85735e-05 9.60653e-05 0 0.043638 0.0995602 0.0159146 47 -0.0192178 0.0643516 0.0213986
58 1 0.211126 0.169142 0 0.000172159 0.000146528 0 0.0304972 0.101135 0.0196649 48 -0.0310326 0.0752276 0.0252864
59 1 0.249901 0.168955 0 0.000151758 0.000142734 0 0.0336435 0.102079 0.01807 48 -0.0288216 0.0736554 0.0235214
60 1 0.288763 0.168839 0 0.000132 0.000139139 0 0.0362853 0.103048 0.0162314 48 -0.0270496 0.0724519 0.0213221
61 1 0.327693 0.168777 0 0.000113625 0.000135189 0 0.0384488 0.104021 0.0142558 48 -0.0256855 0.071599 0.0188651
10 1 0.36 0 0 0 0 0 0.0611546 0.0965023 0.016695 28 -0.00318596 0.0507384 0.0232446
11 1 0.4 0 0 0 0 0 0.0615176 0.0970597 0.0147239 28 -0.00307552 0.0506582 0.0205055
12 1 0.44 0 0 0 0 0 0.0610134 0.0970507 0.0126869 28 -0.0033881 0.0506278 0.0176552
13 1 0.48 0 0 0 0 0 0.0593868 0.0961644 0.010323 28 -0.00415255 0.0504881 0.0143377
23 1 0.36193 0.0419038 0 2.74386e-05 2.90371e-05 0 0.0565983 0.096155 0.0157244 35 -0.00672055 0.0530297 0.0217414
24 1 0.401737 0.041915 0 2.37385e-05 2.84243e-05 0 0.0569985 0.0966422 0.0135481 35 -0.00653617 0.0528515 0.0187445
25 1 0.44156 0.0419273 0 2.1075e-05 2.78087e-05 0 0.0559856 0.0962814 0.011252 35 -0.00707245 0.0528057 0.01555
26 1 0.48134 0.0419283 0 1.73372e-05 2.69847e-05 0 0.0532943 0.0948068 0.00874059 35 -0.00839693 0.0528077 0.0120387
36 1 0.36363 0.0838545 0 5.18833e-05 5.7667e-05 0 0.0507064 0.0969955 0.0148728 42 -0.0119891 0.0573037 0.0203471
37 1 0.403189 0.0838679 0 4.4235e-05 5.68192e-05 0 0.0511245 0.0974562 0.0126235 42 -0.0117769 0.0570999 0.0172933
38 1 0.442755 0.0838894 0 3.76008e-05 5.6354e-05 0 0.0497098 0.0968517 0.0102757 42 -0.012509 0.0570988 0.0140612
39 1 0.482259 0.0839013 0 2.97336e-05 5.58123e-05 0 0.0462692 0.0949321 0.00778169 42 -0.0141995 0.0571877 0.0106049
49 1 0.365228 0.126149 0 7.58791e-05 9.44021e-05 0 0.0451338 0.100414 0.013706 47 -0.0183239 0.0638049 0.0185067
50 1 0.404516 0.126165 0 6.41312e-05 9.2621e-05 0 0.045533 0.100804 0.011451 47 -0.0180957 0.0635748 0.0155037
51 1 0.443807 0.126201 0 5.23705e-05 9.02093e-05 0 0.0439387 0.100048 0.00909682 47 -0.0188909 0.0635804 0.0123141
52 1 0.483036 0.12623 0 4.08325e-05 8.81371e-05 0 0.0402378 0.0979447 0.00663583 47 -0.0206828 0.0637033 0.00894787
62 1 0.366674 0.168756 0 9.72579e-05 0.000132595 0 0.0399821 0.104853 0.012197 48 -0.0247757 0.0710662 0.0162415
63 1 0.405688 0.168773 0 8.09528e-05 0.000130631 0 0.0403633 0.105154 0.0100573 48 -0.0245297 0.0708146 0.0134568
64 1 0.444706 0.16882 0 6.53372e-05 0.00012916 0 0.0388019 0.104326 0.00780683 48 -0.0252628 0.0707815 0.0104643
65 1 0.483668 0.168863 0 5.00801e-05 0.000127895 0 0.0352418 0.102243 0.00546571 48 -0.0269441 0.0708851 0.00730895
339 2 0.52 0 0 0 0 0 0.114878 0.189694 0.0149594 28 -0.00494984 0.05017 0.0103651
340 2 0.56 0 0 0 0 0 0.112276 0.187584 0.00862025 28 -0.00537517 0.0497721 0.00596278
341 2 0.6 0 0 0 0 0 0.111295 0.186523 0.00205236 28 -0.00545475 0.0494785 0.00141549
342 2 0.64 0 0 0 0 0 0.111274 0.186258 -0.00451588 28 -0.00539716 0.0493863 -0.00312992
352 2 0.520978 0.0419113 0 1.22996e-05 2.68149e-05 0 0.100872 0.186306 0.0121904 35 -0.00977512 0.0528106 0.00835973
353 2 0.56057 0.0418847 0 6.62994e-06 2.57345e-05 0 0.0976674 0.184399 0.00656192 35 -0.0105213 0.0527601 0.00448353
354 2 0.600161 0.0418714 0 1.00963e-06 2.56437e-05 0 0.0966857 0.183705 0.000734737 35 -0.0107127 0.0526763 0.000493026
355 2 0.639768 0.0418659 0 -4.19067e-06 2.48196e-05 0 0.096866 0.183792 -0.00522124 35 -0.0106747 0.0527006 -0.00358054
365 2 0.521617 0.0839084 0 2.07017e-05 5.47417e-05 0 0.0852286 0.185596 0.0103396 42 -0.0159611 0.0572756 0.0070054
366 2 0.560919 0.0838846 0 1.07784e-05 5.35795e-05 0 0.0809635 0.183191 0.00498048 42 -0.0170051 0.05736 0.00335399
367 2 0.600198 0.0838672 0 1.01618e-06 5.32338e-05 0 0.0794897 0.182475 -0.000432249 42 -0.0173964 0.0574469 -0.000303219
368 2 0.639481 0.0838593 0 -8.99909e-06 5.19334e-05 0 0.0794067 0.182643 -0.00592274 42 -0.0174919 0.0576036 -0.00400071
378 2 0.52212 0.126239 0 2.74739e-05 8.78203e-05 0 0.0726029 0.191291 0.00825938 47 -0.022572 0.0638584 0.0055353
379 2 0.561147 0.12623 0 1.42373e-05 8.61319e-05 0 0.0678104 0.188712 0.00328167 47 -0.0237789 0.0640677 0.00218606
380 2 0.600142 0.126221 0 3.46508e-07 8.48427e-05 0 0.0658471 0.187944 -0.00165318 47 -0.0243554 0.0643123 -0.00110142
381 2 0.639128 0.126219 0 -1.30255e-05 8.38537e-05 0 0.0652717 0.188051 -0.00659993 47 -0.0246336 0.0646061 -0.00437695
391 2 0.522497 0.168875 0 3.35231e-05 0.000125069 0 0.0628906 0.200042 0.00627989 48 -0.0287514 0.0710705 0.00418305
392 2 0.56127 0.168882 0 1.60222e-05 0.00012278 0 0.0580844 0.197518 0.00177894 48 -0.0299728 0.0713465 0.00119407
393 2 0.600008 0.168887 0 -1.12091e-06 0.000122226 0 0.0558194 0.196688 -0.00261617 48 -0.0306512 0.07168 -0.00169442
394 2 0.63873 0.168897 0 -1.80877e-05 0.000120048 0 0.0547914 0.196658 -0.00694768 48 -0.0310699 0.0720583 -0.0045162
343 2 0.68 0 0 0 0 0 0.111586 0.186441 -0.0110477 28 -0.00536662 0.0495271 -0.00765084
344 2 0.72 0 0 0 0 0 0.111946 0.18694 -0.0176139 28 -0.00544637 0.0499303 -0.0121931
345 2 0.76 0 0 0 0 0 0.112318 0.187878 -0.0243468 28 -0.00569026 0.0506762 -0.0168422
346 2 0.8 0 0 0 0 0 0.112751 0.189586 -0.0314378 28 -0.00618191 0.0519356 -0.0217189
356 2 0.679387 0.0418662 0 -9.61904e-06 2.50808e-05 0 0.0972427 0.184192 -0.0112616 35 -0.0106775 0.0529193 -0.0077105
357 2 0.719009 0.0418711 0 -1.41105e-05 2.4616e-05 0 0.0973852 0.184777 -0.0173911 35 -0.0108665 0.0534133 -0.0118942
358 2 0.758622 0.0418825 0 -1.95861e-05 2.45566e-05 0 0.0971321 0.185644 -0.023659 35 -0.0113397 0.0542888 -0.0161537
359 2 0.798213 0.0419044 0 -2.45951e-05 2.48408e-05 0 0.0963292 0.187012 -0.0301387 35 -0.0122311 0.0557178 -0.0205185
369 2 0.678768 0.0838621 0 -1.78002e-05 5.16101e-05 0 0.079473 0.183041 -0.0114893 42 -0.0176209 0.0579163 -0.00774139
370 2 0.718049 0.0838773 0 -2.74792e-05 5.11282e-05 0 0.0790517 0.183439 -0.0171166 42 -0.017983 0.0584821 -0.0115069
371 2 0.757311 0.0839101 0 -3.68564e-05 5.13077e-05 0 0.0778182 0.183846 -0.0227846 42 -0.0187168 0.0594134 -0.0152669
372 2 0.796532 0.0839704 0 -4.69281e-05 5.13346e-05 0 0.0754542 0.184335 -0.0284497 42 -0.019978 0.0608527 -0.0189639
382 2 0.678109 0.12623 0 -2.71895e-05 8.34778e-05 0 0.0648196 0.188324 -0.0115646 47 -0.0249339 0.0650175 -0.00764592
383 2 0.717075 0.12626 0 -4.03581e-05 8.29368e-05 0 0.0637854 0.188487 -0.0165097 47 -0.0254675 0.065641 -0.0108739
384 2 0.756012 0.12632 0 -5.36085e-05 8.28562e-05 0 0.0617769 0.188488 -0.0213601 47 -0.0263801 0.0665762 -0.0139921
385 2 0.794899 0.126424 0 -6.77095e-05 8.40238e-05 0 0.0584665 0.188319 -0.0259843 47 -0.0278031 0.0679198 -0.016884
395 2 0.677439 0.168921 0 -3.41884e-05 0.000119274 0 0.053859 0.196744 -0.0112048 48 -0.0315025 0.0725198 -0.00726081
396 2 0.716128 0.16897 0 -5.16613e-05 0.000118482 0 0.0523645 0.19665 -0.0153322 48 -0.0321325 0.073132 -0.00988161
397 2 0.754783 0.169057 0 -6.90765e-05 0.000118685 0 0.0499428 0.196278 -0.019228 48 -0.033079 0.0739594 -0.0122947
398 2 0.79339 0.169201 0 -8.64526e-05 0.000119094 0 0.0463367 0.195562 -0.022727 48 -0.0344253 0.0750421 -0.0143674
347 2 0.84 0 0 0 0 0 0.113323 0.192678 -0.0391767 28 -0.00708445 0.054035 -0.0270013
348 2 0.88 0 0 0 0 0 0.114203 0.198235 -0.0480462 27 -0.00867528 0.0575584 -0.0329774
349 2 0.92 0 0 0 0 0 0.11739 0.208596 -0.0585863 24 -0.0108376 0.0631892 -0.0399921
350 2 0.96 0 0 0 0 0 0.128754 0.227099 -0.0705695 20 -0.0120747 0.0707824 -0.0480362
351 2 1 0 0 0 0 0 0.159631 0.258753 -0.0819714 16 -0.00887969 0.078748 -0.0562589
360 2 0.837762 0.041945 0 -3.00668e-05 2.48358e-05 0 0.0946441 0.189178 -0.0369038 35 -0.0137749 0.0579768 -0.0250006
361 2 0.877229 0.0420235 0 -3.70534e-05 2.57536e-05 0 0.0914313 0.192435 -0.0440032 34 -0.0163385 0.0614563 -0.0295654
362 2 0.916535 0.0421796 0 -4.53463e-05 2.66602e-05 0 0.0876184 0.197724 -0.0513774 30 -0.0197888 0.0663318 -0.0341511
363 2 0.95555 0.0424566 0 -5.73842e-05 2.9235e-05 0 0.078444 0.200424 -0.0583981 25 -0.024699 0.0717843 -0.038308
364 2 0.994066 0.042948 0 -7.44985e-05 3.30326e-05 0 0.0270149 0.172928 -0.0639695 20 -0.0382275 0.0761158 -0.0404953
373 2 0.835683 0.0840752 0 -5.76483e-05 5.2596e-05 0 0.0714569 0.184942 -0.0339983 42 -0.0219869 0.0629805 -0.022475
374 2 0.874722 0.0842566 0 -6.90172e-05 5.39899e-05 0 0.0651077 0.185609 -0.0392101 41 -0.0250182 0.0659892 -0.025585
375 2 0.913591 0.0845685 0 -8.3571e-05 5.72845e-05 0 0.0580975 0.187496 -0.0440664 36 -0.028669 0.0698692 -0.0283108
376 2 0.952225 0.0850771 0 -9.97601e-05 6.12884e-05 0 0.0463562 0.186518 -0.0482436 30 -0.0333721 0.0738473 -0.0304886
377 2 0.990581 0.0858267 0 -0.000119281 6.81258e-05 0 0.0144952 0.170659 -0.0505264 24 -0.0419161 0.0768861 -0.0309873
386 2 0.833711 0.126594 0 -8.25919e-05 8.45918e-05 0 0.0534635 0.187913 -0.0301574 47 -0.0298727 0.0697484 -0.0193583
387 2 0.872414 0.126869 0 -9.91262e-05 8.73504e-05 0 0.0463393 0.18708 -0.0335587 46 -0.0326971 0.0720739 -0.0211551
388 2 0.910976 0.1273 0 -0.000115851 9.04953e-05 0 0.0384849 0.186455 -0.0362391 41 -0.0358559 0.0747181 -0.0223738
389 2 0.94937 0.127942 0 -0.000135379 9.72586e-05 0 0.0273077 0.183311 -0.0383597 34 -0.0395906 0.0771497 -0.0232198
390 2 0.987578 0.128811 0 -0.000157157 0.000105203 0 0.00232293 0.169824 -0.0389815 27 -0.0458844 0.0788548 -0.0228501
399 2 0.831928 0.169426 0 -0.000104458 0.000121147 0 0.0413139 0.194366 -0.0255892 48 -0.0362213 0.0763664 -0.015913
400 2 0.870377 0.169767 0 -0.000123292 0.000124413 0 0.0346611 0.192392 -0.0275378 47 -0.038458 0.0778213 -0.0167266
401 2 0.90872 0.170269 0 -0.000143892 0.000129055 0 0.0271797 0.189717 -0.0287316 42 -0.0408136 0.0791578 -0.0169959
402 2 0.94695 0.170969 0 -0.000165526 0.000135362 0 0.0160557 0.183882 -0.0294723 35 -0.0437091 0.080076 -0.0170069
403 2 0.985056 0.171861 0 -0.000187941 0.000143564 0 -0.00626788 0.16981 -0.0291815 28 -0.0487131 0.080509 -0.0162031
66 1 0.0221563 0.215806 0 0.000342463 0.000238078 0 -0.00619238 0.0845368 0.0160179 28 -0.0512209 0.0826856 0.0168921
67 1 0.0601898 0.214621 0 0.000312529 0.000224936 0 0.0061922 0.0931426 0.016848 35 -0.0461467 0.0831229 0.0187649
68 1 0.0983287 0.213667 0 0.000284044 0.000214572 0 0.0128688 0.0976907 0.0172524 42 -0.0432727 0.0831983 0.0198992
69 1 0.136571 0.21296 0 0.000256205 0.000205348 0 0.0173667 0.100255 0.0175236 47 -0.0409847 0.0826775 0.0209145
70 1 0.17492 0.212462 0 0.000230234 0.000198874 0 0.0214997 0.102204 0.0173844 48 -0.038613 0.0816983 0.0213669
79 1 0.0245522 0.258851 0 0.000374611 0.000285617 0 -0.00831151 0.0830032 0.0120843 28 -0.0515785 0.0816521 0.0121353
80 1 0.0625768 0.257767 0 0.000345575 0.000274289 0 0.00271306 0.0915872 0.0128675 35 -0.0475662 0.0829456 0.0137198
81 1 0.100658 0.256862 0 0.000316114 0.000264412 0 0.0090783 0.0970752 0.0133853 42 -0.0454686 0.0841879 0.0148489
82 1 0.138798 0.256164 0 0.00028802 0.000257207 0 0.0132428 0.100599 0.0138406 47 -0.0440052 0.084899 0.0159695
83 1 0.177004 0.255651 0 0.000259613 0.000250299 0 0.0169125 0.103217 0.0139707 48 -0.0424188 0.084976 0.0166809
92 1 0.0264757 0.301858 0 0.000398277 0.00033192 0 -0.00931822 0.0820382 0.00892893 28 -0.0515143 0.0807611 0.00852294
93 1 0.0645018 0.30091 0 0.000369104 0.000322194 0 0.000316944 0.0903038 0.00958896 35 -0.0484068 0.082624 0.00976725
94 1 0.102548 0.300097 0 0.000339808 0.00031376 0 0.00619845 0.0963155 0.0100994 42 -0.0469727 0.0847038 0.0107561
95 1 0.140616 0.299449 0 0.000311025 0.000306477 0 0.00994668 0.100509 0.0105993 47 -0.0462126 0.0863772 0.0118075
96 1 0.178717 0.298957 0 0.000281168 0.000300781 0 0.0131085 0.103649 0.0108615 48 -0.0453363 0.0873569 0.0125875
105 1 0.0279854 0.344839 0 0.00041355 0.000377004 0 -0.00968344 0.0815185 0.00644316 28 -0.0513002 0.0801105 0.00583682
106 1 0.0660158 0.344049 0 0.000385114 0.000370846 0 -0.00127989 0.0893623 0.00695704 35 -0.0489124 0.0823386 0.00675909
107 1 0.10404 0.343356 0 0.000356809 0.00036602 0 0.0040845 0.0956259 0.00739713 42 -0.0480106 0.0849978 0.00755431
108 1 0.142059 0.34279 0 0.00032698 0.0003599 0 0.00741259 0.100261 0.00785835 47 -0.0478159 0.0873902 0.00844662
109 1 0.180082 0.342349 0 0.000298212 0.000354383 0 0.0100911 0.103786 0.00815788 48 -0.0475353 0.0890966 0.00917542
71 1 0.21337 0.21212 0 0.000204772 0.00019433 0 0.0250697 0.103714 0.0166553 48 -0.0364353 0.0805698 0.0209034
72 1 0.25191 0.21189 0 0.000181083 0.000189474 0 0.0281425 0.105005 0.0154737 48 -0.0345362 0.0795099 0.0197172
73 1 0.290525 0.211743 0 0.000157841 0.000185305 0 0.0307499 0.10617 0.0139851 48 -0.0329503 0.0786255 0.0180291
74 1 0.329203 0.211659 0 0.000137068 0.00018304 0 0.0328745 0.107214 0.0123022 48 -0.0316981 0.0779554 0.0160142
84 1 0.215281 0.255285 0 0.000232552 0.000243695 0 0.0201319 0.105214 0.0135792 48 -0.0408405 0.0846644 0.0166201
85 1 0.253625 0.255032 0 0.000205513 0.000238522 0 0.0229529 0.106833 0.0127526 48 -0.0393721 0.084199 0.0158972
86 1 0.29203 0.254865 0 0.000180665 0.000233982 0 0.0253752 0.108191 0.0116071 48 -0.038084 0.0837227 0.0146791
87 1 0.330485 0.254766 0 0.000154931 0.000227292 0 0.0273558 0.109312 0.0102441 48 -0.0370276 0.0833085 0.0131172
97 1 0.216859 0.298596 0 0.000252679 0.000295806 0 0.0159105 0.106062 0.0106962 48 -0.0443468 0.0878041 0.0127607
98 1 0.255046 0.298339 0 0.000224652 0.000291126 0 0.0184027 0.107981 0.0101499 48 -0.0433364 0.087932 0.0123755
99 1 0.293275 0.298166 0 0.000196424 0.000285586 0 0.0205701 0.109527 0.00930697 48 -0.0423861 0.0878883 0.0115477
100 1 0.331543 0.298061 0 0.000169697 0.000281753 0 0.0223579 0.110736 0.00825048 48 -0.0415618 0.0877611 0.0103961
110 1 0.218122 0.342018 0 0.000268431 0.000348906 0 0.0124793 0.106533 0.0081284 48 -0.0470683 0.0901949 0.00945449
111 1 0.256185 0.341778 0 0.000238892 0.000342214 0 0.0146318 0.10871 0.00778819 48 -0.046485 0.0908592 0.00929277
112 1 0.294274 0.341613 0 0.000210438 0.000336135 0 0.0165296 0.110428 0.00719416 48 -0.0458627 0.0912241 0.00876403
113 1 0.33239 0.341512 0 0.000182217 0.000330095 0 0.0181138 0.111728 0.00640917 48 -0.0452709 0.0913793 0.00795464
75 1 0.367927 0.211628 0 0.000115415 0.00017895 0 0.0343583 0.108019 0.0104937 48 -0.0308455 0.0775024 0.0137798
76 1 0.406683 0.211642 0 9.58652e-05 0.000174195 0 0.0347379 0.10825 0.00857752 48 -0.0305851 0.0772488 0.0113491
77 1 0.445445 0.211693 0 7.70137e-05 0.000170526 0 0.0333349 0.107416 0.00653755 48 -0.0311963 0.0771648 0.00869071
78 1 0.48416 0.211744 0 5.77964e-05 0.000167176 0 0.0301301 0.105469 0.00441113 48 -0.0326618 0.0772195 0.00586838
88 1 0.368981 0.254725 0 0.000131696 0.000223027 0 0.0287409 0.110107 0.00873267 48 -0.0362807 0.0829847 0.0113129
89 1 0.407506 0.254735 0 0.000108519 0.000220726 0 0.0291271 0.110303 0.00709666 48 -0.0360198 0.0827571 0.00929403
90 1 0.446037 0.254785 0 8.63501e-05 0.000217576 0 0.0279414 0.109518 0.00532974 48 -0.0364947 0.0826316 0.00703916
91 1 0.484531 0.25484 0 6.43083e-05 0.000214384 0 0.0251833 0.107764 0.00348005 48 -0.0377073 0.0826252 0.00462248
101 1 0.369844 0.298015 0 0.000143892 0.000276685 0 0.0236218 0.111545 0.00704106 48 -0.0409464 0.087596 0.00900536
102 1 0.408169 0.29802 0 0.000118126 0.000269107 0 0.0240157 0.111744 0.00570258 48 -0.0407015 0.0874203 0.0074004
103 1 0.446501 0.298065 0 9.38681e-05 0.000263757 0 0.02306 0.111044 0.00423554 48 -0.0410503 0.0872701 0.00556751
104 1 0.484806 0.298119 0 6.96226e-05 0.000258563 0 0.0207592 0.109496 0.00269112 48 -0.0420126 0.0871976 0.00358108
114 1 0.37053 0.341465 0 0.000153794 0.000323703 0 0.0192525 0.112571 0.00548188 48 -0.0447929 0.0913805 0.00692951
115 1 0.40869 0.341466 0 0.000127081 0.000320055 0 0.0196503 0.112797 0.0044332 48 -0.0445758 0.0912713 0.0057079
116 1 0.446858 0.341504 0 0.00010017 0.000315002 0 0.0189066 0.112195 0.00326732 48 -0.0448194 0.0911105 0.00428114
117 1 0.485006 0.341553 0 7.42234e-05 0.000310356 0 0.0170236 0.110838 0.00203207 48 -0.0455582 0.0909744 0.00271597
404 2 0.522759 0.211764 0 3.77929e-05 0.000165897 0 0.0533855 0.206866 0.00465516 48 -0.0342734 0.0773912 0.00310487
405 2 0.561306 0.211786 0 1.82344e-05 0.000164063 0 0.0488621 0.204463 0.000694684 48 -0.0354089 0.0776609 0.000508341
406 2 0.599821 0.211806 0 -1.98352e-06 0.000161167 0 0.0464888 0.203531 -0.00311818 48 -0.0360988 0.0779927 -0.0019656
407 2 0.638317 0.211829 0 -2.19048e-05 0.000160373 0 0.0451524 0.203288 -0.00680367 48 -0.0365765 0.0783647 -0.00433004
417 2 0.52293 0.254869 0 4.20939e-05 0.000209743 0 0.0443898 0.211881 0.0033628 48 -0.0390711 0.0827415 0.0022678
418 2 0.561284 0.254902 0 1.89313e-05 0.000206834 0 0.0403168 0.209612 -1.3176e-05 48 -0.04006 0.0829473 8.08939e-05
419 2 0.599608 0.254934 0 -3.15668e-06 0.000204975 0 0.0379923 0.208554 -0.00321994 48 -0.0406927 0.0832062 -0.00197521
420 2 0.637914 0.25497 0 -2.57126e-05 0.000202418 0 0.0365031 0.208054 -0.00625897 48 -0.0411556 0.083494 -0.00389715
430 2 0.523034 0.298154 0 4.47145e-05 0.000256576 0 0.0364582 0.215738 0.00238732 48 -0.0431178 0.0872273 0.00164501
431 2 0.561226 0.298194 0 2.09429e-05 0.000253397 0 0.0328952 0.213577 -0.000400429 48 -0.0439325 0.0873286 -0.000141214
432 2 0.599393 0.298235 0 -3.95966e-06 0.000250164 0 0.0307198 0.212377 -0.00301609 48 -0.0444661 0.0874682 -0.00180033
433 2 0.637545 0.298279 0 -2.75487e-05 0.000248282 0 0.0292006 0.211604 -0.00544767 48 -0.0448632 0.0876205 -0.00331787
443 2 0.523093 0.34159 0 4.82879e-05 0.000303799 0 0.0298289 0.218759 0.00166854 48 -0.0464224 0.0909056 0.00118506
444 2 0.561153 0.341632 0 2.15756e-05 0.000300442 0 0.0267656 0.216677 -0.000550077 48 -0.0470617 0.0908847 -0.00022276
445 2 0.599194 0.341675 0 -3.81875e-06 0.00029653 0 0.0247882 0.215334 -0.00260975 48 -0.0474787 0.0908847 -0.00151678
446 2 0.637223 0.341722 0 -2.96166e-05 0.000294175 0 0.0233187 0.214296 -0.00449097 48 -0.0477833 0.0908786 -0.00267692
408 2 0.676795 0.211868 0 -4.23318e-05 0.00015894 0 0.0438836 0.203114 -0.0103281 48 -0.0370608 0.0787882 -0.00655524
409 2 0.715251 0.211935 0 -6.14355e-05 0.000158744 0 0.0421242 0.202704 -0.0136262 48 -0.0376916 0.0792929 -0.00858833
410 2 0.753676 0.212046 0 -8.16256e-05 0.000158261 0 0.0395778 0.201922 -0.0165948 48 -0.0385482 0.0798999 -0.0103492
411 2 0.792058 0.21222 0 -0.000101634 0.000159759 0 0.0360685 0.200652 -0.019081 48 -0.0396671 0.0805984 -0.0117222
421 2 0.676204 0.255022 0 -4.70841e-05 0.000201157 0 0.0350573 0.20757 -0.00908058 48 -0.041616 0.083801 -0.00564236
422 2 0.714472 0.255103 0 -6.98204e-05 0.000199608 0 0.0332069 0.206802 -0.011617 48 -0.0421702 0.0841218 -0.00715749
423 2 0.752713 0.255229 0 -9.16922e-05 0.000199665 0 0.0307312 0.205583 -0.0137778 48 -0.0428596 0.0844393 -0.00837531
424 2 0.790921 0.255418 0 -0.000114637 0.000200159 0 0.0275218 0.203767 -0.0154421 48 -0.0436853 0.0847061 -0.00920902
434 2 0.675682 0.298339 0 -5.22187e-05 0.000245964 0 0.0277056 0.21079 -0.00763945 48 -0.0452469 0.0877595 -0.00464686
435 2 0.713802 0.298426 0 -7.58955e-05 0.000245828 0 0.0258881 0.209647 -0.00952801 48 -0.0456768 0.0878532 -0.00573834
436 2 0.751902 0.298558 0 -9.98139e-05 0.000244779 0 0.0235943 0.207994 -0.0110409 48 -0.0461644 0.0878567 -0.00654054
437 2 0.789979 0.298748 0 -0.000123589 0.000245781 0 0.0207656 0.205669 -0.0120929 48 -0.046688 0.0877008 -0.00699568
447 2 0.675241 0.341783 0 -5.47166e-05 0.000291725 0 0.0218591 0.213161 -0.00614001 48 -0.0480632 0.0908288 -0.00365835
448 2 0.713247 0.34187 0 -7.99483e-05 0.000289704 0 0.0201471 0.211659 -0.00750231 48 -0.0483499 0.0906858 -0.00441955
449 2 0.75124 0.341995 0 -0.000105582 0.000288945 0 0.018082 0.209606 -0.00852396 48 -0.048634 0.0903871 -0.00492338
450 2 0.789222 0.342172 0 -0.000130577 0.000288685 0 0.0156393 0.206836 -0.00915045 48 -0.0488809 0.0898533 -0.00513556
412 2 0.830385 0.21248 0 -0.000122825 0.000160707 0 0.0314688 0.198707 -0.0208891 48 -0.0410422 0.0813168 -0.0125637
413 2 0.868647 0.212857 0 -0.000144095 0.000164241 0 0.0256517 0.195723 -0.0218389 47 -0.0426164 0.0818931 -0.0127528
414 2 0.90684 0.213383 0 -0.000166056 0.000168013 0 0.0189219 0.191458 -0.0221791 42 -0.0441926 0.0820999 -0.0125366
415 2 0.944962 0.21408 0 -0.0001888 0.000174576 0 0.00852808 0.183926 -0.0222579 35 -0.0463027 0.0818634 -0.0122117
416 2 0.983012 0.214929 0 -0.0002126 0.000182346 0 -0.0109781 0.16998 -0.0216787 28 -0.0502049 0.0813994 -0.011381
425 2 0.829091 0.255692 0 -0.000136927 0.00020222 0 0.0235111 0.201137 -0.0164746 48 -0.044612 0.0848225 -0.00956597
426 2 0.867219 0.256074 0 -0.000160096 0.000205613 0 0.0185986 0.197316 -0.0167842 47 -0.0455734 0.0846219 -0.00939553
427 2 0.905308 0.256588 0 -0.00018345 0.000209918 0 0.0127023 0.191912 -0.0166518 42 -0.0464909 0.083937 -0.00895709
428 2 0.943363 0.257239 0 -0.000207226 0.000215848 0 0.00334513 0.183474 -0.0164061 35 -0.0479356 0.0828755 -0.00851549
429 2 0.981383 0.258004 0 -0.000231267 0.000222104 0 -0.013076 0.170402 -0.0157804 28 -0.05086 0.0818212 -0.00779418
438 2 0.828034 0.299015 0 -0.000147899 0.000246416 0 0.0173674 0.202449 -0.0126038 48 -0.0472005 0.0872788 -0.00705417
439 2 0.866068 0.299377 0 -0.000172137 0.000249051 0 0.0133063 0.197991 -0.0125481 47 -0.0476443 0.0864442 -0.00671408
440 2 0.904087 0.299847 0 -0.000196505 0.000252099 0 0.00822621 0.191847 -0.0121998 42 -0.0480372 0.0850985 -0.00621715
441 2 0.942099 0.300426 0 -0.000220736 0.000256882 0 -3.54099e-05 0.18304 -0.0118397 35 -0.0489528 0.0834798 -0.00578078
442 2 0.980103 0.301086 0 -0.000245409 0.000262282 0 -0.0137104 0.171052 -0.0112896 28 -0.0511003 0.0820604 -0.00521407
451 2 0.827194 0.342415 0 -0.000155642 0.000290125 0 0.012802 0.203141 -0.00934285 48 -0.0490418 0.0889835 -0.00503701
452 2 0.865163 0.342736 0 -0.000180636 0.000292417 0 0.00947404 0.198225 -0.00911609 47 -0.0490749 0.0876605 -0.00465325
453 2 0.903136 0.343142 0 -0.000205741 0.000295158 0 0.00511268 0.191638 -0.00871253 42 -0.0490708 0.0858478 -0.0041913
454 2 0.94112 0.34363 0 -0.00023069 0.000299141 0 -0.00215971 0.182771 -0.00835472 35 -0.0495883 0.0838699 -0.00381842
455 2 0.979115 0.344174 0 -0.000255163 0.000303222 0 -0.0136212 0.171815 -0.00792282 28 -0.051156 0.0822368 -0.00340273
118 1 0.0291318 0.387804 0 0.000421905 0.000421679 0 -0.00971629 0.0812984 0.00449038 28 -0.0510678 0.0796855 0.00386258
119 1 0.0671665 0.387183 0 0.000394314 0.000417496 0 -0.00231634 0.0887244 0.00486346 35 -0.0492248 0.08214 0.00450868
120 1 0.105177 0.38663 0 0.000366115 0.000412249 0 0.002581 0.0950804 0.00520736 42 -0.0487272 0.0851863 0.00510272
121 1 0.143162 0.386168 0 0.000337053 0.000408969 0 0.00553774 0.0999904 0.00558603 47 -0.048963 0.0880937 0.00579916
122 1 0.18113 0.385802 0 0.000307584 0.000405221 0 0.00780054 0.103785 0.00586214 48 -0.0491508 0.0903539 0.00640722
131 1 0.0299559 0.430761 0 0.000424183 0.000464643 0 -0.00961024 0.0812504 0.00293625 28 -0.0508746 0.0794346 0.00240959
132 1 0.0679939 0.430315 0 0.000397258 0.000463881 0 -0.00296425 0.0883241 0.00318487 35 -0.0494202 0.0820233 0.00282926
133 1 0.105996 0.429913 0 0.000369621 0.000463766 0 0.00156003 0.0946908 0.00342673 42 -0.0492104 0.0853165 0.00323478
134 1 0.143958 0.429573 0 0.000341554 0.000460671 0 0.00422329 0.0997627 0.00370294 47 -0.049753 0.0885733 0.00372694
135 1 0.181887 0.4293 0 0.000312431 0.000458183 0 0.00616218 0.103734 0.00391922 48 -0.0502832 0.0912285 0.0041773
144 1 0.0304886 0.473715 0 0.000420916 0.000506863 0 -0.00948463 0.0812743 0.00165631 28 -0.0507421 0.0793031 0.00131053
145 1 0.0685285 0.473446 0 0.00039501 0.000507923 0 -0.00333865 0.0880975 0.00179747 35 -0.0495366 0.0819654 0.0015448
146 1 0.106525 0.473203 0 0.000368438 0.000508053 0 0.000928657 0.0944455 0.00193991 42 -0.0495107 0.0854031 0.00177927
147 1 0.144473 0.472995 0 0.000340657 0.000508259 0 0.00339086 0.0996043 0.00210664 47 -0.0502495 0.0888749 0.0020708
148 1 0.182378 0.472826 0 0.0003128 0.000506719 0 0.00510969 0.103682 0.00224291 48 -0.0510023 0.0917825 0.00234588
157 1 0.0307501 0.516667 0 0.000413399 0.000548516 0 -0.00940689 0.0813031 0.000536419 28 -0.0506758 0.0792488 0.000416588
158 1 0.0687909 0.516577 0 0.000388161 0.000553075 0 -0.0035098 0.0879967 0.000582097 35 -0.0495918 0.0819433 0.000491787
159 1 0.106785 0.516496 0 0.000362074 0.000556016 0 0.000627082 0.0943281 0.000629022 42 -0.0496554 0.0854476 0.000568384
160 1 0.144726 0.516426 0 0.000335904 0.000557284 0 0.00298752 0.0995241 0.000684709 47 -0.0504896 0.0890214 0.000664957
161 1 0.18262 0.516369 0 0.000308121 0.000557905 0 0.00459533 0.103651 0.000731205 48 -0.0513518 0.0920518 0.000757562
123 1 0.219093 0.385523 0 0.000277844 0.000400376 0 0.00982332 0.106786 0.00590021 48 -0.0491117 0.091974 0.00670084
124 1 0.257062 0.385317 0 0.000248246 0.000397668 0 0.0116682 0.109169 0.00570204 48 -0.0488907 0.0930854 0.00666849
125 1 0.295044 0.385174 0 0.000218533 0.000392901 0 0.0133177 0.111033 0.00530313 48 -0.0485549 0.0938021 0.00635318
126 1 0.333041 0.385085 0 0.000188955 0.000386705 0 0.0147138 0.112419 0.00474778 48 -0.0481712 0.0942082 0.00581341
136 1 0.219797 0.429088 0 0.00028299 0.000454198 0 0.00789485 0.106915 0.00397685 48 -0.0505661 0.0932353 0.00442422
137 1 0.257699 0.428931 0 0.000253671 0.000447857 0 0.00949122 0.109451 0.00387053 48 -0.050625 0.0946882 0.00444992
138 1 0.295603 0.428821 0 0.000223761 0.000441425 0 0.0109378 0.111429 0.00362052 48 -0.050515 0.0956804 0.00427702
139 1 0.333513 0.428751 0 0.000194675 0.000436017 0 0.0121793 0.112886 0.00325546 48 -0.0502984 0.0962876 0.00394199
149 1 0.220254 0.472694 0 0.000283875 0.000504722 0 0.0066428 0.106976 0.00228901 48 -0.051499 0.0940433 0.00250788
150 1 0.258114 0.472596 0 0.000254845 0.000502649 0 0.00806624 0.109613 0.00223917 48 -0.0517469 0.0957253 0.00254247
151 1 0.295966 0.472527 0 0.000225715 0.00049865 0 0.00937037 0.111668 0.0021034 48 -0.0517917 0.0969054 0.00245993
152 1 0.33382 0.472482 0 0.000196685 0.000492244 0 0.0105026 0.113174 0.00189753 48 -0.0516911 0.0976522 0.00227977
162 1 0.220479 0.516324 0 0.000280796 0.000555421 0 0.00602705 0.107 0.000748505 48 -0.0519549 0.0944382 0.000814007
163 1 0.258318 0.516291 0 0.00025257 0.000551704 0 0.00736206 0.109687 0.000734257 48 -0.0522977 0.0962349 0.000828913
164 1 0.296145 0.516267 0 0.000224238 0.000546797 0 0.00859288 0.11178 0.000691435 48 -0.0524209 0.09751 0.000805129
165 1 0.333971 0.516252 0 0.000196035 0.000541532 0 0.00966877 0.113312 0.000625083 48 -0.0523797 0.098328 0.000748754
127 1 0.371055 0.385042 0 0.000160361 0.000380202 0 0.0157368 0.113303 0.00407207 48 -0.0478201 0.0943638 0.00509514
128 1 0.409084 0.385041 0 0.000132463 0.000372001 0 0.0161334 0.113567 0.00329252 48 -0.0476359 0.0943234 0.00421177
129 1 0.447122 0.385071 0 0.000104492 0.000364902 0 0.015567 0.113058 0.00241454 48 -0.047798 0.0941613 0.0031577
130 1 0.485146 0.385112 0 7.7528e-05 0.000358045 0 0.0140347 0.111865 0.00147828 48 -0.0483523 0.09397 0.00198727
140 1 0.371434 0.428717 0 0.000165613 0.000429885 0 0.0131064 0.113808 0.00279976 48 -0.0500519 0.0965707 0.00347459
141 1 0.409368 0.428714 0 0.000136551 0.000424297 0 0.0134986 0.114109 0.0022651 48 -0.0498988 0.0965909 0.00288316
142 1 0.447309 0.428736 0 0.000108683 0.000417274 0 0.0130672 0.113678 0.00165631 48 -0.0500025 0.0964322 0.00216404
143 1 0.485241 0.428768 0 8.03864e-05 0.0004118 0 0.0118044 0.112611 0.00100335 48 -0.050417 0.0961976 0.00135683
153 1 0.37168 0.472461 0 0.000167657 0.000484322 0 0.0113616 0.114126 0.00163555 48 -0.0515184 0.0980256 0.00201846
154 1 0.40955 0.472458 0 0.000138916 0.000475788 0 0.0117486 0.114455 0.00132436 48 -0.0513891 0.0980903 0.00168041
155 1 0.447427 0.472472 0 0.000110708 0.000467973 0 0.0114074 0.114079 0.000967149 48 -0.0514555 0.0979359 0.00126344
156 1 0.485299 0.472491 0 8.26285e-05 0.000459482 0 0.0103264 0.113099 0.000582327 48 -0.0517767 0.0976718 0.000791469
166 1 0.371801 0.516245 0 0.000167424 0.00053586 0 0.0104924 0.11428 0.000539715 48 -0.052245 0.0987479 0.00066499
167 1 0.40964 0.516244 0 0.000139909 0.000529399 0 0.0108762 0.114624 0.000437582 48 -0.0521285 0.0988361 0.000555154
168 1 0.447485 0.516249 0 0.000111498 0.000521544 0 0.01058 0.114276 0.00031979 48 -0.0521768 0.0986844 0.000418483
169 1 0.485326 0.516255 0 8.3803e-05 0.0005144 0 0.00959047 0.11334 0.000192528 48 -0.0524512 0.0984054 0.000262965
456 2 0.523123 0.385146 0 5.02471e-05 0.000355031 0 0.0245645 0.221084 0.00113791 48 -0.0490113 0.0938072 0.000836708
457 2 0.56108 0.385185 0 2.33053e-05 0.00035013 0 0.0219437 0.219056 -0.000541269 48 -0.049493 0.0936675 -0.000220004
458 2 0.599023 0.385225 0 -3.13734e-06 0.000346615 0 0.020171 0.217583 -0.00208676 48 -0.0497958 0.0935302 -0.00118309
459 2 0.636958 0.38527 0 -3.02081e-05 0.000342926 0 0.0187902 0.21631 -0.00347711 48 -0.0500025 0.0933678 -0.00203174
469 2 0.523136 0.428795 0 5.25223e-05 0.000403418 0 0.0206573 0.222782 0.000735684 48 -0.0509165 0.0959569 0.000559249
470 2 0.561017 0.428826 0 2.51215e-05 0.000398858 0 0.0183908 0.22079 -0.000435808 48 -0.0512712 0.0957166 -0.000173131
471 2 0.598889 0.428859 0 -3.10041e-06 0.000393657 0 0.0167972 0.219211 -0.00150696 48 -0.0514769 0.095462 -0.000836328
472 2 0.636756 0.428895 0 -2.94861e-05 0.00039098 0 0.0155109 0.217748 -0.00245916 48 -0.051597 0.0951661 -0.00141277
482 2 0.523141 0.472509 0 5.44612e-05 0.000455819 0 0.0180772 0.223894 0.000414234 48 -0.0521678 0.097376 0.000323225
483 2 0.560972 0.472529 0 2.64485e-05 0.000450715 0 0.0160565 0.221923 -0.000276757 48 -0.0524341 0.0970636 -0.000106812
484 2 0.598797 0.472551 0 -8.46902e-07 0.000445807 0 0.0145939 0.220269 -0.000905752 48 -0.05257 0.0967244 -0.00049453
485 2 0.63662 0.472574 0 -2.89026e-05 0.000441653 0 0.0133835 0.218674 -0.0014603 48 -0.0526263 0.0963318 -0.000828332
495 2 0.523142 0.516262 0 5.63302e-05 0.000504649 0 0.0167952 0.224443 0.000136604 48 -0.0527877 0.0980811 0.000108284
496 2 0.560948 0.516269 0 2.82133e-05 0.000498286 0 0.0149003 0.222483 -9.19984e-05 48 -0.0530087 0.0977313 -3.37589e-05
497 2 0.59875 0.516276 0 4.21588e-07 0.000493505 0 0.0135067 0.22079 -0.00029956 48 -0.0531081 0.0973479 -0.000161494
498 2 0.636552 0.516285 0 -2.72803e-05 0.000489096 0 0.0123381 0.219127 -0.00048175 48 -0.0531307 0.0969047 -0.00027091
460 2 0.674886 0.385326 0 -5.65455e-05 0.000340616 0 0.0174091 0.214889 -0.0046662 48 -0.0501742 0.0931361 -0.00272772
461 2 0.712807 0.385404 0 -8.28656e-05 0.000338918 0 0.015831 0.213071 -0.00561077 48 -0.0503223 0.0927745 -0.00323844
462 2 0.750723 0.385513 0 -0.000108516 0.000337709 0 0.0139943 0.210677 -0.00627328 48 -0.0504241 0.0922114 -0.00353897
463 2 0.788636 0.385664 0 -0.000134823 0.000337477 0 0.0118969 0.207545 -0.00662227 48 -0.0504385 0.091365 -0.00361156
473 2 0.67462 0.42894 0 -5.6866e-05 0.000387275 0 0.0142173 0.216097 -0.00325742 48 -0.0516735 0.0947806 -0.00187359
474 2 0.712481 0.429001 0 -8.35822e-05 0.000384852 0 0.0127675 0.214028 -0.00387072 48 -0.0517049 0.0942394 -0.00219562
475 2 0.750343 0.429086 0 -0.000110609 0.000382738 0 0.0111262 0.211368 -0.00427507 48 -0.0516602 0.0934668 -0.0023634
476 2 0.788209 0.429201 0 -0.000137064 0.000381561 0 0.00930478 0.207964 -0.00445424 48 -0.0514964 0.0923827 -0.00236928
486 2 0.674443 0.472603 0 -5.61924e-05 0.000438097 0 0.0121617 0.216863 -0.00191868 48 -0.0526331 0.0958359 -0.00109037
487 2 0.712266 0.472642 0 -8.35158e-05 0.000435386 0 0.0108098 0.21462 -0.00226237 48 -0.0525809 0.095168 -0.00126684
488 2 0.750094 0.472696 0 -0.000110365 0.000433493 0 0.0093094 0.211779 -0.00247817 48 -0.0524346 0.0942513 -0.00134951
489 2 0.787931 0.472768 0 -0.000137189 0.000431404 0 0.00767884 0.208195 -0.00255897 48 -0.0521508 0.0930081 -0.0013358
499 2 0.674354 0.516295 0 -5.42728e-05 0.000485386 0 0.0111561 0.217234 -0.000631257 48 -0.0531008 0.0963512 -0.000356009
500 2 0.712159 0.516308 0 -8.18801e-05 0.00048177 0 0.00985702 0.214903 -0.000741919 48 -0.0530052 0.0956181 -0.00041222
501 2 0.749971 0.516327 0 -0.000109129 0.000478624 0 0.00843001 0.21197 -0.000809572 48 -0.0528071 0.094628 -0.000436977
502 2 0.787794 0.516351 0 -0.000136499 0.000476436 0 0.00689662 0.208296 -0.000832295 48 -0.0524632 0.0933053 -0.000429774
464 2 0.826551 0.385867 0 -0.000160647 0.00033709 0 0.00952888 0.203489 -0.00664506 48 -0.0503209 0.0901454 -0.00345508
465 2 0.864475 0.386131 0 -0.000186479 0.000338119 0 0.00678763 0.198261 -0.00637489 47 -0.0500455 0.0884647 -0.00310527
466 2 0.902418 0.386459 0 -0.000211803 0.000339448 0 0.00300648 0.191429 -0.00600781 42 -0.0497551 0.0863355 -0.00272577
467 2 0.940385 0.386845 0 -0.000236997 0.000341699 0 -0.00346079 0.18265 -0.00570857 35 -0.0499873 0.0841357 -0.00243745
468 2 0.978373 0.387269 0 -0.000261996 0.000344196 0 -0.0132431 0.172564 -0.00539674 28 -0.0511399 0.0823842 -0.00215046
477 2 0.826086 0.429354 0 -0.00016323 0.000381543 0 0.00729543 0.203652 -0.00440883 48 -0.051174 0.0909088 -0.00221976
478 2 0.863981 0.42955 0 -0.000189419 0.000382018 0 0.00498811 0.198224 -0.00417361 47 -0.0506814 0.0889815 -0.00194827
479 2 0.901905 0.42979 0 -0.000215292 0.0003832 0 0.00163739 0.191269 -0.00389099 42 -0.050196 0.0866485 -0.0016718
480 2 0.939861 0.430068 0 -0.000240761 0.00038458 0 -0.00422973 0.182623 -0.00367269 35 -0.0502345 0.0843181 -0.00147081
481 2 0.977845 0.430371 0 -0.000265755 0.000385974 0 -0.0128221 0.1732 -0.00346707 28 -0.0511055 0.0825053 -0.0012872
490 2 0.825784 0.472863 0 -0.000164209 0.00043036 0 0.00591004 0.203719 -0.00250896 48 -0.0516948 0.0913696 -0.0012325
491 2 0.863662 0.472983 0 -0.000190552 0.000429194 0 0.00388709 0.198175 -0.00235324 47 -0.0510648 0.0892888 -0.00106263
492 2 0.901574 0.473129 0 -0.000216442 0.000428537 0 0.000818806 0.191165 -0.00217772 42 -0.050459 0.0868356 -0.000896071
493 2 0.939524 0.473297 0 -0.000241873 0.000428353 0 -0.00465399 0.182636 -0.00204665 35 -0.0503783 0.0844344 -0.000778501
494 2 0.977506 0.473478 0 -0.000267449 0.000428281 0 -0.0124864 0.173659 -0.00193106 28 -0.0510752 0.0825928 -0.000677245
503 2 0.825636 0.516383 0 -0.000162809 0.000474649 0 0.00524815 0.203742 -0.000812135 48 -0.0519413 0.091586 -0.000393351
504 2 0.863506 0.516424 0 -0.000189231 0.000473392 0 0.00336553 0.198144 -0.000758127 47 -0.0512448 0.0894319 -0.000335848
505 2 0.901413 0.516473 0 -0.000215628 0.000472321 0 0.00043669 0.191114 -0.000698899 42 -0.0505818 0.0869233 -0.000280429
506 2 0.939359 0.516529 0 -0.0002416 0.00047145 0 -0.00484095 0.182653 -0.000655345 35 -0.0504445 0.0844913 -0.000241847
507 2 0.97734 0.51659 0 -0.000266782 0.00047067 0 -0.0123042 0.173898 -0.000618197 28 -0.0510584 0.0826387 -0.00020963
170 1 0.0307506 0.559619 0 0.000401645 0.000588042 0 -0.00940826 0.0813027 -0.000531151 28 -0.0506767 0.0792493 -0.000410565
171 1 0.0687913 0.559708 0 0.000377262 0.000593206 0 -0.00351062 0.0879968 -0.00057665 35 -0.0495925 0.081944 -0.000485371
172 1 0.106785 0.55979 0 0.000352618 0.000598476 0 0.000626438 0.0943285 -0.000623481 42 -0.0496562 0.0854485 -0.000561665
173 1 0.144726 0.55986 0 0.000326831 0.000601208 0 0.00298691 0.0995247 -0.000678929 47 -0.0504904 0.0890225 -0.000657609
174 1 0.18262 0.559917 0 0.000301208 0.000602468 0 0.00459468 0.103651 -0.000725106 48 -0.0513527 0.092053 -0.00074937
183 1 0.03049 0.602572 0 0.000386664 0.00062779 0 -0.00948824 0.0812734 -0.00165131 28 -0.0507445 0.0793047 -0.00130476
184 1 0.0685298 0.60284 0 0.000363035 0.000636268 0 -0.00334105 0.0880978 -0.00179234 35 -0.0495387 0.0819675 -0.00153872
185 1 0.106526 0.603083 0 0.000339514 0.000642575 0 0.000926851 0.0944468 -0.00193471 42 -0.0495129 0.0854058 -0.00177292
186 1 0.144474 0.603291 0 0.000314661 0.000648343 0 0.00338907 0.0996061 -0.00210121 47 -0.0502519 0.0888781 -0.00206385
187 1 0.182379 0.603459 0 0.000290215 0.000651472 0 0.00510771 0.103684 -0.00223718 48 -0.051005 0.0917861 -0.00233812
196 1 0.0299583 0.645525 0 0.000368674 0.000664851 0 -0.0096162 0.081249 -0.00293183 28 -0.0508786 0.0794374 -0.00240443
197 1 0.0679961 0.645971 0 0.000346125 0.000674197 0 -0.00296804 0.0883249 -0.00318037 35 -0.0494237 0.0820269 -0.00282385
198 1 0.105998 0.646373 0 0.000322513 0.000681899 0 0.00155719 0.0946931 -0.00342219 42 -0.0492139 0.085321 -0.00322915
199 1 0.143959 0.646712 0 0.000300194 0.000686709 0 0.00422044 0.0997658 -0.00369822 47 -0.049757 0.0885786 -0.00372078
200 1 0.181889 0.646986 0 0.000276081 0.000690487 0 0.00615901 0.103737 -0.00391421 48 -0.0502876 0.0912344 -0.0041704
209 1 0.0291348 0.688483 0 0.000347917 0.000702732 0 -0.00972363 0.0812972 -0.00448678 28 -0.0510732 0.0796895 -0.0038582
210 1 0.0671694 0.689103 0 0.000326205 0.000713824 0 -0.0023213 0.0887257 -0.00485984 35 -0.0492296 0.082145 -0.00450421
211 1 0.10518 0.689656 0 0.000304102 0.000723518 0 0.00257729 0.0950836 -0.00520375 42 -0.048732 0.0851925 -0.00509812
212 1 0.143165 0.690117 0 0.000282413 0.000732296 0 0.0055341 0.0999948 -0.00558229 47 -0.0489683 0.088101 -0.00579414
213 1 0.181132 0.690483 0 0.000260517 0.000736914 0 0.00779656 0.103789 -0.00585816 48 -0.0491568 0.090362 -0.00640154
175 1 0.22048 0.559961 0 0.000274335 0.000603046 0 0.00602632 0.107001 -0.000742122 48 -0.0519558 0.0944395 -0.000804975
176 1 0.258318 0.559995 0 0.000247666 0.000601165 0 0.00736129 0.109688 -0.00072764 48 -0.0522987 0.0962361 -0.000819102
177 1 0.296145 0.560019 0 0.000220839 0.000597758 0 0.00859215 0.11178 -0.000684645 48 -0.0524219 0.0975112 -0.000794641
178 1 0.333971 0.560034 0 0.000193496 0.000592133 0 0.00966808 0.113313 -0.000618199 48 -0.0523806 0.0983291 -0.000737752
188 1 0.220255 0.603591 0 0.000265047 0.000651699 0 0.00664065 0.106978 -0.00228301 48 -0.0515019 0.0940472 -0.00249932
189 1 0.258114 0.60369 0 0.000239554 0.000650747 0 0.008064 0.109615 -0.00223292 48 -0.0517499 0.0957292 -0.00253314
190 1 0.295967 0.603759 0 0.000214281 0.000647506 0 0.00936809 0.111669 -0.00209695 48 -0.0517945 0.0969091 -0.0024499
191 1 0.33382 0.603804 0 0.000188259 0.000643158 0 0.0105004 0.113176 -0.001891 48 -0.0516938 0.0976555 -0.00226925
201 1 0.219799 0.647197 0 0.000252979 0.000692211 0 0.00789145 0.106918 -0.00397157 48 -0.0505708 0.0932415 -0.00441654
202 1 0.257701 0.647355 0 0.000229493 0.000691713 0 0.00948769 0.109455 -0.00386499 48 -0.0506298 0.0946944 -0.00444149
203 1 0.295604 0.647465 0 0.000205337 0.000689556 0 0.0109343 0.111432 -0.00361477 48 -0.0505196 0.0956862 -0.00426793
204 1 0.333514 0.647535 0 0.000182166 0.000684671 0 0.0121758 0.112888 -0.00324957 48 -0.0503028 0.096293 -0.00393237
214 1 0.219095 0.690763 0 0.000238567 0.000740236 0 0.00981904 0.106791 -0.00589595 48 -0.0491179 0.0919824 -0.00669444
215 1 0.257064 0.690969 0 0.000216897 0.000739897 0 0.0116637 0.109174 -0.0056975 48 -0.048897 0.0930937 -0.00666136
216 1 0.295045 0.691112 0 0.000194934 0.000738548 0 0.0133132 0.111037 -0.00529834 48 -0.048561 0.09381 -0.00634538
217 1 0.333042 0.691202 0 0.000173003 0.0007348 0 0.0147094 0.112423 -0.0047428 48 -0.0481769 0.0942154 -0.00580508
179 1 0.371801 0.560042 0 0.000166746 0.000584792 0 0.0104916 0.11428 -0.000532876 48 -0.0522458 0.0987489 -0.000653753
180 1 0.40964 0.560043 0 0.000139197 0.000576286 0 0.0108756 0.114624 -0.000430984 48 -0.0521292 0.0988369 -0.000544084
181 1 0.447485 0.560039 0 0.000112164 0.000567945 0 0.0105794 0.114276 -0.000313681 48 -0.0521773 0.0986849 -0.000408101
182 1 0.485326 0.560033 0 8.52671e-05 0.000559939 0 0.00958996 0.113339 -0.000187139 48 -0.0524516 0.0984058 -0.000253758
192 1 0.371681 0.603826 0 0.000162673 0.000637445 0 0.0113594 0.114127 -0.00162905 48 -0.0515208 0.0980284 -0.0020077
193 1 0.40955 0.603829 0 0.000136563 0.000630394 0 0.0117466 0.114456 -0.00131805 48 -0.0513912 0.0980926 -0.00166978
194 1 0.447428 0.603816 0 0.000111107 0.000622384 0 0.0114057 0.114079 -0.000961312 48 -0.0514572 0.0979376 -0.00125347
195 1 0.485299 0.603797 0 8.43822e-05 0.000613899 0 0.0103251 0.113099 -0.000577167 48 -0.0517779 0.0976729 -0.000782614
205 1 0.371435 0.64757 0 0.000157634 0.000678998 0 0.0131031 0.11381 -0.00279385 48 -0.0500557 0.0965753 -0.0034647
206 1 0.409368 0.647573 0 0.000134044 0.00067137 0 0.0134955 0.11411 -0.00225935 48 -0.0499021 0.0965946 -0.00287337
207 1 0.447309 0.647552 0 0.000109139 0.00066411 0 0.0130645 0.113678 -0.00165097 48 -0.0500051 0.0964349 -0.00215484
208 1 0.485241 0.647521 0 8.47396e-05 0.000656566 0 0.0118023 0.112611 -0.000998618 48 -0.0504189 0.0961994 -0.00134865
218 1 0.371056 0.691245 0 0.000151112 0.000729806 0 0.0157326 0.113306 -0.00406702 48 -0.0478252 0.0943699 -0.00508651
219 1 0.409085 0.691247 0 0.000128491 0.000722886 0 0.0161295 0.113569 -0.00328756 48 -0.0476402 0.0943283 -0.00420317
220 1 0.447123 0.691217 0 0.000106357 0.00071492 0 0.0155636 0.113059 -0.0024099 48 -0.0478014 0.094165 -0.00314957
221 1 0.485146 0.691177 0 8.30703e-05 0.000707061 0 0.0140321 0.111865 -0.00147416 48 -0.0483548 0.0939724 -0.00198003
508 2 0.523142 0.560027 0 5.70453e-05 0.000556089 0 0.0167945 0.224443 -0.000127302 48 -0.0527879 0.0980813 -0.000100359
509 2 0.560948 0.560021 0 3.00242e-05 0.000550965 0 0.0148997 0.222483 0.000100152 48 -0.0530088 0.0977313 4.06445e-05
510 2 0.59875 0.560014 0 2.76799e-06 0.000544972 0 0.0135063 0.22079 0.00030688 48 -0.0531082 0.0973478 0.000167592
511 2 0.636552 0.560006 0 -2.45427e-05 0.00054068 0 0.0123378 0.219126 0.000488466 48 -0.0531307 0.0969045 0.000276402
521 2 0.523141 0.60378 0 5.88213e-05 0.0006037 0 0.0180752 0.223893 -0.000405321 48 -0.0521686 0.0973766 -0.000315597
522 2 0.560972 0.60376 0 3.17476e-05 0.000596969 0 0.016055 0.221922 0.00028455 48 -0.0524345 0.0970638 0.000113429
523 2 0.598797 0.603739 0 4.75856e-06 0.000591766 0 0.0145929 0.220268 0.000912744 48 -0.0525701 0.0967243 0.000500387
524 2 0.63662 0.603716 0 -2.21401e-05 0.000586894 0 0.0133829 0.218672 0.00146669 48 -0.0526261 0.0963313 0.000833592
534 2 0.523137 0.647494 0 5.86952e-05 0.000653037 0 0.0206541 0.222781 -0.00072752 48 -0.0509177 0.0959579 -0.000552202
535 2 0.561017 0.647463 0 3.31457e-05 0.000646929 0 0.0183885 0.220788 0.000442944 48 -0.0512718 0.0957169 0.000179247
536 2 0.598889 0.647431 0 7.09073e-06 0.000642114 0 0.0167955 0.219208 0.00151334 48 -0.0514771 0.0954617 0.00084173
537 2 0.636756 0.647395 0 -1.89952e-05 0.000636869 0 0.0155096 0.217745 0.00246496 48 -0.0515968 0.0951652 0.0014176
547 2 0.523124 0.691143 0 5.905e-05 0.000697505 0 0.0245606 0.221083 -0.0011308 48 -0.0490128 0.0938086 -0.000830468
548 2 0.56108 0.691105 0 3.45651e-05 0.000692049 0 0.0219408 0.219054 0.000547465 48 -0.0494938 0.0936679 0.000225404
549 2 0.599023 0.691064 0 9.85646e-06 0.000686342 0 0.0201689 0.21758 0.00209225 48 -0.049796 0.0935297 0.00118784
550 2 0.636958 0.69102 0 -1.57108e-05 0.000681987 0 0.0187887 0.216306 0.00348206 48 -0.0500022 0.0933667 0.00203596
512 2 0.674354 0.559996 0 -5.22432e-05 0.00053597 0 0.0111559 0.217233 0.000637469 48 -0.0531007 0.0963509 0.000360974
513 2 0.712159 0.559982 0 -7.94668e-05 0.00053271 0 0.0098568 0.214902 0.000747714 48 -0.0530051 0.0956177 0.000416715
514 2 0.749971 0.559964 0 -0.000106407 0.000529587 0 0.00842981 0.211969 0.000814992 48 -0.0528069 0.0946275 0.000441035
515 2 0.787794 0.55994 0 -0.00013343 0.000526498 0 0.00689647 0.208295 0.000837351 48 -0.0524629 0.0933048 0.000433402
525 2 0.674443 0.603687 0 -4.90757e-05 0.000582904 0 0.0121613 0.216861 0.00192458 48 -0.0526327 0.0958351 0.00109511
526 2 0.712266 0.603648 0 -7.56193e-05 0.00057872 0 0.0108097 0.214618 0.00226783 48 -0.0525804 0.095167 0.00127112
527 2 0.750094 0.603595 0 -0.000103176 0.000574798 0 0.00930938 0.211776 0.00248326 48 -0.052434 0.09425 0.00135336
528 2 0.787931 0.603523 0 -0.000129483 0.00057152 0 0.00767893 0.208192 0.00256371 48 -0.0521501 0.0930067 0.00133923
538 2 0.67462 0.64735 0 -4.51834e-05 0.0006323 0 0.0142165 0.216093 0.00326273 48 -0.051673 0.0947792 0.00187793
539 2 0.712482 0.647289 0 -7.20098e-05 0.000628601 0 0.0127669 0.214024 0.00387561 48 -0.0517041 0.0942376 0.0021995
540 2 0.750343 0.647205 0 -9.79248e-05 0.000624584 0 0.0111259 0.211364 0.00427955 48 -0.0516592 0.0934647 0.00236686
541 2 0.788209 0.64709 0 -0.000124967 0.000621261 0 0.00930469 0.207959 0.00445836 48 -0.0514952 0.0923804 0.00237233
551 2 0.674886 0.690964 0 -4.12114e-05 0.000677765 0 0.017408 0.214884 0.00467068 48 -0.0501735 0.0931343 0.00273147
552 2 0.712808 0.690887 0 -6.68382e-05 0.00067377 0 0.0158303 0.213066 0.00561482 48 -0.0503213 0.0927722 0.00324176
553 2 0.750723 0.690778 0 -9.2628e-05 0.000668922 0 0.013994 0.210672 0.00627695 48 -0.0504228 0.0922087 0.00354188
554 2 0.788636 0.690627 0 -0.000118194 0.000665506 0 0.0118968 0.207539 0.00662556 48 -0.050437 0.091362 0.00361408
516 2 0.825636 0.559908 0 -0.000160478 0.000523875 0 0.00524806 0.203741 0.000816836 48 -0.0519411 0.0915854 0.000396564
517 2 0.863506 0.559867 0 -0.000187127 0.000521036 0 0.00336555 0.198143 0.000762478 47 -0.0512446 0.0894313 0.000338662
518 2 0.901413 0.559818 0 -0.000212994 0.000518585 0 0.000436822 0.191113 0.000703039 42 -0.0505815 0.0869228 0.000282975
519 2 0.939359 0.559762 0 -0.00023884 0.000516026 0 -0.0048406 0.182652 0.000659468 35 -0.0504442 0.0844908 0.000244309
520 2 0.97734 0.559702 0 -0.000264634 0.000513459 0 -0.0123037 0.173897 0.000622304 28 -0.051058 0.0826383 0.000212038
529 2 0.825784 0.603429 0 -0.000156383 0.000568055 0 0.00591022 0.203716 0.00251336 48 -0.051694 0.0913681 0.00123553
530 2 0.863663 0.603308 0 -0.000182675 0.000565376 0 0.00388738 0.198172 0.0023573 47 -0.0510639 0.0892873 0.00106528
531 2 0.901575 0.603162 0 -0.00020918 0.000562374 0 0.000819248 0.191162 0.00218155 42 -0.0504581 0.0868342 0.000898442
532 2 0.939524 0.602994 0 -0.000235104 0.000559541 0 -0.00465301 0.182634 0.00205044 35 -0.0503775 0.084433 0.000780777
533 2 0.977506 0.602813 0 -0.000260512 0.000556369 0 -0.0124841 0.173658 0.00193486 28 -0.0510741 0.0825916 0.000679488
542 2 0.826086 0.646937 0 -0.000150905 0.000616806 0 0.00729552 0.203647 0.0044126 48 -0.0511727 0.0909064 0.00222241
543 2 0.863982 0.646741 0 -0.000177564 0.000613116 0 0.00498833 0.198219 0.00417704 47 -0.05068 0.088979 0.00195055
544 2 0.901905 0.646502 0 -0.000203351 0.000608258 0 0.00163787 0.191264 0.00389421 42 -0.0501946 0.0866461 0.00167384
545 2 0.939861 0.646223 0 -0.000229196 0.00060388 0 -0.00422844 0.182619 0.0036759 35 -0.0502331 0.0843158 0.00147278
546 2 0.977846 0.64592 0 -0.000255 0.000599513 0 -0.0128186 0.173198 0.00347032 28 -0.0511037 0.0825032 0.00128915
555 2 0.826551 0.690424 0 -0.000144588 0.000660889 0 0.00952898 0.203482 0.00664798 48 -0.0503192 0.0901422 0.00345722
556 2 0.864476 0.69016 0 -0.000170201 0.000656983 0 0.00678789 0.198255 0.00637747 47 -0.0500438 0.0884614 0.00310705
557 2 0.902419 0.689832 0 -0.000196483 0.000652422 0 0.003007 0.191423 0.00601015 42 -0.0497534 0.0863323 0.0027273
558 2 0.940386 0.689446 0 -0.000222121 0.000647838 0 -0.00345908 0.182645 0.00571083 35 -0.0499854 0.0841327 0.00243887
559 2 0.978374 0.689022 0 -0.000247559 0.000642407 0 -0.0132392 0.172561 0.00539899 28 -0.0511377 0.0823813 0.00215187
222 1 0.027989 0.731448 0 0.000325048 0.00073754 0 -0.00969231 0.0815176 -0.00644053 28 -0.051307 0.080116 -0.00583345
223 1 0.0660193 0.732238 0 0.000303401 0.000748966 0 -0.00128554 0.0893646 -0.0069545 35 -0.0489184 0.0823453 -0.00675578
224 1 0.104044 0.73293 0 0.00028279 0.00075886 0 0.0040803 0.0956304 -0.00739468 42 -0.0480166 0.0850059 -0.007551
225 1 0.142062 0.733497 0 0.000261322 0.000765609 0 0.00740844 0.100266 -0.00785583 47 -0.0478225 0.0873994 -0.008443
226 1 0.180085 0.733938 0 0.000241498 0.000770802 0 0.0100866 0.103792 -0.00815516 48 -0.0475425 0.0891066 -0.00917127
235 1 0.0264798 0.774429 0 0.000299061 0.000773671 0 -0.00932743 0.0820385 -0.00892744 28 -0.0515222 0.0807683 -0.00852067
236 1 0.0645056 0.775376 0 0.000278467 0.000787047 0 0.000311096 0.0903075 -0.00958768 35 -0.0484138 0.0826325 -0.00976528
237 1 0.102552 0.776189 0 0.000258474 0.000797549 0 0.00619425 0.0963216 -0.0100983 42 -0.0469798 0.0847138 -0.0107544
238 1 0.14062 0.776838 0 0.000239082 0.000807 0 0.00994268 0.100516 -0.0105982 47 -0.0462202 0.0863884 -0.0118055
239 1 0.17872 0.77733 0 0.000220394 0.000812812 0 0.0131042 0.103657 -0.0108602 48 -0.0453444 0.0873688 -0.0125851
248 1 0.0245564 0.817436 0 0.000270785 0.000806908 0 -0.00832084 0.0830054 -0.0120841 28 -0.0515876 0.0816616 -0.0121343
249 1 0.0625807 0.81852 0 0.000250723 0.000819448 0 0.00270758 0.091593 -0.0128677 35 -0.0475743 0.0829564 -0.0137194
250 1 0.100662 0.819425 0 0.000231104 0.000830717 0 0.0090748 0.0970836 -0.0133857 42 -0.0454765 0.0842001 -0.0148488
251 1 0.138801 0.820123 0 0.000213698 0.00083827 0 0.0132397 0.100608 -0.013841 47 -0.0440135 0.0849123 -0.0159694
252 1 0.177007 0.820636 0 0.000195995 0.000844624 0 0.0169092 0.103227 -0.013971 48 -0.0424275 0.0849898 -0.0166805
261 1 0.0221605 0.860481 0 0.000238957 0.000841121 0 -0.00620038 0.0845427 -0.016019 28 -0.0512312 0.0826984 -0.0168924
262 1 0.0601937 0.861666 0 0.00021942 0.000853956 0 0.00618873 0.0931526 -0.0168496 35 -0.0461556 0.0831369 -0.0187662
263 1 0.0983322 0.86262 0 0.000201599 0.000865018 0 0.0128676 0.0977032 -0.0172544 42 -0.0432812 0.0832135 -0.0199011
264 1 0.136574 0.863327 0 0.000184342 0.000873297 0 0.0173662 0.100268 -0.0175257 47 -0.0409933 0.0826934 -0.0209165
265 1 0.174922 0.863826 0 0.000169738 0.000878338 0 0.0214992 0.102218 -0.0173862 48 -0.0386217 0.0817144 -0.0213686
227 1 0.218124 0.734269 0 0.000221352 0.000773846 0 0.0124745 0.106539 -0.00812541 48 -0.0470758 0.0902052 -0.00944968
228 1 0.256187 0.734509 0 0.000201276 0.000774854 0 0.0146267 0.108715 -0.00778487 48 -0.0464925 0.0908694 -0.00928725
229 1 0.294275 0.734674 0 0.000182292 0.000774189 0 0.0165245 0.110433 -0.00719054 48 -0.0458699 0.0912337 -0.00875784
230 1 0.332391 0.734775 0 0.000161997 0.000770785 0 0.0181088 0.111732 -0.0064053 48 -0.0452777 0.0913879 -0.00794789
240 1 0.216862 0.777691 0 0.000202282 0.000816603 0 0.015906 0.10607 -0.0106946 48 -0.0443552 0.0878162 -0.0127577
241 1 0.255048 0.777948 0 0.000184632 0.000817235 0 0.018398 0.107989 -0.010148 48 -0.0433447 0.0879438 -0.0123719
242 1 0.293277 0.778121 0 0.000167031 0.000816215 0 0.0205654 0.109534 -0.00930464 48 -0.0423941 0.0878994 -0.0115434
243 1 0.331545 0.778226 0 0.000150146 0.000813313 0 0.0223533 0.110742 -0.00824782 48 -0.0415692 0.087771 -0.0103911
253 1 0.215283 0.821002 0 0.000180332 0.000847641 0 0.0201285 0.105224 -0.0135791 48 -0.0408493 0.0846782 -0.0166191
254 1 0.253627 0.821256 0 0.000164741 0.000850145 0 0.0229493 0.106843 -0.0127521 48 -0.0393808 0.0842123 -0.0158955
255 1 0.292031 0.821423 0 0.0001496 0.000850278 0 0.0253716 0.1082 -0.0116061 48 -0.0380923 0.0837351 -0.0146767
256 1 0.330487 0.821522 0 0.000135074 0.000848241 0 0.0273523 0.10932 -0.0102427 48 -0.0370351 0.0833195 -0.0131141
266 1 0.213372 0.864168 0 0.000155138 0.000882014 0 0.0250691 0.103728 -0.0166567 48 -0.036444 0.0805857 -0.0209044
267 1 0.251912 0.864398 0 0.000142757 0.000882245 0 0.0281418 0.105018 -0.0154745 48 -0.0345447 0.0795251 -0.0197175
268 1 0.290527 0.864545 0 0.000130131 0.000881921 0 0.0307493 0.106183 -0.0139854 48 -0.0329583 0.0786396 -0.0180286
269 1 0.329204 0.864629 0 0.000117956 0.000880465 0 0.0328739 0.107226 -0.012302 48 -0.0317054 0.0779682 -0.016013
231 1 0.370531 0.734823 0 0.000142698 0.000766242 0 0.0192478 0.112574 -0.00547785 48 -0.0447989 0.0913879 -0.0069224
232 1 0.40869 0.734822 0 0.00012252 0.000760013 0 0.019646 0.1128 -0.00442917 48 -0.0445808 0.0912772 -0.00570074
233 1 0.446858 0.734784 0 0.000101974 0.000753899 0 0.0189029 0.112196 -0.0032635 48 -0.0448233 0.0911149 -0.00427431
234 1 0.485006 0.734736 0 8.08188e-05 0.000746721 0 0.0170206 0.110838 -0.00202865 48 -0.045561 0.0909773 -0.00270984
244 1 0.369845 0.778272 0 0.000132356 0.000809957 0 0.0236175 0.11155 -0.00703816 48 -0.0409529 0.0876045 -0.00899995
245 1 0.40817 0.778268 0 0.000115135 0.000804062 0 0.0240117 0.111747 -0.00569958 48 -0.0407069 0.0874271 -0.00739483
246 1 0.446502 0.778223 0 9.66899e-05 0.000798205 0 0.0230566 0.111046 -0.00423264 48 -0.0410545 0.0872752 -0.00556213
247 1 0.484807 0.77817 0 7.76807e-05 0.000791927 0 0.0207565 0.109497 -0.00268847 48 -0.0420157 0.0872011 -0.00357617
257 1 0.368983 0.821563 0 0.000120333 0.000844586 0 0.0287376 0.110113 -0.00873095 48 -0.0362873 0.0829942 -0.0113094
258 1 0.407506 0.821553 0 0.00010489 0.000839645 0 0.0291241 0.110308 -0.00709473 48 -0.0360252 0.0827648 -0.00929013
259 1 0.446037 0.821504 0 8.99269e-05 0.000833393 0 0.027939 0.109521 -0.00532776 48 -0.0364989 0.0826375 -0.00703525
260 1 0.484532 0.82145 0 7.309e-05 0.000827817 0 0.0251816 0.107767 -0.00347817 48 -0.0377103 0.0826294 -0.00461882
270 1 0.367928 0.864661 0 0.000105971 0.000877531 0 0.034358 0.108029 -0.010493 48 -0.0308518 0.0775135 -0.0137779
271 1 0.406684 0.864647 0 9.41512e-05 0.000874627 0 0.0347378 0.108258 -0.00857659 48 -0.0305902 0.0772581 -0.0113468
272 1 0.445445 0.864596 0 8.07002e-05 0.000871743 0 0.0333352 0.107423 -0.00653642 48 -0.0312003 0.0771722 -0.0086882
273 1 0.48416 0.864545 0 6.69041e-05 0.000866793 0 0.0301308 0.105475 -0.00440994 48 -0.0326646 0.0772252 -0.00586586
560 2 0.523093 0.734699 0 5.85437e-05 0.000743381 0 0.0298246 0.218758 -0.00166264 48 -0.0464242 0.0909072 -0.00117977
561 2 0.561153 0.734658 0 3.53362e-05 0.000737505 0 0.0267624 0.216675 0.000555184 48 -0.0470626 0.0908853 0.000227318
562 2 0.599194 0.734615 0 1.14156e-05 0.000733717 0 0.024786 0.215331 0.00261424 48 -0.0474789 0.0908843 0.00152077
563 2 0.637223 0.734568 0 -1.21827e-05 0.000728838 0 0.023317 0.214292 0.00449494 48 -0.047783 0.0908773 0.00268042
573 2 0.523034 0.778135 0 5.70532e-05 0.000784463 0 0.0364542 0.215738 -0.0023827 48 -0.0431197 0.0872294 -0.00164074
574 2 0.561226 0.778095 0 3.59393e-05 0.000779961 0 0.0328924 0.213576 0.000404382 48 -0.0439336 0.0873294 0.000144871
575 2 0.599393 0.778055 0 1.37645e-05 0.00077538 0 0.0307178 0.212375 0.00301947 48 -0.0444664 0.087468 0.00180347
576 2 0.637545 0.778011 0 -8.47198e-06 0.000771587 0 0.0291993 0.2116 0.00545058 48 -0.0448628 0.0876194 0.00332058
586 2 0.52293 0.821421 0 5.46851e-05 0.000824989 0 0.0443877 0.211884 -0.00335947 48 -0.0390731 0.0827444 -0.00226456
587 2 0.561284 0.821388 0 3.49902e-05 0.000820903 0 0.0403157 0.209614 1.59943e-05 48 -0.0400611 0.0829489 -7.81356e-05
588 2 0.599608 0.821356 0 1.58958e-05 0.000817597 0 0.037992 0.208554 0.00322227 48 -0.040693 0.0832067 0.00197753
589 2 0.637915 0.82132 0 -5.63814e-06 0.000814245 0 0.0365034 0.208052 0.00626088 48 -0.0411552 0.0834935 0.0038991
599 2 0.522759 0.864525 0 5.11269e-05 0.000861764 0 0.0533878 0.206875 -0.00465299 48 -0.0342753 0.0773956 -0.00310259
600 2 0.561307 0.864504 0 3.44855e-05 0.000858859 0 0.0488651 0.20447 -0.000692928 48 -0.0354099 0.0776641 -0.000506433
601 2 0.599821 0.864484 0 1.53455e-05 0.000855655 0 0.0464924 0.203537 0.00311953 48 -0.0360991 0.0779947 0.00196715
602 2 0.638317 0.864461 0 -1.69261e-06 0.000853306 0 0.0451565 0.203292 0.00680464 48 -0.0365761 0.0783658 0.00433126
564 2 0.675241 0.734507 0 -3.63756e-05 0.0007247 0 0.021858 0.213156 0.00614353 48 -0.0480624 0.0908268 0.00366142
565 2 0.713247 0.73442 0 -6.08367e-05 0.000721386 0 0.0201464 0.211653 0.00750542 48 -0.0483487 0.0906831 0.00442222
566 2 0.751241 0.734295 0 -8.59337e-05 0.000717418 0 0.0180817 0.209599 0.00852666 48 -0.0486325 0.0903839 0.00492566
567 2 0.789222 0.734119 0 -0.000111312 0.000713488 0 0.0156393 0.206828 0.00915274 48 -0.0488791 0.0898498 0.00513745
577 2 0.675682 0.777952 0 -3.1575e-05 0.000768065 0 0.0277048 0.210785 0.00764195 48 -0.045246 0.0877575 0.00464919
578 2 0.713802 0.777864 0 -5.48027e-05 0.000764208 0 0.0258877 0.209641 0.0095301 48 -0.0456754 0.0878505 0.00574031
579 2 0.751902 0.777733 0 -7.8527e-05 0.000759644 0 0.0235942 0.207988 0.0110426 48 -0.0461627 0.0878535 0.00654216
580 2 0.78998 0.777543 0 -0.000102243 0.000756396 0 0.0207657 0.205661 0.0120942 48 -0.0466861 0.0876971 0.00699692
590 2 0.676204 0.821269 0 -2.60931e-05 0.000811071 0 0.0350581 0.207567 0.00908211 48 -0.0416151 0.0837997 0.00564398
591 2 0.714472 0.821188 0 -4.81625e-05 0.000808523 0 0.0332079 0.206798 0.0116182 48 -0.0421688 0.0841197 0.00715879
592 2 0.752713 0.821062 0 -6.94065e-05 0.000805317 0 0.0307325 0.205578 0.0137785 48 -0.0428578 0.0844366 0.00837629
593 2 0.790922 0.820872 0 -9.22441e-05 0.000801178 0 0.0275232 0.203762 0.0154424 48 -0.0436834 0.084703 0.00920964
603 2 0.676796 0.864422 0 -2.12274e-05 0.0008507 0 0.043888 0.203116 0.0103287 48 -0.0370599 0.0787884 0.0065562
604 2 0.715252 0.864355 0 -3.94077e-05 0.000847595 0 0.0421288 0.202706 0.0136265 48 -0.0376902 0.0792923 0.00858903
605 2 0.753676 0.864244 0 -6.07163e-05 0.00084434 0 0.0395825 0.201922 0.0165948 48 -0.0385465 0.0798987 0.0103497
606 2 0.792058 0.864071 0 -8.045e-05 0.000841558 0 0.0360731 0.200652 0.0190806 48 -0.0396652 0.0805967 0.0117223
568 2 0.827195 0.733876 0 -0.000136442 0.000707952 0 0.0128021 0.203133 0.00934474 48 -0.0490399 0.0889798 0.00503852
569 2 0.865164 0.733555 0 -0.000162006 0.000703718 0 0.00947421 0.198217 0.00911761 47 -0.0490729 0.0876567 0.00465441
570 2 0.903137 0.733149 0 -0.000187235 0.000697424 0 0.0051131 0.191631 0.0087138 42 -0.0490688 0.085844 0.00419222
571 2 0.941121 0.732662 0 -0.000212802 0.000691698 0 -0.00215811 0.182765 0.00835593 35 -0.0495861 0.0838663 0.00381926
572 2 0.979116 0.732117 0 -0.00023838 0.000685423 0 -0.0136162 0.171812 0.00792405 28 -0.0511532 0.0822334 0.00340357
581 2 0.828035 0.777276 0 -0.00012665 0.000751657 0 0.0173676 0.202441 0.0126046 48 -0.0471984 0.0872748 0.00705505
582 2 0.866069 0.776914 0 -0.000151364 0.000747066 0 0.0133064 0.197983 0.0125485 47 -0.0476421 0.0864402 0.0067146
583 2 0.904088 0.776443 0 -0.000176605 0.000741381 0 0.00822655 0.19184 0.0121999 42 -0.048035 0.0850945 0.0062174
584 2 0.9421 0.775865 0 -0.000201702 0.000735168 0 -3.37672e-05 0.183033 0.0118396 35 -0.0489504 0.0834759 0.00578085
585 2 0.980104 0.775205 0 -0.000226774 0.000728131 0 -0.0137057 0.171048 0.0112894 28 -0.0510974 0.0820567 0.00521405
594 2 0.829092 0.820599 0 -0.00011542 0.000796484 0 0.0235124 0.20113 0.0164745 48 -0.0446099 0.084819 0.00956624
595 2 0.86722 0.820216 0 -0.000139194 0.000791244 0 0.0185996 0.19731 0.0167836 47 -0.0455713 0.0846183 0.00939545
596 2 0.905309 0.819703 0 -0.000162638 0.00078479 0 0.0127031 0.191905 0.0166508 42 -0.0464889 0.0839334 0.00895669
597 2 0.943364 0.819051 0 -0.000187357 0.000777989 0 0.00334659 0.183468 0.0164048 35 -0.0479335 0.0828719 0.00851483
598 2 0.981384 0.818287 0 -0.000212648 0.00077049 0 -0.0130711 0.170398 0.0157788 28 -0.0508572 0.0818176 0.00779335
607 2 0.830386 0.863811 0 -0.000101653 0.0008376 0 0.0314732 0.198706 0.0208882 48 -0.0410402 0.0813149 0.0125635
608 2 0.868648 0.863434 0 -0.00012319 0.000833205 0 0.0256555 0.195721 0.0218376 47 -0.0426145 0.0818911 0.0127523
609 2 0.90684 0.862907 0 -0.00014673 0.000827343 0 0.0189249 0.191457 0.0221773 42 -0.0441909 0.0820978 0.0125356
610 2 0.944963 0.86221 0 -0.000170515 0.000820317 0 0.00853088 0.183924 0.0222555 35 -0.046301 0.0818612 0.0122103
611 2 0.983013 0.861362 0 -0.000194477 0.000812053 0 -0.0109742 0.169979 0.0216756 28 -0.0502029 0.081397 0.0113791
274 1 0.0192315 0.903575 0 0.000203648 0.000874466 0 -0.00229738 0.0866863 -0.0207606 28 -0.0499556 0.0835544 -0.0229762
275 1 0.0572994 0.904802 0 0.00018455 0.00088734 0 0.011004 0.0946834 -0.021485 35 -0.0437849 0.0827626 -0.0249581
276 1 0.0955329 0.905746 0 0.000168096 0.000896374 0 0.0176425 0.0977314 -0.0215779 42 -0.0400682 0.0812871 -0.025837
277 1 0.133923 0.906411 0 0.000153151 0.00090336 0 0.0223052 0.0990286 -0.0214509 47 -0.0368791 0.0792783 -0.0264479
278 1 0.17246 0.906855 0 0.000140114 0.000908977 0 0.0267582 0.100183 -0.0208568 48 -0.0337294 0.0771602 -0.0263602
287 1 0.0157246 0.946722 0 0.0001641 0.000906316 0 0.00401936 0.0893064 -0.0265916 27 -0.0471868 0.0838424 -0.0309487
288 1 0.0538747 0.947897 0 0.000146437 0.000916674 0 0.0177874 0.0960637 -0.0268376 34 -0.0398534 0.0813734 -0.0325293
289 1 0.0922613 0.948752 0 0.0001306 0.000926498 0 0.0238121 0.0969553 -0.0262085 41 -0.0353257 0.0779389 -0.032565
290 1 0.130862 0.949315 0 0.000118237 0.00093187 0 0.0282911 0.0966929 -0.0253282 46 -0.0312945 0.0742719 -0.0322364
291 1 0.169649 0.949666 0 0.000107133 0.000935397 0 0.0327403 0.0969678 -0.0240388 47 -0.0275424 0.0710771 -0.0312132
300 1 0.0116752 0.989879 0 0.000120017 0.000939582 0 0.0118554 0.0919328 -0.0332312 24 -0.0432298 0.083673 -0.0404736
301 1 0.0499599 0.990873 0 0.000103569 0.000948549 0 0.028266 0.099045 -0.032525 30 -0.0337686 0.0794687 -0.0410715
302 1 0.0885777 0.991543 0 9.12869e-05 0.000953599 0 0.0338958 0.0981167 -0.0307759 36 -0.0283637 0.0740871 -0.0396585
303 1 0.127477 0.991946 0 8.08e-05 0.000957523 0 0.0374305 0.0960633 -0.0287473 41 -0.0239237 0.0688882 -0.0377269
304 1 0.166585 0.992176 0 7.35414e-05 0.000960715 0 0.0410823 0.0952577 -0.0265549 42 -0.0200877 0.0648775 -0.0353701
313 1 0.00712949 1.03301 0 7.18925e-05 0.000970219 0 0.0187313 0.094206 -0.0409092 20 -0.0398246 0.0845425 -0.0515204
314 1 0.0455635 1.03364 0 5.74435e-05 0.000974188 0 0.0450181 0.107016 -0.0382433 25 -0.0251753 0.0786225 -0.0501257
315 1 0.0845607 1.03401 0 4.74415e-05 0.000978074 0 0.048776 0.103664 -0.0349218 30 -0.0196661 0.0713836 -0.0464919
316 1 0.123888 1.03421 0 4.20974e-05 0.000979502 0 0.0500927 0.0993954 -0.0315395 34 -0.015615 0.0649464 -0.0425193
317 1 0.163401 1.03431 0 3.72738e-05 0.0009808 0 0.0516233 0.0969232 -0.0283782 35 -0.0124835 0.060375 -0.0386224
326 1 0 1.07629 0 0 0.001 0 0.0892241 0.140681 -0.0507461 16 -0.00919908 0.0893248 -0.0696788
327 1 0.04 1.07629 0 0 0.001 0 0.0713931 0.121582 -0.0448425 20 -0.0123473 0.0788846 -0.061064
328 1 0.08 1.07629 0 0 0.001 0 0.0637383 0.109305 -0.0388719 24 -0.0108072 0.0688888 -0.0531257
329 1 0.12 1.07629 0 0 0.001 0 0.0609278 0.102069 -0.0338441 27 -0.00829302 0.0615036 -0.0465483
330 1 0.16 1.07629 0 0 0.001 0 0.0599946 0.0982779 -0.0298161 28 -0.00638734 0.0569198 -0.0412048
279 1 0.211128 0.907146 0 0.000128817 0.000911663 0 0.0305022 0.101155 -0.0196676 48 -0.0310407 0.0752467 -0.0252894
280 1 0.249903 0.907333 0 0.000117368 0.000914309 0 0.0336484 0.102099 -0.0180721 48 -0.0288293 0.0736736 -0.0235235
281 1 0.288764 0.907449 0 0.000108345 0.000913814 0 0.0362902 0.103067 -0.0162329 48 -0.0270567 0.072469 -0.0213233
282 1 0.327694 0.907512 0 9.85912e-05 0.000912644 0 0.0384537 0.104038 -0.0142567 48 -0.025692 0.0716146 -0.0188655
292 1 0.208585 0.949883 0 9.83618e-05 0.000936513 0 0.0363048 0.0973696 -0.0222762 47 -0.0245941 0.0685515 -0.0293179
293 1 0.247635 0.950015 0 9.07794e-05 0.000937254 0 0.0392032 0.0979479 -0.0202491 47 -0.0223171 0.0666559 -0.0268995
294 1 0.286771 0.950092 0 8.31581e-05 0.000937492 0 0.0416235 0.0987023 -0.0181038 47 -0.0205593 0.0652938 -0.0242135
295 1 0.325974 0.950131 0 7.69358e-05 0.00093664 0 0.043649 0.0995849 -0.0159161 47 -0.0192231 0.0643726 -0.0214003
305 1 0.20584 0.992306 0 6.65611e-05 0.000962484 0 0.0438075 0.0949461 -0.02418 42 -0.0173467 0.0620244 -0.0325176
306 1 0.245194 0.99238 0 6.20472e-05 0.000963274 0 0.0459582 0.095052 -0.0217706 42 -0.0153691 0.0600457 -0.0294656
307 1 0.284621 0.992419 0 5.69987e-05 0.000962402 0 0.0477886 0.0955007 -0.019408 42 -0.0138935 0.0587028 -0.0263883
308 1 0.324104 0.992436 0 5.31058e-05 0.000962401 0 0.0494128 0.096211 -0.0171155 42 -0.0127698 0.0578317 -0.023353
318 1 0.203015 1.03436 0 3.477e-05 0.000980307 0 0.0527349 0.0955823 -0.0254488 35 -0.0104452 0.0574029 -0.0348386
319 1 0.242689 1.03439 0 3.16229e-05 0.000981158 0 0.0536942 0.0950453 -0.0227468 35 -0.00906626 0.0554858 -0.0312567
320 1 0.282404 1.03439 0 3.02289e-05 0.000980658 0 0.0546494 0.0950709 -0.0202514 35 -0.00806397 0.054254 -0.0279013
321 1 0.322153 1.03439 0 2.81069e-05 0.000980647 0 0.0556533 0.0955008 -0.0179285 35 -0.00728944 0.0534893 -0.0247512
331 1 0.2 1.07629 0 0 0.001 0 0.0596547 0.0963912 -0.0264847 28 -0.00522009 0.0542093 -0.0367051
332 1 0.24 1.07629 0 0 0.001 0 0.0596814 0.0956072 -0.0236105 28 -0.00446632 0.0525824 -0.0327796
333 1 0.28 1.07629 0 0 0.001 0 0.05998 0.0954963 -0.0210667 28 -0.00392873 0.0516039 -0.0292837
334 1 0.32 1.07629 0 0 0.001 0 0.0604958 0.0958343 -0.0187805 28 -0.00350754 0.0510468 -0.0261308
283 1 0.366675 0.907533 0 8.94286e-05 0.000910803 0 0.0399871 0.10487 -0.0121974 48 -0.0247812 0.0710802 -0.0162412
284 1 0.405689 0.907517 0 7.98616e-05 0.000906319 0 0.0403684 0.105169 -0.0100573 48 -0.0245342 0.0708268 -0.013456
285 1 0.444706 0.90747 0 7.02967e-05 0.00090073 0 0.0388072 0.104339 -0.00780651 48 -0.0252662 0.0707919 -0.0104632
286 1 0.483669 0.907426 0 5.90911e-05 0.000898194 0 0.0352473 0.102255 -0.00546517 48 -0.0269464 0.0708939 -0.00730751
296 1 0.365229 0.950141 0 7.06537e-05 0.000934561 0 0.0451447 0.100437 -0.013707 47 -0.0183283 0.0638244 -0.0185077
297 1 0.404517 0.950125 0 6.37979e-05 0.000933999 0 0.0455439 0.100825 -0.0114516 47 -0.0180993 0.0635926 -0.0155041
298 1 0.443808 0.950089 0 5.70715e-05 0.000933241 0 0.0439495 0.100069 -0.00909707 47 -0.0188935 0.0635965 -0.0123139
299 1 0.483036 0.95006 0 4.84354e-05 0.000930003 0 0.0402486 0.0979637 -0.00663572 47 -0.0206847 0.063718 -0.0089472
309 1 0.36363 0.992436 0 4.89339e-05 0.000961289 0 0.0507169 0.0970161 -0.014874 42 -0.0119923 0.0573307 -0.0203488
310 1 0.40319 0.992422 0 4.56448e-05 0.00095903 0 0.0511347 0.0974754 -0.0126243 42 -0.0117795 0.0571255 -0.0172944
311 1 0.442755 0.992401 0 4.10991e-05 0.000956031 0 0.0497197 0.0968694 -0.0102762 42 -0.0125108 0.057123 -0.0140617
312 1 0.482259 0.992389 0 3.61061e-05 0.000955211 0 0.0462787 0.0949482 -0.0077818 42 -0.0142007 0.0572105 -0.0106048
322 1 0.361931 1.03439 0 2.67916e-05 0.000979691 0 0.056597 0.096156 -0.0157256 35 -0.0067225 0.0530637 -0.0217435
323 1 0.401737 1.03438 0 2.4807e-05 0.00097978 0 0.0569967 0.0966419 -0.0135489 35 -0.00653773 0.0528844 -0.018746
324 1 0.44156 1.03436 0 2.34867e-05 0.000979302 0 0.0559833 0.0962796 -0.0112525 35 -0.00707359 0.0528374 -0.0155508
325 1 0.48134 1.03436 0 2.14992e-05 0.000978465 0 0.0532911 0.0948031 -0.00874069 35 -0.00839766 0.0528379 -0.0120389
335 1 0.36 1.07629 0 0 0.001 0 0.0611133 0.0964418 -0.0166953 28 -0.00318694 0.0507815 -0.0232466
336 1 0.4 1.07629 0 0 0.001 0 0.0614757 0.0969981 -0.0147239 28 -0.00307631 0.0507004 -0.0205067
337 1 0.44 1.07629 0 0 0.001 0 0.060971 0.096988 -0.0126866 28 -0.00338868 0.050669 -0.0176557
338 1 0.48 1.07629 0 0 0.001 0 0.0593434 0.0960998 -0.0103225 28 -0.00415291 0.0505281 -0.0143377
612 2 0.522498 0.907415 0 4.52704e-05 0.000896392 0 0.0629022 0.200064 -0.00627876 48 -0.0287529 0.0710781 -0.00418162
613 2 0.56127 0.907408 0 3.07806e-05 0.000894017 0 0.0580964 0.197538 -0.00177811 48 -0.0299736 0.071353 -0.00119292
614 2 0.600008 0.907403 0 1.67908e-05 0.000891819 0 0.0558316 0.196707 0.00261667 48 -0.0306515 0.0716854 0.00169528
615 2 0.63873 0.907394 0 2.7414e-07 0.000890079 0 0.0548039 0.196675 0.00694791 48 -0.0310695 0.0720627 0.00451684
625 2 0.52212 0.950051 0 3.85349e-05 0.000927024 0 0.0726247 0.191327 -0.00825897 47 -0.0225732 0.063872 -0.0055345
626 2 0.561147 0.950061 0 2.69424e-05 0.000925936 0 0.067832 0.188746 -0.00328155 47 -0.0237795 0.0640803 -0.00218552
627 2 0.600142 0.950069 0 1.41601e-05 0.000924161 0 0.0658686 0.187976 0.00165305 47 -0.0243555 0.0643238 0.00110176
628 2 0.639128 0.950072 0 2.27344e-06 0.000923653 0 0.0652931 0.188081 0.00659959 47 -0.0246331 0.0646167 0.00437714
638 2 0.521617 0.992382 0 2.84162e-05 0.00095451 0 0.085247 0.185626 -0.0103395 42 -0.0159618 0.0572972 -0.00700505
639 2 0.560919 0.992406 0 2.01848e-05 0.000954063 0 0.0809812 0.183218 -0.00498073 42 -0.0170054 0.0573805 -0.00335384
640 2 0.600198 0.992424 0 1.20508e-05 0.000953176 0 0.0795067 0.1825 0.000431747 42 -0.0173964 0.0574665 0.000303221
641 2 0.639481 0.992431 0 2.76733e-06 0.000952295 0 0.0794233 0.182667 0.00592204 42 -0.0174915 0.0576224 0.00400062
651 2 0.520978 1.03438 0 1.69316e-05 0.000977873 0 0.100866 0.186297 -0.0121904 35 -0.00977549 0.0528401 -0.00835964
652 2 0.56057 1.03441 0 1.22381e-05 0.000977645 0 0.097659 0.184387 -0.00656223 35 -0.0105213 0.0527883 -0.00448358
653 2 0.600161 1.03442 0 6.92653e-06 0.000977199 0 0.0966762 0.18369 -0.00073537 35 -0.0107125 0.0527037 -0.000493181
654 2 0.639768 1.03443 0 2.3711e-06 0.000977506 0 0.0968558 0.183776 0.00522033 35 -0.0106743 0.0527272 0.00358031
664 2 0.52 1.07629 0 0 0.001 0 0.114788 0.18956 -0.0149585 28 -0.00494999 0.0502084 -0.0103649
665 2 0.56 1.07629 0 0 0.001 0 0.112184 0.187445 -0.00861991 28 -0.00537516 0.0498093 -0.00596266
666 2 0.6 1.07629 0 0 0.001 0 0.111201 0.186383 -0.00205268 28 -0.00545462 0.0495149 -0.00141553
667 2 0.64 1.07629 0 0 0.001 0 0.11118 0.186116 0.00451488 28 -0.00539694 0.0494222 0.00312972
616 2 0.677439 0.90737 0 -1.52625e-05 0.000888416 0 0.0538716 0.19676 0.0112047 48 -0.0315016 0.0725234 0.00726125
617 2 0.716128 0.907321 0 -3.31293e-05 0.000886674 0 0.0523773 0.196665 0.0153319 48 -0.0321312 0.0731348 0.00988184
618 2 0.754784 0.907233 0 -4.85037e-05 0.000884917 0 0.0499556 0.196291 0.0192273 48 -0.0330774 0.0739617 0.0122946
619 2 0.79339 0.90709 0 -6.70485e-05 0.000881324 0 0.0463492 0.195574 0.022726 48 -0.0344235 0.0750439 0.0143672
629 2 0.678109 0.950061 0 -1.07452e-05 0.000921759 0 0.064841 0.188353 0.011564 47 -0.024933 0.0650273 0.00764596
630 2 0.717075 0.95003 0 -2.28498e-05 0.000920314 0 0.0638065 0.188515 0.0165089 47 -0.0254664 0.0656502 0.0108738
631 2 0.756012 0.94997 0 -3.79359e-05 0.00091852 0 0.0617978 0.188514 0.0213589 47 -0.0263787 0.0665848 0.0139918
632 2 0.794899 0.949867 0 -5.19712e-05 0.000916401 0 0.0584872 0.188344 0.0259828 47 -0.0278015 0.067928 0.0168834
642 2 0.678768 0.992429 0 -6.15125e-06 0.000951991 0 0.0794892 0.183063 0.0114883 42 -0.0176202 0.0579345 0.00774118
643 2 0.718049 0.992414 0 -1.59763e-05 0.000951133 0 0.0790675 0.18346 0.0171153 42 -0.0179821 0.0584997 0.0115066
644 2 0.757311 0.992381 0 -2.49286e-05 0.000950592 0 0.0778337 0.183865 0.022783 42 -0.0187157 0.0594305 0.0152663
645 2 0.796532 0.992321 0 -3.51276e-05 0.000948837 0 0.0754691 0.184353 0.0284477 42 -0.0199768 0.0608695 0.018963
655 2 0.679387 1.03443 0 -2.73005e-06 0.000976804 0 0.0972316 0.184174 0.0112603 35 -0.010677 0.0529453 0.00771015
656 2 0.719009 1.03442 0 -7.40575e-06 0.000976241 0 0.0973733 0.184757 0.0173893 35 -0.0108659 0.0534389 0.0118937
657 2 0.758622 1.03441 0 -1.25231e-05 0.000975881 0 0.0971196 0.185623 0.0236567 35 -0.011339 0.0543139 0.0161529
658 2 0.798213 1.03439 0 -1.81219e-05 0.0009752 0 0.0963161 0.18699 0.0301358 35 -0.0122303 0.0557425 0.0205174
668 2 0.68 1.07629 0 0 0.001 0 0.111491 0.186297 0.0110459 28 -0.00536634 0.0495625 0.00765045
669 2 0.72 1.07629 0 0 0.001 0 0.11185 0.186795 0.0176113 28 -0.00544604 0.0499652 0.0121925
670 2 0.76 1.07629 0 0 0.001 0 0.112221 0.187731 0.0243434 28 -0.00568987 0.0507107 0.0168412
671 2 0.8 1.07629 0 0 0.001 0 0.112653 0.189438 0.0314334 28 -0.00618147 0.0519697 0.0217177
620 2 0.831928 0.906865 0 -8.55744e-05 0.000878327 0 0.041326 0.194377 0.0255879 48 -0.0362195 0.076368 0.0159124
621 2 0.870377 0.906524 0 -0.000105815 0.00087331 0 0.0346723 0.192403 0.027536 47 -0.0384563 0.0778227 0.0167257
622 2 0.908721 0.906022 0 -0.000126446 0.000868217 0 0.0271897 0.189727 0.0287294 42 -0.0408122 0.0791591 0.0169946
623 2 0.94695 0.905322 0 -0.000148377 0.00086086 0 0.0160643 0.183891 0.0294693 35 -0.0437079 0.080077 0.0170051
624 2 0.985057 0.904429 0 -0.000172424 0.000853015 0 -0.00626202 0.169817 0.0291774 28 -0.0487123 0.0805097 0.0162004
633 2 0.833712 0.949696 0 -6.72187e-05 0.000914915 0 0.0534837 0.187938 0.0301556 47 -0.0298712 0.0697564 0.0193575
634 2 0.872415 0.949422 0 -8.36617e-05 0.000911006 0 0.0463587 0.187104 0.0335565 46 -0.0326956 0.0720817 0.021154
635 2 0.910976 0.948991 0 -0.000101971 0.000906758 0 0.0385031 0.186478 0.0362365 41 -0.0358546 0.0747257 0.0223724
636 2 0.94937 0.948349 0 -0.000122597 0.000900472 0 0.0273241 0.183332 0.0383563 34 -0.0395896 0.0771571 0.0232176
637 2 0.987578 0.947479 0 -0.000144392 0.00089327 0 0.00233543 0.169842 0.0389766 27 -0.0458841 0.0788617 0.0228463
646 2 0.835683 0.992216 0 -4.65766e-05 0.000947343 0 0.0714714 0.18496 0.0339958 42 -0.0219856 0.0629969 0.0224739
647 2 0.874722 0.992034 0 -5.89602e-05 0.000944603 0 0.0651218 0.185626 0.0392072 41 -0.0250169 0.0660054 0.0255836
648 2 0.913591 0.991722 0 -7.34967e-05 0.000942256 0 0.0581115 0.187512 0.0440629 36 -0.0286676 0.0698853 0.028309
649 2 0.952225 0.991214 0 -9.03653e-05 0.000937102 0 0.0463712 0.186535 0.0482399 30 -0.0333706 0.0738632 0.0304859
650 2 0.990582 0.990464 0 -0.00011091 0.00093112 0 0.014511 0.170676 0.0505223 24 -0.0419147 0.076902 0.0309823
659 2 0.837762 1.03435 0 -2.41846e-05 0.000975385 0 0.0946306 0.189155 0.0369003 35 -0.013774 0.0580012 0.0249992
660 2 0.877229 1.03427 0 -3.12707e-05 0.000973592 0 0.0914178 0.192412 0.0439989 34 -0.0163374 0.0614805 0.0295637
661 2 0.916535 1.03411 0 -4.0015e-05 0.000972595 0 0.0876061 0.197702 0.0513728 30 -0.0197875 0.066356 0.0341488
662 2 0.955551 1.03384 0 -5.25383e-05 0.000970347 0 0.0784349 0.200403 0.0583956 25 -0.024697 0.0718088 0.0383047
663 2 0.994067 1.03334 0 -7.04035e-05 0.000967132 0 0.027016 0.172908 0.0639732 20 -0.0382226 0.0761409 0.0404897
672 2 0.84 1.07629 0 0 0.001 0 0.113225 0.19253 0.0391713 28 -0.00708394 0.0540687 0.0269996
673 2 0.88 1.07629 0 0 0.001 0 0.114104 0.198086 0.0480394 27 -0.00867462 0.0575918 0.0329752
674 2 0.92 1.07629 0 0 0.001 0 0.117292 0.208447 0.0585776 24 -0.0108367 0.0632226 0.0399893
675 2 0.96 1.07629 0 0 0.001 0 0.128657 0.226953 0.0705583 20 -0.0120737 0.0708164 0.0480326
676 2 1 1.07629 0 0 0.001 0 0.159536 0.258613 0.081957 16 -0.00887907 0.0787829 0.0562548
